#Number of photons observed douring the burst: 13249
#Average flux [c/s]: 1957.594562647754
#Average variability: 0.4307976804570364
#GRBbn200716957 temporal parameters: 
#                                   T_detection(MET)= 616633066.180458 s
#                                   T_start= -0.65 s
#                                   T_end= 6.118 s
#                                   CCF campionation= 1e-6 s
#                                   Fit amplitude= 0.05 s
#                                   Used detector= 1 GBM
#                                   Variable bin size= 10 ph/bin
0.00145552
0.00060659
-0.005378
-0.00174789
-0.00578006
0.00087053
-0.00384679
-0.00358192
0.00255511
-0.00128397
-0.0021838
-0.00155218
0.00357418
0.00549892
-0.00389147
-0.00276237
0.00838687
-0.00317388
0.00027599
0.0006824
-0.00383537
-0.00212646
0.00106113
0.00404096
0.00197102
-0.00231478
-0.00124209
-0.00050297
-0.00275884
-0.00437181
-0.00127308
-0.00506088
-0.00405691
0.00265022
-0.00053738
-0.0006847
0.00065951
0.00026479
-0.00260343
0.00041927
-0.00015523
-0.00335914
0.00075932
0.00289851
-0.00164074
-0.00259919
0.0036327
-0.00013986
0.00260818
0.00285647
-0.00158152
0.00077271
0.00021383
-0.0025865
-0.00267411
0.00238832
-0.00405141
-0.00106793
-0.00710643
-0.00127544
0.00275777
0.00115919
0.00532199
-0.00321316
-0.00966158
0.00561234
-0.0013307
0.00228592
0.00243402
-0.00417258
0.00076756
-0.00355288
-0.00034099
-0.00454239
-0.00314158
3.13e-06
-0.00011396
0.00331211
0.00390918
0.0005805
-0.00536497
0.00024593
-0.00382801
0.00368977
-0.00285297
-0.00375364
0.00143823
6.153e-05
-0.00298437
-0.00365672
-0.00754127
0.00027714
-0.00054084
-0.00617296
0.00257111
0.00506505
-0.00318098
-0.00290127
-0.00428003
5.349e-05
-0.00343921
0.00066683
-0.00303319
0.00614164
0.00137121
-0.00059526
0.00182844
-0.0082703
-0.00104036
-0.00740614
0.00501973
0.00153048
0.00351524
-0.00161051
-0.00328544
-0.00088621
-0.00395209
0.00128321
-0.00150659
-0.00011827
0.00192493
0.00054361
-0.00108252
-0.00408123
-0.0011122
0.00302833
3.669e-05
-0.00637852
0.00120301
-0.00413741
-0.0014815
0.00345113
0.00230731
-0.00433978
0.00544356
-0.00204176
0.00235037
0.00239962
0.00505074
-0.00469512
0.00720185
-0.0037206
-0.0029401
0.00776457
0.00239409
0.00044196
-0.00329082
0.00663031
-0.00143919
0.0087236
0.00176097
-0.00162143
-0.00596296
-0.00424628
-0.00242536
-0.00183278
-0.00116203
0.0051878
-0.00332483
-0.00654548
0.00089683
0.00645299
0.00107721
0.00287475
-0.00240867
-0.00607934
-0.00240738
-0.00050714
0.00082501
0.00650236
0.00120172
0.00256848
0.00537811
0.00817816
0.00564162
0.00029675
0.00055828
0.00385717
0.00283015
0.00248871
-0.0004395
-0.00254132
0.00656277
-0.00211903
-0.00107233
-0.00075091
0.0007796
-0.00302156
0.00072531
0.00102515
0.00087089
0.00282683
0.00134921
0.00415776
0.00016598
-0.00869915
0.00195679
0.00973417
0.00397923
0.00078218
-0.00414407
-0.00019057
0.00033772
-2.031e-05
0.003335
-0.0064581
0.00525293
-0.00345397
0.00117474
-0.00228165
0.00624142
0.0019222
0.00765804
-0.0025641
0.00133299
-0.00199596
0.00312828
0.00518469
-0.00188672
0.00054234
-3.841e-05
0.00170702
-0.00019172
-0.00021517
0.00381264
-0.00082763
-0.00368802
-0.00364304
-0.00948486
0.00298883
-0.00136925
2.556e-05
-0.00619889
0.00673224
5.559e-05
-0.00223161
-0.00371036
0.00704081
0.00145351
0.00231689
0.00602764
-0.00196475
0.00455817
-0.00389803
0.00017256
0.00117044
0.00861127
0.00292932
0.00300507
-0.0086009
-0.00115149
-0.0050817
0.00125901
-0.00184187
-0.0062232
-0.00254865
-0.00798592
0.0067632
0.00135435
0.00150948
0.00029592
0.00378117
-0.00141773
-0.0036733
0.00271996
0.00270421
-0.00258675
-0.00350076
0.00034048
0.00387264
2.238e-05
0.00079012
-0.0021552
0.00456385
-0.00262869
-0.00354864
0.00526133
0.00540177
0.00457959
-0.00202847
-0.00315479
-0.00292558
0.00457382
0.00056881
-0.00271087
-0.00016743
-0.00566874
0.00169114
0.00378831
0.00637145
0.00487003
0.00323831
0.00112945
0.00400353
-0.00435432
-0.00248709
0.00245759
-0.00424924
-0.00051927
0.00202547
0.00531229
0.00330713
0.00225486
-0.00363915
0.00455943
-7.777e-05
-0.00385544
-0.00158006
0.00143695
0.00035217
0.00295011
-0.0027728
-0.00154872
0.00157001
0.00291061
0.00594495
0.00270887
0.00233621
-0.00344094
0.0007006
-0.00229876
0.00109598
-0.00144161
-0.00148625
0.00516601
-0.00511781
0.00034218
0.00471563
-0.00347847
-0.00083944
-0.00431937
-0.00122799
-0.00629431
-0.00340007
-0.00278942
0.00018705
-0.00644802
0.00492835
0.00045014
0.00206337
0.00846672
-0.00108596
6.737e-05
-0.00521614
0.00095438
0.00100448
0.00297047
-0.00766804
0.00216904
0.00458433
0.00403757
0.00150867
-0.0003047
0.00591999
-0.00426722
0.001486
-0.00637059
0.00130473
0.00714541
0.00234172
0.00298165
-0.00063743
0.00053997
-0.0083829
-0.00084955
0.00646198
-0.00701679
0.00368841
0.00399564
0.00266418
-0.00308262
0.00680598
-0.00134463
-0.00348943
0.00208726
0.00322638
0.00579046
8.22e-05
-0.00071761
-0.00060577
-0.00293893
0.0030449
0.00096129
-0.00355617
-0.00547556
-0.0004592
0.00239055
8.875e-05
0.00673857
-0.00036463
-0.00410011
0.00874996
-0.00310529
-0.00365658
-0.00077267
-0.00010287
0.00588405
-0.00329785
-0.00113636
0.00637254
0.0003549
0.00681136
0.0037363
-0.00500654
-0.00139087
0.001996
0.01099352
0.00596123
0.00192258
-0.00373668
6.671e-05
0.00146859
-0.00362807
-0.00240544
-0.00778685
-0.00272031
-0.00024085
0.0045215
0.00398085
-0.00389257
0.00126715
0.00403609
0.00159799
-0.00021908
-0.00099929
-0.00680977
0.00084059
0.00584476
0.00329997
-0.00609988
0.00121546
0.00197337
-0.00047818
0.00397735
-0.00086494
-0.00078048
-0.00138171
0.00318039
0.00193555
-0.00262968
-0.00126031
0.00275738
-0.00280963
-0.00016414
-0.00226663
-0.00182234
-0.00152217
0.0032165
-0.00051164
-0.0011159
0.00135123
0.00089946
-0.00501824
-0.00420411
0.00782799
0.00278781
-0.00210003
-0.00242922
-0.00278072
-0.00321604
-0.00067304
0.00603498
0.00175955
0.0061036
-0.00192044
0.00054887
0.00118943
0.00432453
0.00471457
0.00632109
-0.00219417
-0.00120872
0.00130368
-0.0017776
-0.00079815
-0.00295164
-0.00074236
0.00149528
0.00278862
-0.00159309
-0.00350751
0.00014146
0.00260559
0.00096081
0.00448528
4.588e-05
-0.00089376
0.0026335
0.00773488
-0.00156488
-0.00086036
0.00014098
0.00758088
-0.00718882
-0.00342589
-0.00412422
0.00395215
-0.00172942
0.00084171
-0.00280004
0.00162019
-0.00094809
2.09e-06
-0.00296846
0.00062595
0.00300232
0.00653704
-0.00035867
-0.00204144
0.00505301
0.00552616
0.00619414
0.00047633
0.00013239
-0.00297695
0.0010475
0.00433786
-0.00251154
-0.00289896
-0.00239203
-0.00486516
-0.00327794
0.00121847
0.00392981
-0.00420169
-0.00633565
0.00675002
0.00034789
0.00344372
-0.00423179
-0.00844457
-0.00758092
-0.00142594
-0.00444839
0.00254448
0.00235743
-0.00620728
0.0023968
0.00292374
-0.00013043
-0.00689115
0.00549955
0.00075833
0.00345169
-0.00547847
-0.01047617
-0.00399771
-0.00147168
-0.00062652
0.00507168
0.00053436
0.00119253
-0.00196019
-0.0024181
0.00144741
0.00361317
0.00369727
0.00315845
-0.00455636
0.0103229
0.00485277
-0.00036074
-0.00121163
-0.00276229
0.00261457
-0.00467483
-0.00454125
-0.00536373
-0.00124821
0.01041391
0.00353828
-0.0019077
-0.00072735
-0.00036779
-0.00203214
-0.00048423
0.00092288
-7.341e-05
0.00125135
5.94e-05
0.00127142
-0.00021193
-0.00603265
0.00321303
0.0063765
0.00215307
-0.00472597
0.00847151
-0.00298974
0.00238891
-0.00048524
-0.00224085
-0.00245462
0.0020019
0.00260328
-0.00486647
-0.00183374
-0.00394022
0.0036507
0.00626773
0.00405177
0.00116666
0.00461499
0.0009474
0.00099861
0.00257672
0.00064381
-0.00372091
-0.00875078
-0.00555897
-0.00700955
0.00095226
0.00375934
0.0003124
-0.00444338
-0.00586518
-0.00552394
-0.00049312
0.00129098
0.00356928
-0.00503407
0.00398097
-0.00820844
0.00080569
-0.0063164
0.00085589
-0.00129468
-0.00067447
0.00064949
0.00167271
0.00064656
0.00416784
-0.00502195
0.00280475
0.00285599
-0.00217976
0.00507352
0.00105123
0.00539872
-0.00119873
-0.00514536
-0.00029481
-0.00134107
-0.00016575
-0.00310275
0.00153159
-0.00130913
-0.00152666
0.00325168
0.00977187
0.0005525
-0.00542522
-0.00198399
-0.0025903
0.0010054
0.00498307
0.00070292
0.00144262
-0.0013087
0.00262437
0.00420192
-0.00383453
-0.00161987
-0.00198602
-0.00182945
-0.00110972
0.000228
-0.00043636
-0.00375782
-0.00039752
0.00345041
0.00699956
0.00209702
-0.00390648
-0.00094221
-0.00024856
0.00210734
-0.00082604
0.00178485
-0.00578034
0.00010707
-0.00038709
-0.00156102
0.00246187
0.00642837
-0.00031827
0.00806011
-0.00590547
-0.00132816
-0.00258651
0.00145328
-0.00157309
0.00235733
0.00662943
-0.00193245
-0.00239054
-0.00016033
0.00582195
0.0043831
-0.00669889
0.001209
-0.00292714
-1.917e-05
0.00410202
-0.0051217
-0.00330353
0.00340798
-0.00212739
0.00656174
0.0010864
0.00272801
0.00498096
0.00195468
0.00203247
-0.00236749
0.00335434
-0.00386699
0.00580596
0.002437
-0.00285186
-0.00593639
0.00254933
0.00106566
0.00446754
0.00614536
-0.0008502
-0.00186017
-0.00860919
0.00011414
0.00713606
0.00302775
-0.00238038
0.0025658
-4.309e-05
-0.00113708
-0.00286545
0.0046532
0.00093296
-0.00436105
0.00413969
-0.00408413
0.00267605
-0.00364316
-0.00292142
-0.00026826
0.00267914
0.00352695
0.00590938
-0.00404826
-0.00292637
-0.00084534
0.00327108
0.00012163
0.00270173
-0.000132
0.00312884
-0.00405158
-0.00192809
0.004969
0.00229124
-0.00527953
-0.00391745
8.955e-05
-0.00366033
0.00104826
0.00245433
-0.0055655
0.00043991
-0.00208012
-0.00017131
-0.00048545
-0.00026834
0.00413864
-0.00307094
-0.00356521
0.00187008
0.00141984
-0.00052124
0.00209405
0.00194392
-0.0018879
0.00423907
-0.00149958
-0.00099991
0.00341378
0.00191449
0.0012092
0.00283709
0.00230421
0.00423429
-0.00183352
-0.00182842
0.00108832
-0.00175922
-0.0001537
-0.00466598
0.00482872
0.00316803
0.00168166
0.00218934
7.67e-05
-0.00387405
0.00335244
-0.00287675
-0.00256828
-0.00612773
-0.00077229
-0.00369553
5.158e-05
-0.00464443
0.00141565
0.00652688
0.00392151
0.0007826
0.00295665
-0.00283138
0.00138319
0.00045679
-0.00191345
0.00158104
0.00362393
-0.00087797
-0.00027973
-0.00152354
0.00403618
0.00632948
0.00933807
-0.00065551
-0.00232271
-0.00760618
0.0047448
-0.00036792
0.00024995
0.00198725
-0.00247051
0.00380076
-0.00271187
0.00747487
0.01100491
-0.00397941
-0.00522616
-0.00156762
-0.00015427
0.00236176
0.00362243
-0.00046936
-0.00634487
0.00330312
0.00112835
0.00888177
-0.00129708
0.00274987
0.00307202
-0.00513514
-0.00253303
0.00246418
0.0020898
0.00265082
-0.00400436
-0.00767464
0.0013256
-0.00465607
-0.00139874
0.00556863
0.00242914
0.00725662
0.00538138
0.00050311
-0.0033556
-0.00087737
0.00117028
0.00617849
-0.00265169
0.00320035
-0.00434694
-0.00505189
0.00229999
-0.00312307
-0.00593287
0.00519163
0.00165347
-0.00066852
-0.00166038
-0.0015329
0.00630121
0.00108968
-0.00366659
0.00352745
0.00101685
0.00345438
0.00358556
0.00458238
0.00040549
0.00154276
0.00423877
-0.00509851
0.00217076
-0.00295169
0.00409785
0.001803
0.00120304
0.00491431
0.00251542
0.00104529
-0.00455768
-0.00129738
0.00094811
-0.00274077
0.00043829
0.00276206
0.00468871
0.00226714
0.00489228
0.00234727
0.00331776
-0.0039636
0.0027853
-0.0005274
0.00199854
0.00425115
0.00401191
-0.00171457
-0.00049423
0.00247793
0.00686071
0.00056292
-0.00190528
-0.00424342
-0.00013973
-0.00500414
0.00060813
-0.00039714
-0.0012469
-0.00465268
0.00242973
-0.00181215
0.00334005
-0.00443143
-0.0042397
-0.00041068
0.00033994
0.00482365
-0.00137049
0.00247452
0.00023297
0.00237383
-0.00583084
-0.00334195
0.00089882
-0.0006719
-0.0032666
0.00195568
0.00111558
-0.00144798
-0.00016821
0.00105065
0.00408918
0.00379071
0.00132613
-0.00595743
-0.00017683
-0.00161336
0.00314698
0.00190176
-0.00157531
0.00197239
-0.00736415
-0.00257414
0.00279673
0.00022877
0.00487068
-0.00762524
-0.00093488
-0.00277771
0.0020449
0.00033987
-0.00085717
-0.01066418
-0.00443297
-0.0054975
-0.00452806
0.0003801
-0.0006273
0.00138686
0.00139512
0.00105076
0.00319204
-0.00269966
-0.00808712
0.0040673
-0.00640925
0.0095861
0.00804952
0.00227409
0.00718674
0.00290563
-0.00266483
-0.00154353
0.00294744
-0.00148956
