#Number of photons observed douring the burst: 94542
#Average flux [c/s]: 425.9051531901667
#Average variability: 0.021129261418728326
#GRBbn100614498 temporal parameters: 
#                                   T_detection(MET)= 298209445.306156 s
#                                   T_start= -174.657 s
#                                   T_end= 47.32199999999999 s
#                                   CCF campionation= 1e-4 s
#                                   Fit amplitude= 1.5 s
#                                   Used detector= 11 GBM
#                                   Variable bin size= 10 ph/bin
-1.03703296
0.17604679
-0.13100973
0.19310358
0.24493517
-0.14873475
0.12306543
-0.06758738
-0.06415617
-0.12565741
0.78941964
-0.27496505
-0.17113835
1.80052499
0.31874319
0.17445285
0.07524759
0.04373628
-1.08476951
-0.11365895
-0.17626974
-0.55457381
-0.24592294
-1.13979566
-1.03645512
0.00090457
-0.28130474
0.25075644
-0.21119484
0.11343917
-0.06436855
-0.10850432
-1.02275623
-0.37329431
0.01494126
0.0990568
0.01393189
1.02717633
0.32264374
#999
-0.01807024
-0.27291487
0.25546595
0.12972005
0.88220217
1.21761921
-0.40290629
3.15028915
0.95113357
-1.13505316
-0.01844692
0.15454771
-0.11047156
0.23627918
0.08123564
0.30398252
-0.09276637
0.3773015
-1.24544766
0.21676056
-0.18220047
-0.14933475
0.22236977
-0.11746292
0.10054043
-0.02966688
-0.06364946
-0.93992381
-0.05279599
-0.0170227
2.35505582
-0.45689758
-0.64725192
-0.09321893
0.06499706
-0.35083404
1.10586161
-0.00831374
0.05545619
-0.20968542
0.02302753
-0.34941309
-1.19731912
0.05123532
-0.0798251
-1.1794405
0.40860854
0.17639815
-0.5926927
0.18689148
0.13638022
1.17594211
-0.27263716
0.50388249
-0.13259998
-1.0929367
-0.51025666
0.00011168
0.09316163
-0.10465428
0.08361968
0.11511755
0.54376306
-0.74585102
0.19860706
0.19664931
0.41399217
0.59184293
-0.01991605
-0.23729293
0.28275787
-0.54181285
-0.42937139
0.04309745
0.15942858
-0.31692668
-0.20822517
0.08563686
-0.01329333
1.02200833
-0.42104545
-0.17482996
-0.53041197
-0.03340372
-0.12483148
0.22112731
-0.3784366
-1.04338332
-0.18710185
0.11544055
1.31477685
-0.08460898
-0.31529055
0.02296932
-1.14142581
1.15063036
-0.28344273
-0.20107002
-0.87317517
-1.57225587
0.3892138
-0.39602131
-0.29983801
-0.10936958
0.11974966
0.01877971
0.10460013
-0.15200272
-0.24394359
0.13244703
0.09280348
-0.39608296
-4.02396521
-1.26201006
0.21502046
-0.77429325
-0.3808506
-0.26257867
-1.19399039
0.52973335
-0.08358879
-0.32589474
-1.32869036
-1.11249091
0.06474271
-0.1773675
-0.10137608
0.03867346
0.18257494
-0.12350843
-0.0940151
-0.08600284
0.34466751
0.0500426
0.00448829
-0.46486629
1.32219848
0.33432992
-1.16498454
-1.05337718
0.13133161
-0.13858956
-0.40854526
-0.52580881
0.14431576
-0.77053426
0.00407478
-0.67874825
0.26680797
0.15890323
-0.02367438
-0.04608227
-0.8903169
0.56514131
-0.0848437
-0.09250971
-1.10977143
0.11141613
0.24167248
-0.21719542
-1.15122022
0.42195054
0.35591196
-0.21405487
0.02368518
1.31285581
0.40301225
0.50501037
-0.02567288
-1.2636822
0.00917761
-0.16257045
0.04401238
-0.521756
1.13326826
-0.11819921
0.02182629
-0.1067887
0.12842691
0.03817013
0.09874776
1.05877688
-0.13630092
0.97835696
0.06095628
0.11054114
-0.72735161
0.13252846
0.19752757
0.21332008
-1.21358781
-0.32778606
0.28100289
0.16868376
-0.21489188
0.45122525
0.28541843
0.26830581
4.84672824
0.47761708
-0.31700345
-0.41411302
-0.10682913
0.14855974
-0.20678192
-0.10412168
-0.31758773
1.09104368
0.15240915
0.22287566
0.38872949
-1.12528888
0.53270374
-0.17820182
0.53209111
#999
0.27751163
-0.04241449
-0.43575414
0.17959683
0.18935088
-0.07773289
-0.32615625
-1.78762723
0.23023098
-0.18813743
-0.03107064
-0.07940922
-1.08139166
-0.03218999
-0.22211667
0.12416105
0.11861138
-0.13352508
-1.42818499
0.11271335
1.39172718
-0.17403929
-0.3006404
0.14397994
0.34491136
1.0446608
-0.2055896
1.00456769
-0.19279734
-0.16700199
0.28611716
-0.06820147
-0.23782711
-0.12561835
0.09242379
-0.14328276
-0.04551759
1.08407281
-1.004976
-0.14970962
-0.11620613
-0.03083454
0.1762108
1.11185888
-1.23632991
0.19793589
1.19763647
0.11116872
-0.09647668
0.28789881
-0.1647044
-0.18420194
-1.19675689
-1.16726239
-0.27100496
0.30933277
-0.23534528
-1.36101676
-0.0723025
1.06040749
-0.32341381
-0.05053164
0.07629324
-0.7321891
-1.10493833
-0.1036786
0.03457902
0.2787281
-0.08410394
0.40601786
0.20386605
-0.00584678
0.29555685
0.26495598
1.02622908
-1.42668126
-0.29338562
-0.30149031
-0.03939296
-0.1141004
0.21453409
#999
0.11713782
0.41044903
-0.13251641
-0.21649584
0.07449972
-1.00890927
0.35127794
0.25543294
-0.21529729
0.05021704
-1.10390027
0.16475405
1.02898326
-26.02303892
0.32876907
0.10712189
1.13046849
0.29960207
-0.14569645
0.08304852
0.26591808
-0.19250191
-0.26088624
-0.09521432
-0.08372781
#999
0.5830498
0.18878706
0.12690131
-0.27615385
-0.08094242
0.12270197
-0.09432877
0.10255869
0.24691487
-0.4999832
0.83994448
-1.12953628
-0.32303068
-0.17208508
0.01607938
-0.22994758
-0.4292321
-0.12837611
0.33854503
0.09640171
-0.55082131
-0.27528776
0.11911482
0.14995072
-1.14976894
-0.04151092
0.25809099
1.25633841
0.29642785
0.03849733
0.388171
-0.87472385
#999
-0.00670907
0.0124244
0.3234711
-0.35654888
0.2852621
0.9273789
-0.30731592
0.33067319
1.10360323
0.75222428
0.09464841
-1.31823322
0.09047222
0.2991744
-1.28810862
0.00099181
0.01614082
-0.35530938
0.02654321
-0.20694066
-0.03639138
-1.09926325
0.10048729
0.05596928
0.22684589
0.87811184
0.34521439
0.17861663
#999
-0.4512999
0.06110067
0.19237528
-0.124761
0.04732377
-0.07839149
0.23541217
-0.12677783
0.22107605
0.17711675
0.06913165
-0.00192299
0.2492216
0.2122794
0.05602986
0.08397297
-0.30759757
-0.11609909
-0.02514746
0.86584291
0.28168249
0.02311204
-0.40580565
-0.17629152
0.13003739
-0.40534828
0.49576048
3.26378579
-0.38840108
-0.0533252
0.22194563
0.02844864
-0.39431578
0.06510948
-0.34041664
0.89883187
-0.04491065
0.16914032
0.28685014
-0.14258543
1.30474219
0.05267426
0.26269795
0.08585904
-0.27566679
-0.49384161
-0.11402302
0.05713496
-0.14137376
0.12262972
0.03069834
-0.06512209
0.17048512
-0.36646983
0.93642165
0.22660292
-1.19028862
-1.1805201
-0.10776107
-0.07846649
0.44630636
-0.1763269
-1.0905849
0.1311231
-0.98299273
0.15167619
-0.05132822
0.175828
-0.83197936
0.45972613
0.24787073
0.22062027
-0.26586283
#999
-0.20656681
0.10705048
0.0439294
-0.06332342
0.00800878
-0.96038491
0.23427539
0.54328932
1.19541517
-0.15648662
0.39375845
-0.00515819
-1.18483843
0.0344451
1.30355585
-0.23962036
-0.0315869
#999
-0.34090428
0.09039092
0.90503943
0.22168469
-0.22577538
-0.28529837
0.13062534
-1.21795312
0.40804865
0.24069475
-0.12643053
0.16352176
-0.15416008
-0.01708845
-0.21262219
0.07750033
0.4588914
-1.24162943
-1.28359438
-0.43700992
-0.24682649
-0.84317735
0.8479772
-0.03856509
0.31858788
-0.14704504
-1.07817961
-0.29579937
0.35932323
-1.11997882
0.0576645
0.29726293
0.95488929
-1.04387081
0.00668673
-0.02645041
-0.10546525
-0.42042786
1.03593778
0.27582875
-0.15141627
-0.13346284
0.25853649
0.94640794
0.33125505
0.82476749
0.23212744
0.0831209
0.74004489
#999
-0.17444755
-1.14241494
-0.19980831
-0.85795062
0.36029847
-1.26851641
-0.27795488
0.07722039
0.11830643
-0.89697445
-0.3671866
-0.34613656
1.33532749
-0.22820714
0.44013645
0.54955161
-0.43247596
0.21731162
-0.44331443
0.85203894
-0.16411656
0.30106161
-0.07702016
-0.2758529
0.44814829
-0.25758345
-0.12440586
0.14307417
-1.14415255
0.22982892
0.01405919
-0.04506598
0.14073315
-1.05857257
-1.33946524
-0.09158036
0.35601468
0.21299683
-1.22832474
1.14303691
-0.30509518
0.06542768
0.23979671
-0.20807075
-0.1598203
-0.14661141
-0.12243004
0.33357541
-0.00627965
-0.31741526
-0.34913356
0.08558878
0.23383206
-0.01443831
-0.32863459
0.36278893
0.1587903
-0.11763673
-0.51228771
-0.17466197
-1.1957733
-0.29505709
0.34626376
-0.27822752
-0.05666674
-0.95130735
-1.12511265
-0.31396145
0.11092525
0.19420786
-1.11294374
-1.10973147
-0.77888214
-1.18610477
-0.22352952
-1.13259613
0.12466505
-0.06306863
-0.15683677
1.05247575
-0.11830641
0.43338088
0.07646329
-0.14339272
0.01104009
-0.43709441
1.01587383
-0.02256403
-0.27719262
0.15096514
-0.0325152
1.44081934
-0.02572328
0.03003982
-0.03572764
1.15637299
-0.16453559
-0.21194843
0.04818962
-0.00623051
-0.01454125
0.00824661
-0.41009028
-0.20334231
0.11357931
-0.99792038
0.82202776
0.11907854
0.21377441
-0.35546089
-0.18859208
-0.20337187
0.13455225
0.14041932
0.13089847
-0.28965942
-0.41688192
-0.53540454
0.23086081
0.28347098
-0.2985029
0.53565593
0.3298169
1.04541292
0.26132152
-0.22931915
-0.05664069
1.17737409
0.10325348
-0.03630699
0.12932707
-1.08612763
-1.10459327
0.02388545
-0.07957837
-0.12336999
-0.06250299
1.10730005
-1.02685568
-0.17904447
0.27674972
-0.05437435
0.02470939
-0.12092392
-0.12654883
0.05115491
-0.08864706
0.78146422
-0.29719535
0.28841141
0.0375705
0.06369734
-0.10472049
0.81881149
-0.29656104
-0.33365174
0.14783892
1.14499866
-0.81242907
-0.02879449
0.29433335
-0.12422032
-1.11905365
1.20573678
-0.03967724
-0.23829375
-0.08313897
0.07017074
-1.07066293
-0.98531243
0.05533473
-0.29127598
-0.35134577
0.30668417
2.00343526
-0.19792634
-0.59865365
-0.28952872
-0.30352074
0.00208356
-1.1687527
-0.03545073
0.33365333
0.00473448
0.1333478
1.13575333
0.33686085
0.0911204
-0.06762487
-0.74260896
0.20407107
0.36275558
0.28552506
0.13132942
0.03585619
0.01256115
0.25987382
-0.24632528
0.10722094
0.61928563
-0.08210532
0.58866369
-0.05478908
-0.1037566
0.10943051
-0.20099927
-0.03136825
0.57374117
0.26007784
-1.19586357
0.27320747
0.16800577
-0.40080198
0.7239209
-0.06562963
0.61946246
0.19327333
-0.31044356
-1.16932152
-0.26604227
0.19293978
0.23811371
-0.80091756
-1.54073392
1.12992597
-0.00309686
0.17870208
-0.88196648
0.21617757
-1.04347734
0.06154078
-0.21256014
-0.17905521
0.02361519
0.11682668
1.34125563
0.0678271
0.11001423
1.33289472
-0.9041068
0.14752882
0.48334258
0.0287194
0.16590299
-0.02884815
1.16209416
-0.10046124
-0.30680836
0.61172873
-0.25604052
0.02345177
0.08547043
1.1791896
-0.04283474
-1.12470808
0.18835019
0.09953075
0.11430193
-0.42815683
0.22747782
1.17902915
-0.05717817
-0.01330095
1.02771634
-0.34324305
0.98362534
0.15427021
-0.09674265
-0.08152524
-0.18771647
-1.1222652
0.78108079
-0.26788475
1.03118058
-0.23676511
-0.15265706
0.0821249
0.39723496
-1.01590131
0.1322032
0.31372499
0.51750689
-0.28037748
0.38498253
-0.03136497
0.13008195
-1.16805654
-0.27595167
-1.09981583
0.09957713
-0.09246468
0.28967997
0.28563147
-0.75658734
-0.38495591
0.32239868
1.06883965
1.15998412
-0.31354396
0.20704164
-0.05475026
-0.40455932
-0.26357095
0.13547739
0.18129601
-0.76321791
-0.64385445
0.00125765
-0.50044798
0.00875945
0.22819106
0.3378848
-0.37764743
-0.17760213
0.09546126
0.20628957
0.21914596
0.90003318
0.11108193
-1.03688112
-0.27473455
-0.21706098
1.09796285
0.26298578
0.01633785
-0.17670488
0.22097353
0.12737515
-0.79959011
0.40409954
1.20433398
-0.56911484
-1.06462126
-0.19878167
0.0150859
-0.27865611
-1.09818559
0.0820018
-1.09570136
-0.0774015
-0.52063463
0.10943359
0.2143941
0.3982449
-0.47971634
1.16032916
-0.06787971
-0.31619432
-123.58465773
-0.20790175
-0.97702085
0.00870773
0.16170681
1.09436187
-0.27199156
0.45565372
0.08249304
1.26397258
-1.17247733
0.16971667
-0.85038367
-1.18558323
0.28583382
0.38403032
0.02045102
-0.92971237
-0.21682213
-0.31033146
0.19509543
0.33634805
0.12364641
-0.21718989
1.00562254
-1.25826256
1.15240425
1.02165554
-0.49680779
0.36263622
-0.47193721
1.0747512
0.36942755
0.21083199
-0.01816147
0.07326236
1.13367536
-0.0197655
-0.30830911
1.19836035
-0.38881107
0.06359025
0.07338118
0.05641648
-0.11570048
0.20934234
-0.02578989
-0.29656285
0.22519231
0.13882234
0.2762422
-0.51771288
-0.03233496
3.30844941
0.88413844
-0.2092988
0.02917038
-0.82573666
-0.04156402
-1.09517637
0.19529749
0.15841789
-0.26755495
0.2347052
-0.15714474
-1.12338277
-0.36317411
0.27089323
#999
0.28241082
1.02351406
-0.91998458
0.17162374
-0.01188665
0.20918063
-1.08298764
0.02118065
0.17192553
0.90562471
-1.15121821
-0.07138199
0.00192278
0.14378906
-0.74917196
