#Number of photons observed douring the burst: 94541
#Average flux [c/s]: 1318.1243417014696
#Average variability: 0.014489059166899987
#GRBbn100614498 temporal parameters: 
#                                   T_detection(MET)= 298209445.306156 s
#                                   T_start= -24.401885986328125 s
#                                   T_end= 47.32199999999999 s
#                                   CCF campionation= 1e-4 s
#                                   Fit amplitude= 24.382350000000002 s
#                                   Used detector= 11 GBM
#                                   Variable bin size= 10 ph/bin
2.46105515
1.21064765
-0.21736684
-1.69742949
1.78360593
-1.61294054
-0.34624286
-0.73159535
0.10190899
1.05072494
1.87313872
-0.11801481
-0.4312465
-1.64320782
0.49979264
-0.74719854
1.38557887
1.45338745
1.57794133
-1.88123105
0.11793757
-0.35576642
-0.00039234
-1.05781785
0.50514394
1.25992116
1.9404311
-0.29878868
-1.23722641
0.35650627
1.64088304
0.11213266
-1.03260569
0.50195649
-0.86457933
0.40608537
1.84844161
-0.29650201
-0.14163462
-0.9094502
-0.17278579
0.58512141
2.5632963
-1.00951066
-0.21021978
-2.28545747
-0.23569131
1.78930289
-0.03646719
0.88608804
1.00421083
-1.37514834
-0.71459156
-0.33201194
1.22001362
-0.11980052
-0.24631182
-0.65391756
1.4948784
-0.45595148
-1.15780111
0.48498682
-0.14831221
-0.20121727
-0.19190153
-0.2503537
-0.24037761
-1.88399101
0.41216888
-0.50703134
-1.7982047
-1.32014858
-2.63536627
1.15282701
0.71307146
-0.85664777
-1.00091132
1.48354124
-1.28217194
-1.50362526
0.20795268
-1.79440275
-2.29955637
-0.39018139
0.51049281
-1.05026297
0.15477491
-0.80805422
1.30996449
-0.39027662
0.94775605
-0.80846412
-0.41794508
-0.71544995
0.99729134
0.7598045
2.68984922
-0.84857597
0.57034738
-1.13372918
-1.7070164
-1.92946784
1.53104381
-0.27912174
-1.3189394
2.3807251
-1.88577104
-0.38776322
1.23474414
1.49664186
1.06387658
0.29765795
2.31208191
-0.39995365
0.23913102
1.01244424
-1.40727908
1.36211566
2.51645082
-2.31630507
1.72129309
3.02706957
0.90094837
-2.25335119
0.6079896
-0.40540615
0.50029478
-0.88701004
1.88426426
2.14953969
0.3476257
-1.83173456
-0.67804847
0.52182051
-3.12168729
0.67852674
1.12033937
1.15376052
1.20031197
-0.40394365
-1.3455105
-2.58897211
-0.42338614
-1.21310339
-0.06639699
-1.60423594
-2.42672876
2.02478554
0.12225706
0.43446834
0.01375064
1.32071834
-0.49237399
-0.42123898
-2.4511028
-1.77393633
0.02069766
-1.03100932
0.69718328
0.40797627
-1.86927736
-0.54905335
-1.35179169
-1.60091722
-1.30556875
1.1637769
0.54157098
-1.14557373
0.89141434
-1.100593
0.87492354
2.28486756
-2.85282037
1.39754531
-0.98375395
-0.32718991
-0.24776498
-0.69930544
0.33449991
0.05614143
0.46871516
0.3142533
0.90550891
3.05480719
-1.15328111
-2.06251802
-1.91507864
0.15835633
2.54084896
-0.28856311
2.16295461
1.31990585
-0.25008334
0.1085382
0.9926571
2.68457231
-0.40165548
-0.01707244
-1.4226749
0.35398223
2.41646363
-0.6448713
-1.8795929
0.24438252
0.6198754
-0.35734515
1.88985236
-2.86921357
-2.86039691
0.81578317
1.38261279
2.49401558
2.40616339
0.68322641
0.7298462
-0.20498797
-0.04954852
1.62011251
0.69475093
0.77327101
1.2573117
0.51809745
-0.71600768
-1.15516171
1.1337064
0.6196912
0.22457234
-1.00935065
1.41847723
0.80579773
0.04048917
-0.01030618
-0.87516342
1.0509548
1.02850462
2.66878358
1.85192203
-0.89720837
2.03349636
-1.26618109
-1.73001304
0.72873112
0.16265321
-1.0823682
-1.82794648
0.87986868
0.20597776
1.60165356
-0.38195017
-0.53603343
0.19353635
-0.90583628
-2.56647412
2.27494927
2.77637869
-0.77445035
-0.46177854
2.54085373
-0.01925836
0.72615475
0.72369355
1.24646833
-1.30718591
4.03863709
-0.20383004
-0.53362969
-2.35912471
-1.38445605
-0.60333764
-1.31117238
0.77544846
-2.28268746
-0.83587151
1.21974626
-0.56237126
0.33691622
0.43516295
1.4111061
-0.65709835
-0.8961529
-0.54774884
1.05936889
-2.61586538
1.03210885
0.86361166
-0.28809222
0.15489769
1.96345209
0.5602825
-1.73486052
0.01639189
-1.44094901
-0.33262633
1.34614856
0.18679869
0.03353874
-0.10351459
2.79978915
0.74444194
0.5871373
-1.06777175
-0.74039933
-0.54998515
-2.27086507
-3.58156105
0.75095279
-0.72280032
1.88593836
-2.24113864
2.0988645
1.58707528
-1.23237002
-3.78365622
-0.06852642
0.70752874
3.02766796
-0.46518945
0.4114319
1.69543234
1.55994016
1.01501698
-0.12262587
0.71585584
0.07652808
3.36527004
-2.65299158
-1.38803633
0.61116052
1.67055198
0.02636674
1.35398654
-2.34379105
-0.37725677
0.32180957
-0.2286332
0.37051837
0.69964001
1.90098633
-1.62227041
0.60160674
0.79714187
0.2171758
-1.1587056
1.81429048
0.34999446
0.66845652
-1.44340469
-0.09310149
0.75213054
0.47076847
-1.18510289
1.12455037
-1.98879225
0.24769113
0.18632653
-0.47506232
2.33724929
-1.42160475
1.26251725
-1.49559118
-0.269129
-0.21759871
0.53211406
1.63819318
0.67561067
-2.01119691
2.96992859
-1.33054133
-2.09091314
-1.7597389
1.53275713
0.4234676
0.51228015
-2.36594202
-2.42936164
2.28542322
-0.49189565
1.08466704
-0.42353987
-1.22105242
-0.1099229
-1.83830172
0.80295884
-1.70433931
0.40656045
0.98382015
2.02080925
-0.30764587
2.8961997
-0.34744145
-1.80762349
1.44383627
-0.51285828
1.93454822
-2.86618025
-0.52237726
2.00912834
-0.73799755
0.58262925
-3.74352677
1.56135772
2.69598228
-1.68017601
-0.57677431
0.58560662
0.52127662
-1.09476954
0.17395267
1.31343635
-0.31925733
-1.67257987
-1.38684853
0.29663585
-0.56561293
-0.47289175
-0.44281093
-0.38998316
-0.9265349
-0.8511883
0.32568012
1.31126519
0.05057596
-4.2948423
-0.61053155
-1.55648605
0.87187076
0.85397282
0.14386225
-0.15861555
-0.6443489
-2.30871441
0.33509368
-1.88248003
1.66215871
-0.6868283
-1.64199393
0.62656154
0.58015774
-1.54683978
3.11497833
1.10112337
-1.82624032
-0.56308284
0.54353483
-0.17171432
1.39315473
-0.16909544
0.62754224
1.55968028
0.5601407
0.47730995
-0.79695409
0.65080854
0.25205409
-1.53807052
0.94108573
0.39493473
1.76798647
-1.13944125
-0.5241214
0.71065648
-0.04432087
0.38392412
3.323722
-0.19037329
-0.93561438
-1.32948524
1.12225613
1.69560122
-0.03127501
1.47909824
2.28966764
-1.19257887
0.39014574
0.25305855
-2.99284061
-0.050856
0.92656312
1.17200755
-0.19750734
-0.19833216
-0.8669675
0.24081798
0.23357984
-0.15768222
0.09551894
0.36153209
-1.52159245
-0.89083164
-0.88905059
1.97934957
-3.25466252
2.14591809
0.49827964
1.10502323
2.54372754
0.54251307
0.51385515
-0.22890661
-1.1822745
1.11542201
0.54671254
0.3593487
0.41788935
-0.12210891
1.28476657
1.33940824
-1.54056803
0.82846134
2.40342088
-0.62431977
-1.46394818
3.23137104
-0.86036338
0.09365333
-0.57862695
-0.37884344
1.69141112
-0.07640938
-1.08555657
0.84231881
-0.9561057
-0.07748182
-2.18790291
0.52069446
-0.53084661
-1.81823834
0.50587338
-1.44935091
0.40261525
0.08301556
1.90524749
2.05218453
0.89761637
0.04964488
-0.18528465
-0.11921935
1.30117465
-2.20243684
0.12854004
0.41817104
-2.66313137
0.57327818
-0.12973793
0.24239017
-1.15775607
-1.2e-06
1.54581589
2.08558815
-0.86354104
-0.99770912
2.05329091
-0.8396012
-0.51053186
0.5512326
0.30818408
-0.07595842
-2.39551018
-1.73792606
0.22185331
0.49719936
1.08272149
-1.10226283
0.68480938
-0.27056098
0.26377739
1.34437044
-1.55960473
0.97716752
0.66809792
-0.40858833
-0.35092344
0.50982548
0.88745965
-0.73169105
-3.33011206
1.75897839
-0.01160843
-2.50116127
-0.79200671
0.15361419
-1.4595147
-0.97218408
-1.15688776
0.25557997
1.45951108
1.97660244
0.85741493
-1.68184448
0.16931271
-0.73293479
0.53372997
-2.62401552
-1.70682766
-0.86714967
-1.69095503
0.44767526
1.25670779
-1.90214302
0.07719983
-0.40828797
0.17090415
-1.44209527
-0.72464241
-0.04690554
0.48173697
-0.02634266
2.676587
-2.0889608
2.29278377
2.05367004
-0.21135268
3.14170362
-0.69509629
1.94259163
-1.23480705
-1.20466013
-0.46423887
-3.20427689
-1.69933294
-0.11212696
0.36939635
-1.77135732
1.07346158
-0.73632891
-0.51465042
-0.38916409
-0.59431669
2.6261422
-1.05323216
-0.81798017
-0.34811734
0.68939377
1.47282565
2.72961567
-1.77473859
-3.51249209
-0.47747889
1.43189923
0.94314978
-0.51252616
0.85040934
0.32187388
-2.02194093
-0.82647742
1.07316942
-0.58134365
0.96925668
-0.59917688
0.53158554
0.73559115
0.77336444
1.07553827
-1.53633308
1.31542693
0.42730637
-1.54612867
0.99782882
-0.15887124
-0.9733466
0.62466327
-2.69855507
-1.80469778
0.58688674
-0.56290519
2.86810104
-2.37714682
-0.66863767
-3.24390135
1.70847015
1.79913559
-0.18822393
-1.87803564
1.1710454
1.58195443
1.17611063
-1.32165618
-2.23614724
-0.17005365
-1.87594319
-0.72436191
-0.13467666
0.57659737
0.04829391
-0.51838288
-2.53250687
-0.7126836
0.38225208
-0.4883267
2.58561962
-1.23661099
-1.44933736
-0.05511991
0.769228
0.6651369
0.00109311
1.06733314
2.06934608
1.93767128
1.66985903
-1.48294705
-1.39901763
-1.35598611
-0.83426625
-2.30318692
1.92133207
1.04645285
-1.40360502
-0.92065319
-0.65738644
0.08239298
-2.96680644
0.27906937
-0.28527671
-0.62271549
-0.0223895
-1.4684562
0.79197571
2.49329309
-0.28407275
1.28028764
2.31968302
0.16539406
-1.13113067
-0.60232111
-0.26447637
1.42276011
0.73993417
-0.75437058
0.76433623
0.90247238
0.10688365
2.13075405
-0.08355497
0.11408291
-1.44384718
-1.25356182
-2.53804028
0.06504809
0.16599529
1.58165664
0.5719451
2.17468075
-3.17759688
-0.40272534
-1.41344742
0.78315054
-0.08067066
0.25214552
0.58543472
-1.06876136
-0.75030769
3.05897828
-0.09802015
-1.8598379
0.838765
-0.47348041
-1.90656835
2.53994974
0.55801551
0.28193311
-1.4765996
0.32515975
-0.41946797
-0.66843708
0.74159948
-1.88999475
0.44423102
0.44567434
0.35444614
1.27952502
-0.47351959
2.12290366
-0.33092909
1.8929535
-2.90316419
-1.09902916
-0.23292769
-0.32759532
0.14220312
1.1529388
-0.49731058
-0.68931911
-0.62158685
0.77051586
-1.07468215
2.65174694
-0.76339355
-0.2816471
-0.99900993
2.24381563
-0.31230048
-0.70288549
1.76176723
2.1256946
-1.75795761
-2.08944648
2.09098718
1.60023774
1.57965067
-0.15111033
0.22300899
0.11270165
-0.14830252
0.3770007
1.14769526
0.27486233
3.27140584
-0.10402853
-0.80919597
1.21276382
-1.62828225
0.28404469
0.20771736
2.9856965
1.91011992
-0.37574755
-0.40016594
-1.81751085
1.33906268
1.19646197
2.90000407
-0.24018255
-1.37537289
0.49146678
1.28432262
-0.78667348
2.46706752
0.90214047
0.02066074
1.71414586
0.68847081
0.16756456
1.51830217
-2.03692
-0.68489932
-0.05900848
0.33728474
-0.36975755
-1.41259926
0.99516875
-0.33588945
1.05180516
-0.2606855
-0.55487533
0.16518175
0.55342108
-0.41899081
-0.35181253
1.67552777
-1.65443686
-1.74428956
0.89951129
0.62818104
0.36175258
-0.69309196
-0.77278074
0.09853994
-3.22920891
0.57893305
1.45003805
-0.81582409
0.74860559
-1.05296187
-0.76650416
-1.18526058
1.02688354
0.90251137
0.81096194
0.12357342
-0.61633869
2.37660846
0.42110539
0.21466119
-0.17746067
-0.61745565
0.39254352
0.24572335
0.53334093
-1.54089403
0.8458494
0.39985382
-1.03184733
-1.37217412
1.63147536
-0.0455298
1.84799106
-0.79106163
-1.82358027
-0.79508664
-0.11792055
0.10544509
1.24546867
-0.30191545
-0.52154195
0.39261027
-2.29865667
0.8846738
-2.29013721
-0.12472754
0.0523588
0.35777874
0.68630899
-0.22947509
-0.93747007
-0.25695277
-1.21399212
1.00748478
2.17776093
0.31890795
-1.43613144
-0.35879746
-1.45476936
0.32311812
-0.95746972
-3.88906361
0.32468136
0.61300333
1.35016934
1.959562
1.17063124
-0.82320652
0.12711998
0.22582311
-0.60083583
0.41810689
-0.94155175
0.11112709
-0.70165251
1.95060293
-1.14441935
0.59295714
-0.47989479
0.20367605
1.59218831
-0.78088045
-0.6824525
0.82804033
0.43726435
-3.75386496
0.99326091
-0.44699904
-2.36260037
-1.46210595
0.40342569
1.51141375
-0.73349856
-0.29294921
-0.09079285
0.71191538
-0.12454194
-1.67969525
-2.25760355
0.58562735
0.55108852
0.54279823
0.79054101
1.39443928
-1.08724102
-1.35753562
0.7136366
1.04218727
1.36568259
1.0567638
1.42765088
1.04888126
0.27569683
-1.15030398
0.93271003
2.34120456
-2.43509398
0.37469554
1.66677521
1.55834262
-0.63665162
-0.26457402
-0.23769229
-0.99300255
1.21750472
2.1497424
0.9517792
0.44188878
-1.81481809
-1.27206603
1.83270843
-0.69370108
1.75593891
-0.43705344
-1.96351624
0.386011
0.09334859
0.94171936
-0.70018922
0.47294283
-0.59169681
0.25853913
0.26592915
0.56115969
-1.00953918
-1.88052301
