#Number of photons observed douring the burst: 192553
#Average flux [c/s]: 1135.3494734607718
#Average variability: 0.0061412479182761225
#GRBbn190109217 temporal parameters: 
#                                   T_detection(MET)= 568703574.450184 s
#                                   T_start= -22.894 s
#                                   T_end= 146.704 s
#                                   CCF campionation= 1e-4 s
#                                   Fit amplitude= 20.0 s
#                                   Used detector= 9 GBM
#                                   Variable bin size= 10 ph/bin
0.79047202
-0.45756103
0.85282193
0.50693082
-1.49415463
-0.85464058
0.91916883
-1.07562376
1.05067496
-0.07890396
-0.04519096
0.44207834
-0.31236481
0.36551333
-0.35748943
-0.15954043
-2.33561942
1.58444124
-0.59780958
0.01058347
1.32648642
0.22416625
1.94904157
0.29033437
-0.24096136
1.60668843
-1.68377736
0.97603941
-0.42265276
-0.63322214
1.23857834
1.71947011
2.07122911
2.31822491
0.95453843
-0.21938601
0.88016018
-2.52584943
0.45385798
-0.18026945
0.64531673
-0.28623561
0.24311851
-0.16605013
2.99858238
0.56810632
-0.13397226
-1.23643693
0.46999566
2.52855285
-0.15862679
-0.65293481
-0.1574388
-0.43140987
-0.87373017
0.18366274
-0.86318727
1.14002766
0.52458897
-0.22765339
0.55117009
-0.41229724
-1.66251267
-0.21436487
-1.2848104
-0.58492538
-1.98386765
0.19019618
-3.01112942
-0.06378268
-0.77478066
0.17346082
-1.10807848
-2.07479739
-0.89141253
1.07424891
0.97664535
0.28746993
-1.8744767
-2.49627618
-0.70746547
1.08892439
-0.15863925
0.51944051
1.32769594
0.45271362
0.85665209
0.45296709
2.07760905
-0.45483431
0.11323975
1.18410943
-2.4616409
0.54489347
-0.158503
-0.32166501
-0.63050354
-1.31209559
-0.38372249
1.09190628
0.47827126
-1.55899734
-1.56396675
1.83066628
-0.29685689
-1.19492455
1.71854189
0.42160202
-1.50886762
-2.22038826
0.05137371
-0.09228888
0.79710101
1.22284046
1.00635286
-0.48548168
-1.12401311
0.92962356
0.67750201
0.45400939
1.28794207
1.12297493
0.95199742
2.18695727
-0.7081335
0.92550377
-0.53252392
1.45055724
1.29633096
-1.19993719
0.25102373
0.52457537
-0.54874026
1.13862831
-1.13340682
0.18902305
0.37950692
2.16659131
-2.10852414
0.06905558
0.32601911
-1.4781943
-0.65494401
1.01414458
0.88049291
-2.01276818
0.4563085
0.14695556
0.08038227
-1.52626824
-1.44442273
1.02652648
0.88632176
-0.50239347
0.05151833
-1.05174011
1.71467871
-1.82738827
0.44864296
-0.56833281
2.66009684
-0.07185447
0.10410056
0.37570351
1.61998787
0.55833273
-2.52585624
-0.9022787
0.94908881
1.52344557
0.57003356
-0.81958657
-0.14613315
0.98195791
-2.40833806
2.4749397
0.94984952
0.49786981
-0.67742029
-0.1283534
-1.07373243
-0.32382098
-0.15514127
-1.33880161
-0.65886363
1.89236362
-2.27288544
0.95757612
0.53842947
-1.63663361
-0.24745492
-1.74626216
-1.83560488
0.04807565
-1.35139452
-1.09515682
1.53730481
0.91302923
-0.5968347
1.34314786
-2.72839483
-1.05480919
1.32921583
2.2849728
0.18755243
0.35771091
-0.14728097
0.99160233
0.56696924
2.17878181
1.74801646
-2.10344553
2.02671997
0.4840166
0.1295114
-1.46259517
-0.36247976
1.17130381
-1.1739082
2.11965221
-1.12710111
0.62746573
-0.82094059
-1.75033579
-2.02636251
-0.12625408
-0.19350945
0.72370879
0.33155986
0.78093481
-1.56179844
-1.48391253
-0.28513801
0.99156697
0.44003586
-1.68466802
-0.47982626
-0.9167065
1.4519773
-1.07048171
0.42016562
0.11562303
0.36573902
-0.69245598
1.17882628
-1.55961087
0.61584048
0.56266489
0.41585413
0.34935731
-1.63645694
-2.28405084
-0.33058776
0.25158158
-1.4624835
-2.54773886
0.56385447
0.87872581
-0.97308448
-0.64926571
0.87893514
0.30614033
0.81384072
1.09253551
-0.05043099
-0.50744784
0.51955142
0.22918592
-2.3645013
0.51513878
-1.27104147
0.92040471
-2.25622624
-0.33219686
-0.80405722
1.78258503
-0.75870622
2.47202878
-0.06012061
0.76978027
0.68686014
0.67720583
-0.8815917
-1.06331402
-2.37035336
-0.77405826
1.18643372
-1.18329003
-1.20308862
-2.52766376
0.80703774
0.78520853
-0.2106155
-1.36945615
0.92167147
0.54153769
-1.8149722
0.86222345
0.16387415
-0.98417285
0.2465298
0.50642019
0.44336832
0.43925024
-2.42472047
0.2808132
-0.87077523
1.29491942
0.45667064
-0.54766044
0.58710954
-1.85188002
-2.04183036
0.37294858
-0.52535012
-0.77289671
0.32082256
2.52054895
0.87174071
-0.25549259
-1.30436755
-1.53656111
-2.60444871
-0.87207791
1.63321479
-1.50837597
-0.30246814
1.34058102
0.1006816
-0.13507602
0.70615036
0.4472704
-1.60160278
0.33347996
1.30136267
-0.58549384
0.36219602
1.52878465
-0.35556419
0.91071374
0.16172848
-0.19603913
-1.59356288
0.55408199
0.63271029
2.58428304
0.58027053
-0.08156089
-0.06977396
1.30980816
1.95249957
0.21280683
0.9018707
-0.08489935
-0.04766729
-0.8623315
0.89465206
-1.41318742
0.71803558
-1.66870533
-0.82253244
-0.55925613
-1.18478583
-0.32006453
0.01203581
0.04635297
0.27541296
1.17546408
-1.15249765
0.95149858
1.71980679
0.28318894
-1.14442947
0.98116904
1.5164455
-0.3203063
0.86766533
-0.2388259
-1.81461858
-0.64633635
0.58784483
0.27296527
-0.60821611
-1.59018983
-0.65336683
-0.56621469
0.55891674
-0.59893849
0.36633062
-0.26578776
-0.10464652
-0.05400946
2.05546343
-2.44907583
-0.48158217
-0.17123092
0.31853556
-1.87730143
-0.84393543
-0.13803299
0.39263429
-0.35826778
2.08684762
0.72292647
1.47702434
-0.14315461
-1.96620672
1.25871542
-2.37920457
-1.6008913
0.82285743
0.63879408
-1.92040317
0.62265371
-0.23094113
-1.77392016
1.310659
-0.36941997
0.39284126
-0.07572205
3.11770843
-0.06425095
3.31931083
-0.05692945
-1.41198777
-0.68638965
0.97490405
0.12910069
-0.0436093
0.9853279
1.5639279
0.04790854
-1.12750963
1.88014931
-1.36398161
-0.75223102
-0.30795893
1.68583216
-1.5288681
2.32163244
-2.18522384
-1.75323087
0.08479111
-0.12005196
0.64517645
0.77156208
1.0521381
-1.01801563
-0.09661504
1.10355774
1.74649213
0.70448365
-1.32200642
-1.9947068
0.1665226
0.13438437
0.14113989
-0.23643928
-0.63741585
0.27744694
-0.70821758
2.75533783
-0.30970529
-0.57175948
0.4502248
-3.11393056
-0.85634985
-0.40807775
0.02866465
0.76492462
2.51105667
-1.24774764
-1.15196315
0.58919764
1.04435875
0.91773165
-0.59525864
-0.87623607
1.16988038
-1.21093865
2.93271915
-1.1674401
1.38184538
1.13354754
-0.11051275
-0.91897825
-0.10515027
1.55298697
1.55152163
-0.56646046
0.05459365
-2.23252431
-0.03493116
-1.01935859
-0.88048812
0.20717765
-1.95326619
-0.72812411
-1.97625792
2.75343471
-1.27597915
-0.89900571
1.28981126
-0.23624535
0.15065139
-0.69035792
-0.33456801
-1.52237132
-1.5438342
2.20232886
-1.10085317
1.55897959
-1.02780041
-0.05059081
2.41012979
1.95549564
-1.92483526
-0.18406502
-1.52438198
-0.27642832
0.42495773
0.11912979
1.20872735
-2.2524306
-1.75720141
0.86958521
-1.00912568
0.12837772
-1.85203142
-1.14690826
0.21527966
0.17688011
-0.12213735
0.72244225
-0.80068046
-0.96324717
-0.33391061
0.21254668
1.42907709
0.1769484
0.2402732
0.43260534
-1.50836029
1.17072831
1.05738745
1.50412553
-0.28162772
-1.08493806
-0.45067024
-1.36401308
-2.21047566
-2.21516763
0.74575985
0.50260153
-3.1047514
-0.89918808
0.59164319
-0.02638213
-0.08961452
1.17850014
0.19872311
1.00074807
1.00125762
-0.90685792
-0.42349367
0.45074594
-1.52532388
1.96068239
-1.07319669
0.96627353
0.87353403
-0.04815171
0.269122
1.50438743
-1.05412433
1.39684155
-0.38695065
0.99597774
-0.89149345
0.73557675
2.65170239
1.37236398
-1.85803613
-0.60699902
-0.61733187
0.65339089
0.72902378
2.58920905
-1.23233072
-2.35529048
-1.01162112
1.19952942
-0.01088953
-0.30250783
-0.5367353
2.69969602
-1.25248214
-0.65709099
-1.30375414
0.20117289
-1.97971346
0.03947456
-2.013538
-1.73737003
0.02418596
0.97621032
-0.96731253
1.87996592
-1.72294677
-0.21476218
0.70198287
-0.33675135
0.60403238
-1.7553127
-0.96095567
-0.76177059
0.86927877
0.55921586
-1.98337943
-0.31088748
-2.51753565
1.28798103
-0.01186968
0.14457814
1.85413277
1.39792917
2.09024666
0.8716555
0.32403742
0.72127982
-1.60666543
-0.94843318
-0.18568217
1.16803939
1.1314399
0.04729834
-0.37375572
-0.81325082
-0.25304894
0.17795834
-2.29876616
0.27449252
1.32101419
-0.3874949
0.14028836
0.94871716
-0.64675066
0.63764075
1.63479192
-0.27899903
0.9515538
0.76245948
1.77943392
-0.1195493
0.42955797
-1.90214521
-0.19257824
0.26668001
-0.19186037
-1.38935468
0.13702893
-1.6201251
0.2913763
0.31690181
0.88382167
-0.73318222
-1.92402056
0.8492107
-1.38339582
-0.21176687
0.48885302
0.37901658
0.43615916
0.68445919
-1.09044099
-0.03703086
1.68177015
-0.34344182
-0.11199339
-0.92654293
0.41387065
2.1668892
0.44685724
-1.39347428
-1.13894913
-0.89488962
-0.59372266
2.0096544
-0.34778559
1.38847497
1.4957968
0.2990167
0.58626096
2.32060658
1.46463881
0.30845
1.97845468
-1.34880972
-1.38767403
0.68393794
1.21675303
0.50405622
0.39251682
0.37638756
-0.48494122
-0.74968216
0.70945274
0.09375553
1.20191493
-0.56113231
1.00813512
0.02465203
0.6212206
-1.22222574
0.87058633
0.11835629
-0.04704349
-2.81556996
-1.8992467
-1.14956004
2.37424807
-2.62238339
0.21272976
0.09828399
-1.65858388
-1.05052893
0.00975958
1.9253561
-1.92381103
-0.86885671
0.45388972
0.02993094
0.54639472
-1.42190263
-0.98133208
1.64363329
-0.17662132
0.51043812
-0.11577642
0.06482822
2.11313826
-0.44001035
0.37633537
0.80175232
0.34144019
1.65113515
0.91956228
0.03166159
-0.62681312
-0.91661559
0.44524748
-0.5398461
0.0054977
-0.13688301
1.04200289
-0.3559148
-1.55268178
-1.28939633
0.67102891
-2.46509355
0.00041899
-0.36730591
0.60856963
-0.38800675
0.44707979
-1.27085676
-0.02350268
-0.41061636
0.56307287
1.17738751
-0.13000722
-0.81460257
-1.35214685
-0.60134904
2.70575359
-1.39420707
-0.62102949
-0.33701065
1.96665253
0.33038352
-0.89858423
-0.03082747
-0.82869287
-0.58996328
2.70649012
-1.56627325
0.74163316
0.09723689
-0.71499741
-2.76606044
-1.1980395
-0.99437377
-2.76558955
0.58893089
0.11478554
-0.39846532
-0.7039476
-1.87102421
2.21368483
-0.75877341
1.96497506
-0.71229424
-1.95407763
0.2608564
-2.19545076
-0.62301775
0.85054865
-0.11160965
-1.0201952
0.34802774
-0.40921652
-0.44001181
1.16621404
1.02443788
-1.42742201
-1.47585205
0.06393932
0.43475512
1.81636698
1.03996967
-0.78943478
-0.96850526
0.55216028
0.0764942
1.2588057
0.78168538
0.03171508
-1.86628892
-3.14135725
1.43668135
0.52364925
1.3686169
-0.21912238
-0.89157388
0.47662397
-0.29168089
2.01545454
2.37663938
0.51838594
-0.71978716
-0.28928139
0.63050704
0.69394588
0.47143668
-0.25767579
-0.32521848
-1.39831606
0.88394941
0.12322518
-0.64576233
0.47887964
0.62822262
-0.792181
-2.08068956
-0.92646077
0.35478138
-1.42997494
-0.05662571
0.03554452
-3.63393554
-0.04349598
-0.4133341
-2.21823467
-0.92617094
-1.30211119
0.31315122
-0.01106482
-1.11831507
-0.30640597
0.46070608
1.97255069
1.02020534
0.19517342
1.75502238
0.59504247
0.91340566
-2.18868143
1.79667798
-1.37903292
-0.00262784
1.34402332
1.03868395
-0.29482766
-0.2600037
-0.67752027
-0.91215322
1.88061466
-1.89884349
1.34274875
-1.54099294
0.61532837
2.25572129
-0.95441147
-0.39067309
0.59452819
1.25913303
-0.71810169
0.45932872
1.01052947
0.47560071
-1.47662186
0.50825426
-0.63088767
-1.87847293
-0.32894395
-0.89547603
-1.04072581
1.39928278
-0.48989495
0.3262759
-1.09948846
-1.32667501
-1.20011468
-1.52714994
-0.80204936
-0.42501091
0.30309241
1.90694157
0.4790345
-0.18531623
0.95644388
1.26090049
-1.80223842
-2.54450738
1.74530974
0.13793006
-0.54954577
0.17393272
-2.61465748
0.38759796
0.85969442
2.11578389
-1.49588146
1.82398023
-0.25640452
0.57400481
0.40912583
0.10473794
-2.80898999
1.01229656
0.99885028
0.52939434
-0.00915418
-0.13451405
-0.94457047
0.68053515
0.46589936
-0.65484428
0.62198393
-0.09825475
1.06031449
0.78333321
2.17472736
2.09285591
1.87975255
0.55705765
2.53214454
-1.29220528
-1.98557546
0.2678368
0.05828833
0.47718761
0.13497015
-0.78508522
0.64855607
1.91271979
-0.50779861
-1.41700128
-0.667661
0.43109316
-0.19089133
0.63110764
1.03296233
-0.82081271
0.04665964
-0.72827221
-1.16208984
-0.41671529
2.0039543
0.70509956
0.09179775
-1.34509708
0.51692761
0.45468591
-0.61649961
-0.80256633
-3.46299292
-1.34324185
-0.82775507
1.20609438
0.05855492
1.04729325
0.15509686
-0.20328607
2.01936367
-1.80537748
-1.1071488
-0.59593434
1.93509938
-0.37306495
