0  4.525152  5.44399
1  5.44399  6.3488774
2  6.3488774  7.242544
3  7.242544  8.127722
4  8.127722  9.00714
5  9.00714  9.88353
6  9.88353  10.759623
7  10.759623  11.814384
8  11.814384  12.87737
9  12.87737  13.953295
10  13.953295  15.046664
11  15.046664  16.158535
12  16.158535  17.287188
13  17.287188  18.430826
14  18.430826  19.781616
15  19.781616  21.148579
16  21.148579  22.537933
17  22.537933  23.959501
18  23.959501  25.423134
19  25.423134  26.93867
20  26.93867  28.746897
21  28.746897  30.65047
22  30.65047  32.664085
23  32.664085  34.506603
24  34.506603  35.901306
25  35.901306  37.49628
26  37.49628  39.12609
27  39.12609  40.78905
28  40.78905  42.483486
29  42.483486  44.40107
30  44.40107  46.353138
31  46.353138  48.337387
32  48.337387  50.35152
33  50.35152  52.59883
34  52.59883  54.876453
35  54.876453  57.181316
36  57.181316  59.51036
37  59.51036  62.07511
38  62.07511  64.66102
39  64.66102  67.2641
40  67.2641  70.09887
41  70.09887  72.94407
42  72.94407  75.79465
43  75.79465  78.86471
44  78.86471  81.928825
45  81.928825  84.98232
46  84.98232  88.24256
47  88.24256  91.49262
48  91.49262  94.73412
49  94.73412  98.1841
50  98.1841  101.62812
51  101.62812  105.068146
52  105.068146  108.720985
53  108.720985  112.37386
54  112.37386  116.24428
55  116.24428  120.120155
56  120.120155  124.220215
57  124.220215  128.33057
58  128.33057  132.6683
59  132.6683  137.01732
60  137.01732  141.37752
61  141.37752  145.9677
62  145.9677  150.57002
63  150.57002  155.40446
64  155.40446  160.47269
65  160.47269  165.55516
66  165.55516  170.87367
67  170.87367  176.20741
68  176.20741  181.77946
69  181.77946  187.36775
70  187.36775  193.19664
71  193.19664  199.26793
72  199.26793  205.3576
73  205.3576  211.69203
74  211.69203  218.27307
75  218.27307  224.87463
76  224.87463  231.72516
77  231.72516  238.82654
78  238.82654  246.18068
79  246.18068  253.55856
80  253.55856  261.19153
81  261.19153  269.08148
82  269.08148  277.23032
83  277.23032  285.40594
84  285.40594  293.84265
85  293.84265  302.5423
86  302.5423  311.5067
87  311.5067  320.73773
88  320.73773  330.2371
89  330.2371  340.0066
90  340.0066  350.0479
91  350.0479  360.36273
92  360.36273  370.95267
93  370.95267  381.8193
94  381.8193  392.96414
95  392.96414  404.38858
96  404.38858  416.09396
97  416.09396  428.3267
98  428.3267  440.84436
99  440.84436  453.64807
100  453.64807  466.7388
101  466.7388  480.11728
102  480.11728  494.03314
103  494.03314  508.2395
104  508.2395  522.73676
105  522.73676  537.776
106  537.776  553.1077
107  553.1077  568.984
108  568.984  585.1533
109  585.1533  601.8686
110  601.8686  618.8764
111  618.8764  636.4302
112  636.4302  654.52997
113  654.52997  672.9196
114  672.9196  691.85297
115  691.85297  711.3284
116  711.3284  731.34406
117  731.34406  751.89716
118  751.89716  772.72705
119  772.72705  794.08655
120  794.08655  815.97095
121  815.97095  838.3748
122  838.3748  861.2916
123  861.2916  884.97144
124  884.97144  909.1482
125  909.1482  945.6184
126  945.6184  983.2799
127  983.2799  2000.0
