#Number of photons observed douring the burst: 218600
#Average flux [c/s]: 1713.9452102052655
#Average variability: 0.01620445620367708
#GRBbn100724029 temporal parameters: 
#                                   T_detection(MET)= 301624927.99153 s
#                                   T_start= 1.7160000000000002 s
#                                   T_end= 129.258 s
#                                   CCF campionation= 1e-6 s
#                                   Fit amplitude= 0.4 s
#                                   Used detector= 1 GBM
#                                   Variable bin size= 10 ph/bin
0.00077694
-0.00876873
0.05272863
-0.01720387
0.02963703
0.00283087
-0.04819232
-0.06657476
-0.00660181
-0.02740467
0.02798027
0.03338224
-0.05091862
0.02555574
-0.04418418
-0.00347423
-0.01773476
0.03421818
-0.04239378
-0.00879689
0.01054433
0.00916014
0.03392841
0.02479026
-0.03035704
0.02668461
0.03444752
0.03470988
-0.01813359
-0.01640138
0.01778669
-0.02513974
-0.09118961
0.01432814
0.00822167
-0.04323835
0.02421853
-0.01796417
-0.04023818
0.00650487
0.03425455
-9.234e-05
-0.02689195
-0.01041971
0.03001896
0.04352972
-0.0805061
-0.02078557
0.03890425
-0.00246062
0.01451378
-0.02943553
0.01649479
-0.03498023
0.00822247
-0.01711153
0.01060657
-0.02239974
0.01202763
-0.00702645
-0.02704994
-0.02549437
-0.06560987
0.04753227
-0.07459368
-0.02368131
-0.0026868
0.02681413
0.0102616
0.0095336
-0.01797225
-0.00282267
0.00827653
0.00985948
-0.00856144
-0.00704761
-0.03715802
-0.03479968
-0.01330126
0.0262245
0.0120858
-0.0039193
0.01698767
0.03782239
0.05067303
0.04344034
0.02902988
0.02895813
-0.01008779
-0.00149726
-0.02691197
-0.0249231
0.05696238
-0.02447367
0.04243172
-0.01327601
0.04450182
-0.03830523
0.02235462
0.03083704
0.00416043
-0.01071624
0.01560418
0.0462612
0.04886986
0.02021992
-0.02416217
-0.01552549
-0.00805595
0.06742941
-0.00507421
-0.01493707
-0.03760009
-0.00469201
0.05620246
-0.05534716
-0.00124033
-0.02383217
0.01006027
-0.00492117
0.00521633
0.00199921
-0.03386941
-0.00905767
0.0683049
0.01836916
0.0273628
-0.02390261
-0.02237817
-0.03139099
0.0289524
-0.0498911
-0.01318466
-0.00214956
0.0729126
-0.01745365
0.04102336
0.03850061
0.04748792
-0.05669923
-0.03459314
0.01504748
0.00096911
0.01358041
0.03449671
0.01045637
0.00326557
0.00776919
-0.08245352
-0.03956227
0.02151045
-0.05559064
-0.00236114
-0.00988772
-0.00463541
0.00707007
0.00391792
-0.00547136
0.00511877
0.02142065
-0.00058639
0.01335154
-0.03963716
0.00374026
0.00177381
-0.0095328
-0.00545512
0.01049924
0.11466828
0.01002674
0.04640353
0.01394492
-0.0027186
0.019401
-0.00927051
-0.04485445
0.02512711
-0.0498414
-0.00098274
0.04379198
-0.01429506
0.01112856
-0.07592468
0.02999493
-0.02400369
0.00168894
0.00143467
0.04058348
-0.04007709
-0.01465296
-0.04251453
-0.03898737
0.01011206
0.00530836
-0.00259744
-0.02562826
0.00785906
-0.02444327
0.03782074
-0.01236506
-0.00368695
0.03041796
-0.00542921
0.02650446
0.01351801
0.04048427
-0.05668844
0.0282314
0.02542192
-0.04823172
0.03134553
-0.05023703
0.03537673
-0.02070874
-0.04510275
-0.00495847
0.00667915
0.00807162
-0.02569312
0.01090171
-0.00375236
-0.02641632
0.00373041
0.03504424
-0.02133531
-0.01434834
-0.06328375
-0.01662475
0.01840487
0.03398829
-0.01648075
0.01125295
-0.0451037
0.00240234
0.03957662
-0.05353657
-0.00182877
0.02058033
-0.04052675
-0.07108357
-0.0544707
0.05338326
0.01106358
-0.01209573
0.01140726
0.01146096
0.02601387
-0.00202304
-0.04886173
0.03297274
0.00411062
0.01095664
-0.00558478
0.00083684
0.00115501
-0.06673505
0.03794528
-0.04068622
-0.01769776
0.01478229
-0.02243973
0.00474812
-0.01224296
0.00756951
-0.0211901
0.04990105
0.02875669
-0.04185243
-0.00895065
0.00052035
-0.01804798
0.02037772
0.03441479
0.06310945
0.01611631
0.01817299
0.02405385
0.03506763
0.02825137
0.03251038
-0.00359406
0.00413034
-0.01003363
0.02462168
-0.04253437
0.04373783
-0.00154157
-0.01598218
-0.00211861
0.07238278
-0.03001808
0.00452008
-0.02064867
0.01344318
0.00948669
0.00043227
-0.02979424
0.02364189
0.03401884
0.01962013
0.00695446
0.0744761
0.01510112
-0.00453909
-0.02138772
0.00604464
0.0045182
-0.02799531
-0.02259194
0.02553076
0.01838056
0.02529881
-0.0775911
-0.03214014
0.03345612
0.00220542
0.01276205
-0.04250239
0.02148418
0.00130725
-0.00175471
-0.00813867
-0.00845141
0.07146726
0.02101268
-0.02086811
0.02394084
-0.04916556
-0.01614684
-0.00331397
0.01401624
0.06883222
-0.00187302
-0.0257056
-0.02003878
-0.00784626
-0.0081689
-0.01587064
-0.01582533
0.03352557
-0.00296742
0.0062893
0.01383178
0.03018995
0.00370681
0.01314184
0.01834628
-0.00447153
0.04399758
-0.03026357
-0.00239082
-0.00323764
0.00341129
-0.02445037
-0.0476968
0.00852719
-0.01504888
-0.028871
0.02628086
-0.01776942
-0.01489994
-0.01884877
-0.07356632
0.00034701
0.00384336
0.04957415
-0.00727431
-0.02113717
0.03715069
0.01446222
-0.00540068
-0.0239056
0.01500015
0.04100149
-0.01245828
0.0143683
0.01989886
-0.06920552
-0.03420131
0.00307767
-0.02422302
0.08075457
-0.01412427
0.00702414
-0.00620131
0.00813633
0.07798011
0.06235064
-0.02130189
-0.0157368
0.01304052
-0.03051584
-0.01071474
0.0330189
-0.01652864
0.01584314
-0.02945708
0.02208886
-0.06533867
0.02062004
-0.01307547
0.0487216
0.00353771
-0.00450525
-0.00293843
-0.03231911
0.02429465
0.02801072
-0.04109443
-0.00510325
0.04681158
0.03952821
0.07857007
-0.05747941
0.0064567
0.01546651
0.0545369
0.01117057
-0.02230893
0.02605093
-0.00274082
0.36652155
0.00401638
0.05439865
0.02295544
-0.0218041
-0.00269833
-0.03427328
0.02811135
-0.00551206
0.02077286
0.0068159
0.04149393
-0.03009749
0.03291115
-0.03127368
-0.03510777
-0.00442418
-0.03229877
0.0243623
0.02288591
0.0528173
-0.03464635
0.0110882
0.02071963
-0.00695079
-0.03548639
0.02914822
-0.01885369
0.04549767
-0.03586551
0.03490051
0.00490437
0.02642576
0.02777875
-0.00835051
-0.00558826
0.04782956
-0.02698969
0.00820586
-0.01638677
-0.02648701
0.01250762
0.02032043
-0.00070906
0.02345023
0.02649902
-0.03445458
-0.00738921
-0.03224594
0.00440876
0.00636879
-0.02222348
-0.01156821
0.00715124
0.01510815
0.00453134
0.00829463
-0.02712171
0.005221
0.01604423
-0.02321085
-0.02881561
0.01585159
-0.02897941
0.01090821
-0.03602699
-0.02990116
0.00523299
-0.01113659
0.08051423
0.00305025
-0.01724935
0.00488278
0.02008516
0.00267489
-0.01713831
0.0581276
0.0042539
0.03688781
-0.03150306
0.02479891
-0.02372647
-0.02095266
-0.06503612
0.02005627
0.01671057
0.02898252
-0.05387073
-0.03740166
-0.02806019
-0.06157079
-0.012562
0.01892851
-0.00028283
-0.06928002
-0.04682754
-0.04905346
-0.00998203
-0.02227763
-0.00597686
-0.0102448
-0.05627633
0.03655714
-0.02583878
0.02902624
-0.04047058
-0.04627393
-0.0463199
-0.04517899
-0.0232161
-0.02048002
-0.04538293
-0.08957153
-0.00836862
-0.03015492
-0.00959326
0.03646292
0.00961355
0.01214235
-0.02108083
-0.03346321
-0.35265669
-0.02536605
-0.01014062
0.01290828
0.00875466
-0.04540135
-0.0535537
-0.00217705
0.01703927
-0.02086482
-0.04069862
0.04486579
0.00579437
0.02320724
0.03067307
0.02625698
-0.00092098
-0.01715652
-0.04942002
-0.33849341
-0.03458096
-0.03742044
0.06426951
0.02433897
0.00813879
-0.0586202
0.01663637
0.00349045
0.03330505
0.01736383
-0.06691984
0.04818336
0.03593722
8.57e-06
0.00499421
-0.03578598
-0.00420468
0.03433706
0.00749395
0.031422
-0.04507241
0.01080754
-0.00258472
-0.06858798
-0.03944828
-0.02988013
-0.00921214
0.02833225
-0.03056345
-0.00640468
0.02149883
0.02292185
-0.05707291
-0.00725853
0.01904567
-0.02251099
-0.01829525
-0.01756416
0.01059266
-0.02174569
0.05750983
0.02067179
-0.0083534
-0.03582202
-0.02167881
-0.03919057
0.04298141
0.01904785
-0.00329167
0.0150995
0.00570882
-0.03510134
0.03377013
-0.0324885
-0.00054584
0.06490882
-0.0159215
0.02052586
-0.01694776
0.014785
0.00118163
-0.02920797
-0.0141869
-0.00525646
0.01609348
0.00251731
-0.02101088
-0.05240096
0.05648575
0.01690581
0.0050095
-0.04184492
-0.00150737
-0.035527
0.04989595
-0.00300203
0.01251771
-0.0265812
0.01871282
0.01825459
-0.06774089
0.02956107
0.02640736
0.0236126
-0.0041802
0.02295811
-0.01461049
0.05747417
-0.01184805
-0.07551192
0.03450374
-0.03915394
-0.01978157
0.02050651
0.00123436
0.01636736
-0.03909684
-0.01420174
-0.01850814
-0.04316753
0.01565094
-0.01870511
-0.02646077
-0.04209117
0.01930932
-0.03032392
0.00821236
0.02947411
-0.00801385
0.01940348
-0.05082566
0.05733474
0.01676175
-0.04091289
0.05913553
0.03813396
0.03834152
0.0084381
0.09274206
-0.06004233
-0.03526462
-0.06202798
0.03306183
0.03179885
-0.02016761
-0.01988228
-0.00200461
-0.01478828
0.02056982
-0.00429596
0.01116691
-0.0793362
0.00535277
-0.03505793
-0.044968
0.04093888
0.0179297
0.01804457
0.00739571
-0.03320618
-0.00981139
0.02597683
0.0048355
-0.01267033
0.00736974
0.02969986
0.01520264
-0.041509
0.00811658
-0.00147908
-0.03099967
0.02422113
0.00847897
0.00025987
-0.02670874
-0.03698333
-0.00164921
0.0179595
0.01842461
-0.04081515
0.01088086
-0.05029938
-0.0143159
-0.01094749
0.01296935
-0.01684519
0.00934121
0.02945663
0.02926684
0.037209
0.03550739
0.06536122
-0.00447868
-0.01438048
0.01459643
-0.01648479
0.0050941
-0.0116877
-0.03988751
-0.03638413
0.02416565
0.04058296
-0.03534717
-0.00110645
-0.05401108
-0.0307225
-0.03669311
0.01843606
-0.02461056
-0.02399845
-0.01889574
0.0351383
0.04607682
0.00595438
0.07637541
-0.0124446
0.01066944
0.02408819
-0.06671919
-0.01492457
-0.00578637
0.02674556
-0.02813664
0.00888315
-0.03433401
0.03673208
0.01514188
0.0351506
-0.06891943
0.02354809
0.01641005
-0.01217055
-0.027871
0.00256651
0.03239365
-0.0024647
0.02255772
-0.04198075
-0.02638549
-0.03277388
-0.0243528
-0.05652832
0.00846328
0.00579397
0.01297552
-0.01143042
-0.00183565
0.00405926
0.04781086
-0.00938892
-0.01039654
0.0360709
0.01681369
-0.00328439
0.03990628
-0.00847426
-0.00245602
-0.05008431
0.03486081
0.05387634
-0.00575706
-0.05240647
0.00615497
0.00245765
0.00169066
-0.03192232
-0.03201462
-0.00106743
0.02408703
-5.303e-05
-0.0227475
0.00070217
-0.01999454
0.04200128
0.00901044
-0.02419052
0.02383894
-0.0287251
-0.03236546
0.03661036
0.02465025
0.01031936
0.01296419
-0.02215446
-0.04537252
-0.04475316
0.01725596
0.01624995
-0.02008835
0.02962193
0.00792378
0.00999628
0.04479144
-0.0455796
0.01514348
0.04731781
0.02304021
0.01336767
-0.01127014
-0.02461902
0.008653
0.05196832
0.05836202
-0.0139882
-0.02233861
0.00948701
0.02182677
-0.05206152
-0.0168306
0.00398248
-0.05408649
0.04004771
-0.00019934
0.0205964
0.02112028
0.02245676
0.00855417
0.02461421
-0.05341402
0.00820293
0.00851416
0.0235539
-0.04198078
0.02012299
0.02804997
-0.01142256
0.00940378
-0.00547874
-0.00324518
-0.02706693
-0.00671045
0.0401585
-0.03298766
-0.01929487
-0.02594805
0.01872536
-0.00693794
0.0243433
0.00196519
0.03056216
0.01810781
0.00845461
-0.00930334
-0.02752592
0.00055889
0.03448352
-0.02311679
0.05709959
0.00701866
-0.01663234
0.01381244
-0.02029849
0.00557541
0.02381428
0.0258841
0.03993904
-0.02795349
-0.04522851
0.00039141
-0.05953136
0.06013013
0.00221203
0.00460725
0.01211513
-0.00151275
0.00789707
-0.00358904
0.00793884
-0.05007441
-0.01942288
-0.02086761
-0.02259427
0.04547409
0.03904559
0.0147749
-0.018686
0.30908224
-0.02902295
-0.00143046
0.0515718
-0.00129223
0.03184273
-0.00360537
-0.00854222
-0.07726292
0.06121151
0.03815499
-0.00059205
0.0464245
0.00101961
0.01435864
0.00992526
0.02977027
0.02011996
-0.04090584
0.03693546
-0.00533602
-0.01872047
0.00776978
0.02752378
-0.01725063
0.04775075
0.04306236
0.03693815
-0.03281663
-0.00557926
-0.04028313
0.00972494
-0.01322057
0.00445818
0.03325946
0.00467259
#999
-0.03877646
0.03200034
-0.02587965
-0.00380606
0.00259047
0.02868936
-0.01358754
0.00655276
-0.09302088
-0.04025158
0.02453778
-0.00627491
0.053854
-0.00536849
0.02340883
-0.0075142
0.00901701
-0.06223465
0.03218385
-0.03525417
0.02310632
-0.03198411
0.02249648
0.03483743
0.01002557
-0.00141043
0.00333542
0.03856479
0.02239269
-0.06916929
0.0474377
-0.00427961
0.03942752
0.00555413
-0.02024032
0.01437609
0.03018587
-0.02810328
-0.05881361
-0.05763226
0.02030827
0.02797178
0.01952327
-0.01948593
-0.01334494
