#Number of photons observed douring the burst: 240135
#Average flux [c/s]: 1352.9342167534312
#Average variability: 0.005710868576798259
#GRBbn160804775 temporal parameters: 
#                                   T_detection(MET)= 492028522.069422 s
#                                   T_start= -18.524 s
#                                   T_end= 158.968 s
#                                   CCF campionation= 1e-4 s
#                                   Fit amplitude= 20.0 s
#                                   Used detector= 1 GBM
#                                   Variable bin size= 10 ph/bin
0.36869393
1.6056783
-2.44407405
-0.23741799
1.87404734
-0.85458049
-0.82832
-2.20102888
-1.65291201
0.45835034
-0.86224908
-0.97429327
1.71478373
0.79356269
0.04623236
1.11005564
0.48289785
1.646876
0.19274155
-0.17713228
-1.19688444
1.54748084
-0.97099487
-0.32400026
-0.31582783
2.4762749
-2.711932
2.07528257
-0.74831045
-1.08048803
1.23897371
0.3029154
-1.72086251
0.06244029
0.39687652
1.35803884
-0.26757688
0.6829583
0.49638223
-0.86709061
1.88488522
0.09510116
-1.63118202
-1.11404488
1.2344345
1.00914829
1.39347748
-0.14220786
0.78264712
0.87241536
1.18406638
-1.57471417
1.04307748
-0.40413135
1.91098153
-1.74944021
-0.18713627
0.89448336
-1.93297853
0.19046276
-0.19496455
-1.62414053
0.73464113
-0.71818231
0.14491463
-0.09501058
-0.70744752
1.9726495
-1.44216325
-0.85567284
-0.42429049
-1.54890383
-0.71507226
-0.55965792
-0.50987458
-0.92687939
1.28435291
0.78675676
1.06021507
0.3807125
-0.50853678
-1.69571707
-1.76236726
-1.37402143
-2.86616412
-1.61040195
-1.1339625
-1.74358658
-0.53837235
-1.28747013
-0.59106535
0.83417262
-0.6156336
0.08520149
0.23522273
0.49096318
-0.69959053
-0.60902895
-0.23311798
0.68082348
-0.41297086
-0.42727179
0.02582645
1.52980357
-0.06911929
-0.31769608
0.5204335
-0.58943658
0.69023867
1.16669459
-0.88337056
-0.15692089
1.00153951
1.39317364
-0.59153169
1.46712941
0.89583749
-0.61992152
-0.5947427
0.33540189
1.66988932
-2.14972354
0.17418187
-2.20921925
-1.30905637
-0.62156959
-0.47312478
-1.0024497
-1.10788203
0.51995527
0.35937282
-0.17992353
-0.92215837
-1.58045452
-3.32253684
1.46175733
-0.78383706
-0.32731652
0.28828622
-0.97702125
0.22331694
-2.55345653
-0.79979954
1.5554151
-1.09175832
0.73657167
0.75426181
-1.1273174
-0.32408605
0.61856595
0.32990049
0.17177834
0.89845205
-2.58675343
-0.73635821
-0.342866
2.1896079
1.72965041
-1.24569805
0.08349784
0.17297732
2.46191387
0.37858915
-0.51490764
-0.464376
-0.75852688
0.24682889
-0.77311501
1.262466
-0.76399448
-0.26843111
-0.06748844
-0.94834788
-1.15785739
0.28372311
1.3325572
-0.42742023
-0.45840924
0.03156357
0.46117864
0.26808347
1.21397549
0.11101432
-1.07492759
0.8851432
-0.63184898
0.41475957
0.81265925
-1.17284763
-2.08100448
1.03912241
-0.13394348
0.56191931
-0.72452478
1.13144287
-0.02633482
-9.293e-05
0.46330538
0.77453922
-0.18927495
-0.01689938
1.91370302
1.24434152
-0.34244982
-1.35454004
1.24896896
2.56063396
-1.80616381
-1.71092511
0.2753143
0.18332233
0.13604072
-1.46721726
-0.40508261
0.44432674
0.22628203
0.3568323
1.10729166
1.56462887
-0.67875818
-0.07371793
-0.87939526
-0.82185668
-0.09210278
2.56789303
0.46392945
1.3909928
1.08472385
0.41863819
-2.01645599
0.76632764
-0.02309394
1.13334064
-0.54936574
-0.53365688
-0.2446174
-0.45827194
1.82201183
2.42451102
1.84891281
0.31857697
-1.1634901
0.44466559
-1.7209157
-1.60888721
-1.26685156
-1.55248023
2.1305444
-1.53974941
1.63208797
-1.35522286
0.77317811
1.07232479
-0.18116571
2.02967585
-1.75851077
2.18528171
0.79568816
-0.92471346
1.44258233
1.09389656
-0.92623636
2.22138798
0.88727415
-0.36647953
-1.07112786
-0.29198506
0.33001441
-1.64331765
0.2668766
0.90781113
-1.65094692
-0.94262908
-1.79046542
-0.06471897
2.42135237
0.81082289
0.06129069
1.64465191
2.43125115
-1.47959686
0.96160785
0.62029857
-0.42029569
-0.82956815
2.26574527
-0.36554359
2.41076003
0.18463793
-0.95079449
-0.60165827
0.64054752
-0.79408166
-0.3890673
-0.19264491
-1.21584931
-0.61079855
-0.71818392
0.97908747
-0.18164221
-2.20946052
2.31227582
-1.32944374
1.16833505
-0.11341056
0.99651001
1.35765862
-1.27763508
0.61080437
-0.04323231
-1.15121795
-0.585329
1.23738967
-0.84733254
0.39441868
1.11783313
1.33798535
-1.53406268
-1.74563307
0.10565793
-0.03506144
0.40833532
-1.393825
0.33816312
0.55400247
-0.88038481
1.61151341
-0.36594396
0.24171743
-0.41849016
-1.0578174
-0.56264718
-0.25478545
0.08423883
-0.14721812
-0.76986354
0.22390113
-0.7359891
-0.16089728
1.96681159
2.35388902
-1.32626895
0.04346281
-1.23379588
-0.06662224
0.6055814
-0.63463705
0.48815157
-1.70983221
-0.17452571
-2.95900599
-0.34063713
-1.85081077
0.08958691
-0.28894694
1.23519268
1.51773321
1.69748611
-0.74174223
-0.19401983
0.97581997
0.03888334
0.03121632
2.3521209
-0.21617047
-0.87984908
-1.44162306
0.12635434
0.32904426
3.31030269
0.73379477
-1.84164607
0.92003804
0.0358622
-1.99423076
0.83782239
-0.65567128
1.81123765
-0.49255055
0.6939312
0.7915348
-0.21823313
-0.39224206
3.46867793
-0.98143673
-1.45830472
-0.79450278
1.50184407
-0.92184647
0.889104
-1.98267258
-0.424646
-0.48551115
1.6056796
-0.17833406
-1.15332
0.83958992
0.73320964
-0.06536547
-1.048075
0.03187812
-0.41107951
-1.57944332
-0.23470427
-1.88831262
-0.939413
0.7729932
-0.38117345
0.47050648
1.02238378
0.2530735
0.45925443
-0.16231285
0.54823705
0.37816521
1.76841926
-1.69804107
1.18291264
-0.4036273
-0.14260923
-1.0926584
1.6824503
1.54794634
0.33146042
-0.39230991
1.02886666
-1.25664442
1.27440423
-0.22574487
0.61389291
-0.45072363
0.7156832
-0.78337299
1.29855921
-0.3352599
2.76090414
-0.14187339
1.30185407
-0.23597941
-0.15915241
-0.17244074
0.24374662
0.82748054
0.31211376
0.01068291
-1.81750203
-0.88908928
-0.38797449
3.09323124
-1.10401312
-0.2425577
-0.7528703
-0.13077095
-0.68593905
-1.44130698
0.57042245
1.27257402
-0.37251701
1.23606778
1.90545268
0.64947862
1.184526
-0.08181948
-2.04990237
-0.17807832
1.42284617
0.94652266
1.52959656
-0.26740042
1.62354251
-0.04104633
1.79315248
-0.07217289
-0.78937561
-0.39220247
0.59399136
-1.44033399
-0.00694888
-0.61286398
-0.86482704
1.04886687
-0.89797463
0.93651708
0.90134884
-0.4917479
-1.77971568
-1.52409225
-0.54589204
-0.17625445
-0.26854749
-0.43123981
-1.22763428
0.80962033
-0.92469836
2.17144712
-0.14999366
-0.43322646
-0.59786991
0.44029946
-0.86587882
0.01039466
-1.47322951
0.41308531
-0.7991588
0.5504157
-1.49273058
1.8842767
0.00833892
-2.66262857
0.71165094
-1.84150479
-0.88572998
-0.41617498
-1.51234292
1.08598652
-1.62550121
1.50312205
1.06836339
0.42688287
1.86989579
-2.23099208
-0.05934966
-0.19682386
0.04440522
0.66453485
-0.28729942
-1.09589909
-0.96943592
0.36909633
-0.74761394
-0.24139635
-0.01650459
2.13749998
1.8182597
1.09753519
-0.22649833
-0.36195706
-0.24946458
-1.260594
1.77321722
-0.02706953
-1.79960728
0.00766351
0.24130096
-0.37345746
0.05360553
-1.25082491
0.37809675
-1.81565973
0.4736683
-0.48490252
1.1328347
0.6099042
-0.49923223
0.14113974
0.27536121
2.0457569
1.56108668
0.28558247
-2.10083716
-0.03973991
-1.08619662
-1.42122812
-2.26432286
-0.64699249
0.00654811
-1.43591123
0.37652564
-0.69701838
0.6562412
-1.81041474
1.22649273
0.0745642
-0.41171234
-1.76619663
0.87634234
-1.1649231
1.34202943
0.40393518
0.92998174
-1.5928822
-0.96237563
-1.67039909
1.32770869
0.52725181
-0.08156592
0.72773381
-0.59931534
1.26641351
0.41204141
0.25157301
-1.30033076
-0.61981425
1.50460183
1.2036408
0.92294325
1.46516241
-0.18096817
1.12849019
0.16066495
-0.51764211
-0.55985298
-2.30946501
0.30915316
-0.87844872
1.34372966
-1.15738219
0.32922791
1.29106623
-0.09883628
-0.26218357
0.32299522
0.59952409
-1.14839634
-0.31072505
-1.24038615
-0.14180581
0.05120262
1.23324224
0.23625043
0.46457597
0.90680127
-0.76649324
0.77774905
-2.97421011
1.37266457
-1.64835231
0.20072804
0.797251
-0.79517153
1.22379325
1.9741472
0.47568319
0.91644303
0.04055013
-1.49583065
0.99215634
1.11968786
-0.6181423
0.00312463
0.28663805
-0.94233762
-1.1577444
-0.44757311
-1.52608717
0.14184342
0.29608926
0.25617252
-1.19625933
1.16922592
-1.38297699
-0.01637685
1.15225435
0.3506179
-0.0059419
0.95342887
0.89575328
0.03028631
-2.50380028
-0.25297822
0.71347672
1.71049261
-1.90515217
-1.6062205
-2.03542275
-0.40727817
-0.69340198
0.83654775
0.76837718
-0.26148058
0.27633598
-0.2849415
-0.37713078
0.64424291
-1.50749927
-0.0677104
-1.65578638
1.26166128
-0.18019559
-0.86650625
0.94671031
-1.43139133
2.16118692
0.92008473
0.02638763
0.54526145
0.22103006
-0.18401665
-0.82293748
0.48064691
0.5891376
-0.68121969
0.83753173
-1.65031602
-1.75876867
-0.2553817
-0.07254042
-0.23342338
0.47441756
-0.98161703
0.02313821
-0.20309853
-0.46729931
0.0338195
-0.32045711
-1.55949716
1.24388994
-0.45491709
2.13739243
0.30285639
-1.18265056
-1.16873008
-1.1941565
-0.10807396
-1.04939457
-1.09852153
-1.04966458
-0.55649913
-1.37608808
-0.13452152
-2.54257009
1.94624705
0.93554496
1.19042379
-1.22166594
0.59370792
0.78368872
1.27172952
-0.60004325
1.70546533
-1.62367844
-1.31007198
-1.43563174
0.46044015
1.17537873
-0.51074419
-0.85053022
0.99884694
-0.53317449
0.17047462
0.01768627
0.32825915
1.55277061
0.46221228
-0.58076356
0.89078004
0.04241677
0.55467776
-0.14259272
-0.56591747
-0.0854245
0.85620893
-0.80542815
-2.72785859
0.84535418
1.1016967
1.05711675
0.82528364
-0.28361865
0.38856317
0.23956718
-0.29778493
-0.94511181
0.40155293
0.615772
0.44331717
-0.23368774
-1.13694359
1.02838589
0.07356492
-1.533507
0.56303744
0.28214442
-0.56074531
-0.41765936
-0.14545621
-1.16757217
0.02432087
-1.62121283
1.08838644
-0.44397969
1.09942993
-0.48479116
0.88140596
-0.31021536
-1.10887222
-0.66849127
-1.16377258
-0.66520227
-0.49046763
-0.12806611
1.03299851
-0.27520034
-1.07542324
0.15882269
-1.39784896
1.12591552
0.93584126
0.09550761
0.06153101
-1.11421975
-0.10479767
0.07802777
0.69928362
-1.56632411
0.60291986
1.37780978
-0.59457614
-1.26060868
0.42357404
-0.47284948
-0.51043858
-0.26189662
0.35198247
-0.07120246
-1.78105734
0.24818141
0.95619298
-0.4029615
-0.89604072
-0.63958677
1.51258444
-2.36249561
1.28531376
1.44643736
1.22947729
-0.43896769
-1.24717921
-1.50887473
1.12682774
-0.61319117
0.80655926
1.12384744
-0.4182201
1.83570864
-0.93838165
-0.96665098
-1.14329041
-0.28458891
2.01022291
-0.55624551
-0.53483912
-1.62707311
0.16432151
-1.38889941
1.13980421
1.42716688
1.80075769
-1.02988603
0.31803243
-1.84859953
-0.97862856
-0.23393369
0.31964748
0.26888447
-0.61054232
0.4024056
-1.495279
0.60490134
1.19806952
1.19993183
-1.12654724
-0.77176118
-1.37979694
0.30498699
2.25198233
0.36248137
0.22471912
-0.25065256
-1.77867166
0.98066012
0.74417934
0.27963319
-1.52611338
0.01570134
-0.06434619
1.04792766
0.39928583
0.80131922
2.35763646
0.64088474
-0.46215981
-0.88777673
-0.32407747
-1.44661756
1.4711704
0.43884297
-0.69918838
-0.55069817
2.4678537
-0.59545483
0.94029964
2.22144652
0.41435899
-0.57053611
-0.43432645
-0.24422111
0.15747355
-0.2439883
-1.63726231
-1.44542611
0.31462695
1.8801117
-1.37431097
0.28848876
-0.2505299
-0.17587432
-1.00684493
0.70795168
1.10757598
-1.21200885
1.00828113
0.05477496
0.77071361
1.22427766
-0.58546279
-1.09996278
0.35087953
1.11188645
-1.28016262
1.46441108
0.57723718
0.02227571
-2.10012909
2.46744315
-0.64573087
0.59145063
-1.631064
0.02902059
-0.04605529
1.56624311
1.42749443
-0.24242403
-1.64370407
0.65673891
-0.67911118
-2.00915707
1.32291341
1.37300212
0.42129813
2.49170221
0.40377604
1.2099136
-1.56336689
0.30811923
0.69239316
-2.420764
-0.59038768
0.11311876
1.14346263
0.90484407
0.03441616
1.13611435
0.282926
0.76094138
0.23270291
0.91086272
0.22380235
-0.25962103
0.59212918
0.42695101
0.47998607
0.6810664
-0.30128328
1.68033418
1.45885743
0.88594599
-0.57662844
1.56813342
0.43019772
1.49543235
-0.13416307
1.05583502
0.99986183
2.63626311
-1.70343918
-1.57236569
1.06581721
1.32427475
-1.24582813
0.33966674
-1.55505588
1.70635283
1.96300638
0.40087839
-0.4161617
-1.80584008
-0.26788472
-1.15170826
-0.60787238
0.71756773
-0.86550353
-0.30623033
-0.77297183
-1.31313898
2.00115546
-0.54623121
1.49843776
0.58391426
1.71037648
