#Number of photons observed douring the burst: 96404
#Average flux [c/s]: 1192.1008050056262
#Average variability: 0.012344826161162581
#GRBbn211219910 temporal parameters: 
#                                   T_detection(MET)= 661643391.008452 s
#                                   T_start= -5.156000000000001 s
#                                   T_end= 75.71300000000001 s
#                                   CCF campionation= 1e-4 s
#                                   Fit amplitude= 5.0 s
#                                   Used detector= 2 GBM
#                                   Variable bin size= 10 ph/bin
-3.21826769
-3.21018884
-0.77112153
-0.25291744
-0.57311117
0.64175299
-0.41057876
1.17126564
-1.07405289
0.17056424
0.1431754
-0.14181089
0.79221028
-0.33988067
-0.88037539
-0.24965232
0.55950472
-0.91737978
-0.33501188
-3.61163231
1.05833293
0.56078804
-0.37810432
-1.70182074
0.18352896
1.25661544
-0.83422463
0.62350339
0.21946541
-0.16844522
1.13282976
-0.0274075
-0.72985708
-0.61896606
-1.28741335
-0.7457265
0.78214341
1.08468908
-0.78457786
-0.46408258
-0.3352654
-4.35026228
1.17366199
-1.01647116
1.95990903
3.5643648
0.71044384
0.12767981
-3.29315756
0.09318882
3.69336247
-1.26437736
-0.19558879
0.38739794
0.360754
-1.14149438
0.9450488
-0.54714091
-0.51085744
-0.75788742
-3.17345053
1.1733586
0.25915062
-0.50019823
-0.43709168
-1.19070636
-1.14325644
-0.71591197
0.53899841
-0.08781664
0.32701908
-0.53125694
-0.06348171
-0.58077943
-0.23033582
0.25747126
0.3414576
-0.36350711
-0.61299409
-0.84993143
0.01822043
0.81089808
-0.5085808
-0.05815632
1.10066667
0.05833824
1.51680548
-1.02345064
0.45719839
-0.46708874
0.13257626
-1.00087398
-0.30234256
0.49414104
-0.38150216
3.80032078
-0.75463575
-0.10406579
-0.33300053
-0.47863987
-0.04158848
-0.26691131
0.13765268
0.14637163
-0.40404855
-0.47708568
-0.5707343
1.23195042
0.55512205
-0.84632173
1.50028098
-0.43065045
0.56363011
0.83517989
-0.49957821
-1.3770633
-0.92743487
0.86041077
-1.18125527
2.2304105
-0.02696205
1.01230399
-1.10555262
-2.05069744
-0.97755061
0.80739744
0.53404442
1.33569995
0.17298876
-0.39687836
-1.07391023
-0.99930691
-0.9874053
1.35507654
-0.71224553
0.44936056
-0.10178172
-0.48002645
0.28184413
0.64239888
-1.23860699
-4.25614406
1.11278286
0.0524647
-0.03260301
-0.903643
-3.63963996
-0.98192446
-1.65469458
0.61917799
-0.97305699
-0.59404116
3.61840202
-0.72302209
-3.61143508
0.01726509
-0.07682795
0.5315991
0.46787045
0.7073445
1.14469357
-0.9582234
-0.34331005
0.1876263
0.22640137
-0.12636509
1.14665972
0.08975638
-0.61051108
1.61366845
-1.46049789
-0.53374092
0.53854942
-0.30880227
0.17836317
-0.52512009
-0.13207296
-1.99556461
0.09410062
-0.37535142
0.25476979
-0.12284333
0.16756617
1.84966098
0.14849306
-0.45629128
0.80502977
-0.59191562
1.07581107
3.5365219
0.51913205
-1.19894231
0.26030705
-0.56207089
0.12129533
0.71253255
-0.51772456
0.91004112
0.70059457
0.17290379
0.65160184
0.961221
-0.11414934
0.86026512
-0.88769507
0.31149188
0.3903079
-0.51689589
-0.99528199
0.72708933
-1.65481189
1.3096117
1.64158199
-0.43732669
1.03713066
-0.34664483
0.3912774
-0.84430798
0.63792844
0.02895165
-1.26222863
-0.30433188
-0.874973
-0.71483343
-3.9810919
-0.85647421
1.06513469
0.16760091
0.83753713
-0.78582953
-1.0776292
0.39295458
-1.07269952
-0.30670202
0.22727236
-0.69088702
0.38535789
0.59136873
-0.14647214
0.72535157
-0.69464932
-0.75130779
-0.95250319
-0.58682455
-0.43926949
-0.08531758
-1.77929236
-0.61427474
0.55463655
0.64278631
-0.50769593
0.11034387
0.23660784
0.52438725
0.1902911
1.06120106
0.65514768
0.5147504
-0.34280024
-1.20542406
-0.28244883
1.12097682
0.03595832
1.07057052
-0.9004182
-0.33477
-1.27246625
-0.60010058
3.17040717
0.1291038
-0.47313866
0.55668351
0.93195763
-0.33523587
3.82670707
1.89673438
-0.77002251
-0.24740931
0.01787732
0.75393957
-3.65318945
-0.23049878
-0.91638243
-1.70266951
0.49515405
0.70831329
0.07377654
-1.78934471
0.0540584
-3.85085476
1.72444771
-0.32720419
0.89389625
-0.50012351
-1.03386967
0.03587509
-0.20122673
-0.19639704
-0.73075876
-3.17960215
0.33693848
4.16671887
-0.30790625
-1.53339391
0.58504285
-0.4784741
1.3026062
3.752597
-0.67592116
-2.27776374
-0.11566545
-0.09296606
-0.71632476
-0.19626558
0.70578188
0.81398386
0.51821746
0.21501955
1.05586919
1.75955597
-0.28051505
-0.25393236
-1.5474433
4.32826511
1.12797426
-1.92239987
-0.64293191
2.06864004
0.09719365
0.56919511
-0.07155546
1.44500887
1.03269795
-0.58098862
-0.44919922
-0.45733651
-1.21106333
1.44212307
-0.06396152
0.08871893
1.0374496
1.5404326
3.1956206
0.7914611
0.4938253
0.02109283
-0.35512842
-0.47424419
0.38667143
-0.98218048
-0.15136369
0.33468341
-0.75044161
-0.09049172
1.32015226
-0.10005477
-0.88162289
4.20249999
-0.6622149
1.01831972
-1.22677325
-0.14507143
1.61771439
0.18869445
1.18994532
-1.17146249
0.07647049
0.59083786
0.51093332
-1.7112544
-0.3034958
-0.30248966
1.24101514
3.13196764
-0.26680886
-0.7314989
1.30999107
0.2579987
0.42301204
-0.07471702
-0.26237359
0.10349481
-0.55068547
-3.34583553
-0.47803867
3.2427385
-0.55063341
1.21453175
-3.76968596
-1.23833389
-0.44654132
0.6394285
-0.1969161
0.56171321
-0.29222574
-0.78411985
-0.59738238
-1.00272866
-0.05928626
-0.74181696
0.60613121
-3.19186335
-0.18437527
0.90172904
-1.33214677
-4.96923459
3.02319111
-0.91562868
-0.29721221
-0.02643774
0.472155
0.7621802
0.31186063
0.17581565
-0.72758919
-0.74885369
-1.25730437
-0.70355433
1.36439142
-1.4890896
-0.12943603
1.23846061
-1.95627686
0.90865399
-0.47354474
0.10863028
0.72205926
3.04443091
-0.57052133
-0.67608773
-0.46029761
-4.15733799
0.92852872
-0.57447202
-0.70329625
-0.33557921
0.87981069
0.93655119
-1.28109805
-0.35281786
0.41980206
-0.09449429
0.59262544
-0.70805233
0.21895684
-0.33247958
-1.16926424
0.32220766
0.57513516
-1.59256608
0.48388021
1.01486025
0.44078685
0.57780836
0.42370353
0.58199529
1.2363248
0.76432279
0.11945006
-3.63675243
-0.07978534
3.9129829
3.74694107
-2.77765399
0.88411995
1.57562145
0.36032935
3.56626964
0.77751513
-0.5685521
0.93827504
0.32906573
-0.01368963
-1.58516697
-0.38678352
0.85208336
0.93208857
-3.292409
0.10350877
0.2340262
1.05378428
0.0041734
2.22780355
0.10149673
-3.98429227
-0.23806584
-0.03397983
-0.35883259
3.03416873
0.55697155
0.54055392
0.26504079
0.38367924
0.10562938
-0.09182102
1.42141166
-1.27699979
-0.73352214
0.34868373
0.45180464
0.63153861
-0.90675814
0.56862406
-1.84511558
4.01049881
-0.48116136
-3.64417313
0.83543128
-2.40606001
1.12171128
0.07077231
1.13682255
1.23253758
-1.1410585
-0.26663718
-0.96438485
-0.76330489
0.40433439
-0.25741109
-0.60054729
0.58032796
0.37235357
-1.47672406
-0.13903762
0.55279508
-0.57331337
1.09187841
-0.68879617
0.41292763
1.3399392
0.88270117
0.53743633
-1.46367531
-3.9105325
1.02403639
1.13482131
-1.20875796
-0.23370915
0.58963212
-0.86510651
0.20193892
1.57199087
0.14938733
-1.31666869
-1.67725162
0.71090187
0.96834904
-0.1532789
-0.71657158
-0.61172178
-1.05851036
0.08559594
0.48194019
0.00021535
0.95390281
1.51242292
-3.46979541
-0.02596618
0.26606963
0.31183111
0.1424582
-0.56821073
-1.193892
0.96876356
-0.55300559
0.43207739
-0.21070729
-0.99606927
2.56414119
0.59561917
-0.79672147
-0.05944062
0.38366958
3.60514963
1.23787281
0.26480222
-0.62627869
0.97940431
-1.16404029
-0.02693191
0.74003133
-0.18006206
-0.62288976
-3.57809108
-0.80138053
-1.38796828
0.21377879
-0.08411376
0.50931877
0.94922605
-0.26681917
1.5477332
-0.03637825
-0.06551885
-0.7014532
0.31306959
0.30163385
0.52955162
-0.05676071
1.0275739
4.34704722
0.21040109
0.07634747
0.13360746
-0.18406516
0.51732479
1.29353675
-0.37125975
-0.41472069
1.19674399
-1.0804205
-0.97566785
-0.48915294
0.64740611
0.18706367
-0.02552141
0.87336479
-3.19337124
0.00340343
0.26084271
0.19772966
-0.75929741
1.65851763
0.77438678
2.93384048
0.05518805
-0.57977367
-0.79521152
0.84746216
0.33098218
-1.35340624
0.17407057
0.23854429
1.13309931
-1.51175379
0.14953011
-1.34974394
0.57150184
1.20391999
1.10860612
-0.28321895
-0.41161259
0.39530991
-0.31598597
1.04795989
-0.56586921
0.27938186
0.3002046
0.83060882
0.38413388
-1.52711711
1.03153114
-1.23036911
-1.0993112
-0.12919908
-0.10475439
-1.1189684
0.23032736
0.60772533
-0.46058975
0.71342245
-0.94726561
-0.1335078
0.02932758
0.47582326
-0.20962399
-1.12511396
-1.08273887
-0.00763014
3.70674916
-1.06955892
0.36452071
0.20374609
1.06037053
0.19922413
-4.04333838
-0.36354401
-1.27557366
-0.04444134
-0.52048692
3.46935779
4.84309157
-1.94776116
-0.9337651
-0.4517699
0.55238864
1.00071551
-0.65971068
-0.01130434
1.13751539
0.49307462
0.18414977
-0.72637454
-1.13039881
0.29421564
-0.22265805
-0.21271829
-0.25761264
0.13373232
-1.78524693
1.11348207
1.26511551
-0.60105997
-0.87668095
0.2118474
0.50714902
-1.50217794
0.03836732
3.31598993
1.15699229
-0.88832273
5.25602152
-0.62535298
1.67699552
-0.77212376
0.39802106
1.31241947
4.53374025
1.37621052
-4.26591861
1.39561357
0.49840741
-0.09379885
-0.70690845
1.81538409
-1.85148601
-1.0982121
1.11559444
-0.1375394
-1.67671587
-0.98958623
-0.14519693
0.57962648
0.75628842
0.24108946
-3.9980382
-0.99487955
-1.39033613
-0.19763355
-0.91123752
-2.72013807
-1.30089829
0.01263981
-0.17285884
-1.89060356
1.30899972
4.77274542
-0.75278079
-1.08025316
0.50485794
0.10712304
1.30955688
0.73152366
-0.33138657
-3.62714801
-0.43519069
1.26881392
-1.20394635
0.0210032
0.38488778
0.22789326
-0.71861581
-0.78673409
0.34581156
-0.04940314
-1.1622914
1.07709149
-1.75850348
-0.14912993
0.54361867
0.0851853
0.18961569
-1.24616893
1.04839254
-0.86257858
-0.49034114
0.16505139
0.04134373
-0.46247254
-0.72980663
-1.21488881
0.15774231
-12.33920453
-0.03280102
1.01805102
0.04998672
-0.27975221
1.45361827
0.72716049
1.09831996
0.67227682
-0.26245565
0.54060922
-0.02429468
0.77274612
1.01377015
-1.67509306
-0.56627977
0.42693423
3.56681905
-0.92921899
-0.33944811
-1.11548057
0.99871267
0.66622051
-1.56970071
-0.68902406
0.67222344
-1.1691796
-0.06290199
0.11976049
0.5488081
-0.29924671
1.21216418
1.15689515
-0.0032755
0.95868016
0.99501392
1.35948823
0.56016894
1.36779337
1.29961917
0.68759013
0.9819643
0.0046109
-0.67608632
-0.63838763
0.40664526
-0.65844013
0.62255037
-0.95721421
-0.46244814
0.37209728
-0.64855749
0.76747816
-0.86198812
-0.38874159
-0.35820958
-0.97187408
0.40405297
-3.47606622
2.05567973
3.87389663
-0.53765093
3.50271168
0.56063913
-0.96206148
-0.36049997
0.29576508
0.36730369
0.02216004
0.76453931
0.34988425
-0.10707734
0.19910099
1.07741608
-0.41673623
0.9302292
0.05200503
0.44584406
-0.13937839
0.07844631
0.32930141
0.31520043
-0.07265392
1.15915887
1.31085425
-1.49383481
-0.4863577
0.15204658
-1.79490455
0.10493263
-0.47551739
-0.58753818
-0.34701482
-0.32796023
-0.20978376
-0.44963163
1.2101912
0.29681608
0.29155959
1.45364573
0.89140667
0.79894334
-3.05197603
1.39236038
1.21296247
0.11879553
3.49626293
-0.81168728
0.9261216
-0.35424313
-3.83144963
-4.1135299
0.43186804
-0.40699847
-0.85552412
-0.35520663
-0.81562168
-0.01887877
0.02728129
-0.78654205
-1.09375226
0.23602891
0.30747993
0.69523785
-0.30990584
-0.91596665
0.14546588
0.44215011
-0.09156089
-1.53926642
-0.35930085
-0.58752383
-0.73417369
-0.67021151
-0.37361852
-0.04087629
-0.3657458
-1.01550122
-1.19968328
-0.76264812
-0.7914251
-0.42373736
-2.00010815
1.20839216
0.43189471
0.99289278
-0.59996292
1.5040464
-0.2622464
0.25723799
-1.30927558
-0.1191371
-0.14557524
-0.41593333
-0.18217081
-1.43732825
0.40150377
0.55608753
-1.38995305
-0.38636861
0.538322
1.03244671
-1.04662462
3.42870881
0.49683781
2.26947442
0.1402055
-1.02966963
-0.50742163
-0.57731091
0.38445052
-0.2261826
-0.58228424
-0.415602
0.4736239
-3.36245999
0.4299364
-4.07223263
-0.05205327
0.14331022
-0.71246436
-0.53054127
0.20215554
-0.69835574
-0.00471995
0.02559509
0.74835864
-1.0187569
0.3685073
-0.68655618
-0.09065578
3.42769972
0.95929624
-0.67298639
0.22059127
0.01019573
1.5467013
0.57819347
-0.33247584
-0.81035719
1.59099918
1.0197554
0.75981552
-0.76891081
-0.32462166
-0.39600949
1.45132548
-1.00253398
-0.72068629
0.82300359
0.14293421
0.75380094
-0.93348785
-0.47895127
0.60261394
0.46947809
0.02370853
-0.84289134
