#Number of photons observed douring the burst: 100884
#Average flux [c/s]: 1200.5140776352428
#Average variability: 0.01252703038993909
#GRBbn100805845 temporal parameters: 
#                                   T_detection(MET)= 302732191.528366 s
#                                   T_start= -12.849 s
#                                   T_end= 71.185 s
#                                   CCF campionation= 1e-4 s
#                                   Fit amplitude= 8.0 s
#                                   Used detector= 1 GBM
#                                   Variable bin size= 10 ph/bin
-0.29560027
-0.54852471
0.23949783
0.35780716
-0.22899263
0.11638713
-0.05688331
0.0233852
-0.08537886
0.07269833
-0.00567947
-0.13852603
0.98011706
-0.17698825
0.07958183
0.03827202
0.18376351
-0.00389988
0.29568843
-0.40904031
-0.25460297
0.0032408
-0.19851748
-0.02483972
0.58381905
0.11702488
0.19559342
0.20522833
-0.2205645
-0.4103168
0.11143501
0.08841055
0.03513044
0.17984394
-0.37227289
0.06969767
-0.50041722
-0.31784229
-0.09930387
0.19187709
-0.42286894
0.14995887
-0.76541105
-0.30393935
-0.27543882
0.23838756
-0.04867815
0.34858655
-0.25705281
0.35244088
0.18872713
-0.44348863
-0.00622198
0.04452507
0.42410195
-0.37467176
-0.11026161
0.11363919
0.12743684
-0.17072796
-0.14921768
0.18290384
-0.43323849
-0.05493533
-0.09549841
-0.09912454
0.11155309
0.0475632
0.02583119
-0.3572211
-0.1377342
-0.50436333
-0.17693038
0.30763619
-0.14594479
-0.08904708
-0.35951265
-0.04360606
-0.19178013
-0.03800156
0.40853391
0.08630283
0.22310214
-0.11710064
-0.04082967
0.49134631
0.44703549
-0.37740706
0.11811734
-0.33402528
0.18288516
-0.06369492
0.03648325
-0.2828345
0.2927825
-0.33511256
0.15397024
0.05749209
-0.20382283
0.12073676
-0.10869151
-0.07492133
0.00849468
0.29942332
0.1391569
-0.04115145
-0.0024775
-0.0096062
0.31734769
-0.06280186
0.30062837
0.16405705
-0.04898079
-0.07811554
-0.02417069
-0.03143646
0.02634865
-0.07234674
-0.15891204
-0.56310205
-0.51045675
-0.35461181
-0.5668512
-0.37136198
-0.29194149
0.27244156
0.21156157
0.26864279
-0.44274848
-0.25056025
0.13412788
-0.10638293
0.28375866
-0.11590057
-0.16329261
0.13773628
0.10904881
0.71444217
0.21654271
-0.29434469
0.31645723
-0.3535536
0.39957827
0.05064309
0.39263017
-0.1669249
0.39393683
0.05751196
-0.01683228
-0.01351362
-0.23074156
-0.46768187
0.06323085
-0.11628328
0.16087759
-0.32024141
-0.11570014
0.27738514
-0.17653557
-0.02371331
0.24667195
-0.0923664
-0.04793271
-0.12206656
0.64597006
0.36035735
0.0237642
-0.14033237
-0.02785049
0.16372307
-0.2209964
-0.06574274
-0.27866258
0.4280815
-0.08084964
-0.25493401
-0.20644158
0.59478931
0.05023716
0.3023769
-0.26948258
-0.01027482
-0.14915316
-0.18739628
0.44991657
0.36810493
-0.10625441
0.06997714
-0.04509428
-0.35021025
-0.04248529
-0.03548631
-0.64003048
0.80189054
0.12038225
0.00800315
0.45296896
0.14360436
0.17068011
0.24970988
0.10280512
-0.09794639
-0.15953503
-0.00206434
0.01552516
0.08700906
-0.07680174
0.44688556
0.1347515
-0.20388176
-0.08816334
-0.06287533
-0.03882922
-0.30096544
-0.15984121
-0.05206573
0.0574069
-0.09027669
-0.27896778
0.14508763
-0.16359583
-0.00205302
-0.10956814
-0.43219344
0.32048745
0.64909056
0.28347712
-0.30587684
-0.1562887
0.18562198
-0.03157292
0.05238107
0.17484319
0.1316567
0.30410797
0.24848616
-0.00432544
-0.20502464
0.4613821
0.10041361
-0.08191204
-0.06142752
0.215076
-0.20761285
-0.04669837
-0.22149622
-0.18115231
0.08278419
-0.05567726
0.06273016
0.11621017
-0.06008251
0.04962913
-0.16936166
0.61615431
-0.11949731
-0.02582648
0.19707669
-0.30674835
-0.04311372
0.25914217
-0.07366753
-0.16914906
0.16257096
-0.00951547
0.25411063
0.15885231
0.39363695
0.3780411
0.08319864
-0.38787362
0.06557318
0.00816688
-0.08172873
-0.36895957
0.36293892
0.23602173
0.50215341
0.40907979
-0.49203091
-0.2224963
0.18425046
-0.19124227
-0.42237366
0.26582263
0.18806446
0.03512172
0.07669312
0.09186027
-0.04052461
-0.18662459
0.27378724
-0.07754599
0.152886
0.09156721
-0.1233004
0.14434451
0.17569475
-0.17867435
-0.24935205
0.40359292
-0.04781374
0.06038119
-0.25104811
0.0073354
-0.34223329
0.14464779
0.15202143
-0.11930975
-0.00853857
0.09758009
0.07495045
-0.3314995
-0.00411845
-0.24637216
0.03142999
-0.10117989
-0.19863128
-0.16340995
0.20808486
-0.0998446
-0.12704513
-0.28518779
0.47221671
0.1573047
-0.0118291
-0.15456391
-0.122963
-0.02114554
-0.08648137
-0.16386787
0.53871453
-0.10769872
-0.08928607
0.05312259
0.06926761
-0.39711023
0.02315573
-0.37432147
-0.25600624
0.22603852
0.31915343
-0.33801008
-0.12398587
-0.16675885
0.06294718
-0.0335856
0.15821974
0.13983932
-0.15842273
-0.10791442
0.18385092
-0.50559093
0.45561788
-0.06829083
-0.03302877
-0.14768789
0.24792973
-0.28007506
0.25319698
0.05826384
-0.4141015
0.15281452
-0.19342221
-0.28905881
-0.30269828
0.29658545
0.1665895
-0.305874
-0.15702952
0.0685817
-0.3568729
-0.46281856
-0.41898418
0.10622956
0.03817882
-0.3888822
0.36380399
0.10929368
-0.04301921
0.30930725
0.77037082
-0.23227675
-0.11350329
-0.00229251
-0.24935282
0.09535621
0.30300408
0.12591786
-0.17889919
0.35337769
-0.10458856
0.08672512
-0.28195
0.29648566
0.12232136
0.01845945
-0.13555729
-0.13115733
0.14133114
-0.13020017
0.14526864
-0.28167542
-0.02595205
0.27644715
0.19134415
0.14847627
-0.63947523
-0.07328192
-0.28747361
0.08820834
0.00970944
-0.05306325
-0.12744808
-0.13438123
-0.2516566
-0.2090735
-0.22597488
0.57015217
0.13481842
0.22223769
0.19318335
-0.14340088
-0.29190353
0.18355348
0.55159149
0.2156615
-0.30705032
0.35930987
-0.08002907
0.03570222
-0.05087919
0.09816926
-0.30861905
-0.50712439
-0.87715318
0.06569339
0.21595307
0.43699918
-0.09988187
-0.04697774
0.24621871
0.01902845
-0.16343794
-0.05241082
-0.20268564
-0.2048356
0.1593199
0.08118559
0.31079414
0.11971795
0.18070522
-0.24044516
0.02100876
0.08623696
0.47601031
-0.30272738
0.11098824
-0.16699896
0.35306865
-0.03205409
0.27089989
-0.04936385
0.33819264
0.00956868
0.23892871
0.47320563
-0.22185687
-0.0811001
-0.31889883
-0.10256295
0.28256637
-0.33865249
-0.2774671
-0.18429222
0.0117408
0.22065166
-0.2534891
-0.4665983
0.01238724
0.24019993
0.03191518
0.02732413
-0.05447457
-0.31832597
-0.35394753
0.07192891
0.04957863
-0.06047801
0.51087634
-0.08572387
0.01755365
0.40227493
-0.11419839
-0.51157137
-0.28509607
-0.2375316
0.22556336
-0.28534827
-0.15622702
-0.34114316
-0.19869845
0.15363952
-0.12697716
-0.01810686
0.13008664
0.29563445
0.42760413
0.20760331
0.68595835
0.25153482
0.0264162
-0.09613304
0.11281136
-0.50428815
-0.16527531
-0.25134549
-0.17655602
0.03108978
0.07034611
0.17013814
-0.33144629
-0.04374866
0.7067624
0.03794681
0.16573605
-0.35585856
0.06270116
-0.09981649
-0.09057669
0.01262771
0.07085706
0.2186064
0.05984868
0.15510082
0.08801943
0.51252626
0.27604596
-0.20446004
0.06709861
-0.13334278
0.21042474
-0.22123652
-0.08469959
0.46724059
0.02553301
0.56391341
0.07558928
-0.23206621
0.14589841
-0.17405753
0.00597042
-0.25887776
-0.44797521
0.34011339
-0.04421211
-0.07955104
-0.20644577
-0.36442454
-0.44389921
0.50109112
0.22771336
-0.00919494
0.18410121
0.33899735
0.11372574
0.28527755
0.07963455
-0.27512874
-0.15431546
0.87863115
-0.41547211
0.31542452
0.23005862
-0.12561066
0.03684799
0.23649796
0.09851582
-0.38202063
-0.32619847
0.25620381
-0.05380665
-0.15596916
-0.40168111
-0.17859968
0.26120493
-0.27247284
0.36120469
-0.07312284
-0.56779743
-0.12399095
-0.31695357
0.11503186
0.02133821
0.60511081
-0.69102937
-0.00027069
-0.20497272
0.00240956
0.12414195
-0.06930029
0.17356509
-0.22208921
0.20017341
-0.24912532
0.17786164
-0.20380653
0.23669625
-0.09607587
0.70702023
-0.15938033
-0.26099891
0.19341419
0.12931219
0.191902
-0.18754171
0.15322716
-0.32899895
0.23638914
0.18154152
0.10224293
-0.05158674
-0.16024145
0.29702562
-0.05822926
0.09601194
-0.14562343
-0.11085402
0.11891246
-0.04666011
-0.597631
0.17073696
0.09889186
0.02743397
0.07570852
-0.10734293
-0.35826712
-0.25336169
-0.41111397
-0.0456026
-0.09507488
-0.3669246
-0.05933117
-0.31074944
0.07521129
0.28801965
-0.14659474
0.33194804
0.03084658
0.03013962
-0.01090861
0.16249629
-0.15873688
0.15091758
-0.29044839
0.01264566
0.10793224
0.05173514
0.00758772
0.17545222
-0.21264285
0.40198909
0.08741404
-0.11777952
0.1007004
0.35177377
0.17833907
-0.38078593
-0.23767234
0.06887251
-0.28465958
-0.3768234
-0.30363235
-0.09308061
0.25868547
-0.01655306
-0.04767783
0.54188736
0.22233287
-0.31345296
-0.64037618
-0.08955347
0.20196279
-0.03060155
0.259442
0.15197374
-0.30605143
-0.05419789
-0.27341009
-0.04979165
-0.31888496
-0.08016563
0.02682823
-0.50998405
-0.13708095
0.26261986
-0.20396827
-0.36455332
0.21073642
0.28214127
0.20006301
-0.1032292
-0.19734962
-0.13417239
-0.32336915
-0.01315784
0.05763981
-0.0764344
0.42003251
-0.18528648
-0.00093226
-0.06600827
0.07457712
0.08902219
0.17194463
-0.13557837
0.14760509
0.26043582
0.28649237
0.13474857
-0.02570552
-0.03502849
0.05248926
-0.13618946
0.0181807
-0.11880301
0.41111433
0.02704738
-0.16670014
-0.16035526
0.35035868
-0.08167891
-0.21077327
-0.18570343
0.63255014
-0.21366464
0.38348776
-0.48134254
0.22206604
0.01112564
0.22199047
-0.27281737
0.08505842
-0.31234126
-0.24075881
-0.307428
0.3534526
-0.19986063
-0.13744336
0.14331437
-0.47734911
-0.29837535
0.16855287
-0.01768968
0.12529226
0.19029209
0.06150595
-0.06051203
-0.07490228
-0.06840101
-0.1518501
-0.14055543
-0.35588895
0.24633118
0.05993476
0.04013823
0.08915844
0.3471791
-0.05287467
-0.17696172
0.10671282
-0.09474326
-0.18880172
-0.00999887
-0.18375702
-0.13474863
-0.01073946
0.20188978
-0.07142014
0.1187577
-0.14375426
0.05431552
-0.06809635
0.70193161
-0.17989502
0.36642266
-0.28222338
0.36174389
-0.46295417
-0.24543839
-0.26934826
-0.02703824
0.05427689
0.33064976
-0.09137996
-0.14263944
0.19851939
0.10239319
-0.17151942
0.08026506
-0.04866491
0.15670857
0.13505517
-0.11363109
0.14994329
-0.26276493
0.00588063
-0.57927387
-0.06195026
0.12527319
-0.30026795
0.17384891
-0.08822636
0.00788412
0.23654941
0.31595534
-0.10342624
-0.2739599
-0.08118914
-0.07478784
-0.01278204
0.02917935
0.2893504
0.03061171
0.21637888
-0.18580267
-0.18306021
0.19634614
0.32919614
0.03384876
0.20457886
-0.12816399
-0.24238614
-0.02921198
0.22412145
0.5439771
0.15926621
0.20879434
-0.07369193
-0.28870395
0.54467929
0.29243643
0.3510887
-0.12268501
-0.00902209
-0.36218404
0.06756718
-0.17196664
0.08653384
-0.14535847
-0.06234383
-0.35765995
-0.06297656
-0.0709624
-0.22475359
0.41074675
0.05110641
-0.04893124
-0.2942478
-0.24145203
0.0643499
-0.30523486
0.20002512
0.02084261
-0.52589872
0.02000585
-0.11828751
-0.10125212
0.20147091
-0.31154455
-0.17525447
-0.33769338
0.28337695
-0.29141207
0.04832077
0.05594604
0.0558196
-0.42073924
0.34460585
0.1977161
-0.08996311
0.08188458
-0.49499147
0.05063108
-0.44780943
0.27565744
0.16741654
0.11016839
-0.04972019
-0.46558415
-0.02294562
-0.07570918
0.46434596
-0.16282716
-0.21335366
0.02850156
0.01949446
0.03611067
-0.24094713
-0.01135108
-0.18035487
-0.07752788
-0.02970721
-0.04720608
0.13969484
0.0821189
-0.30931649
-0.3935064
-0.22905881
0.16419147
0.24009029
-0.22089146
0.16952204
0.17841076
0.00989992
0.08911645
0.26949026
0.34174367
0.3832212
-0.29761481
0.16379164
0.01787337
0.27242998
-0.09211239
-0.12415203
-0.51369069
-0.14729273
-0.11515051
-0.21937156
-0.31794353
-0.14881957
0.0994782
0.07476776
0.21059366
-0.01332786
-0.25318244
0.12975767
-0.12530736
-0.03737117
-0.11559176
0.10541273
0.18433344
-0.09701677
0.10430702
-0.26731998
-0.37534844
-0.13162944
-0.10156204
-0.08306769
0.17653238
-0.04831374
0.07605324
0.31838168
0.35096977
-0.10233007
-0.06366317
0.15563284
0.11513755
0.06671905
0.03987208
-0.01034445
-0.56609744
-0.0803628
0.28872775
0.55352491
0.03114038
0.05456444
0.25041058
0.11955382
-0.20289167
-0.18308568
-0.59129161
-0.1228217
-0.02563026
0.02388163
-0.36696297
0.24184045
0.12204471
0.09237287
0.29928201
-0.16200269
0.36732283
0.30390245
-0.03118885
-0.1294397
0.39200112
-0.02024186
-0.45684498
-0.08325295
0.31932048
-0.08008367
-0.01821799
-0.02310535
0.03985374
-0.06426417
-0.27985158
0.09964067
-0.24251832
-0.46161135
0.05896377
