#Number of photons observed douring the burst: 125998
#Average flux [c/s]: 1187.4729044540363
#Average variability: 0.00986452423846157
#GRBbn100709602 temporal parameters: 
#                                   T_detection(MET)= 300378454.982772 s
#                                   T_start= -5.614 s
#                                   T_end= 100.492 s
#                                   CCF campionation= 1e-4 s
#                                   Fit amplitude= 3.0 s
#                                   Used detector= 4 GBM
#                                   Variable bin size= 10 ph/bin
-0.29089393
-0.02239809
-0.0681464
0.12324561
0.10230113
-0.21805287
0.49233546
-0.0719733
-0.02282699
-0.3754942
-0.11905876
0.18021912
-0.25259579
-0.05997702
0.13809889
-0.02594991
0.10022343
-0.38845204
-0.18777291
2.36457636
-0.24670167
0.08127619
0.15477305
0.13689187
0.46816557
-0.27502927
-0.0226208
0.03625954
0.09185152
0.36036138
-0.18461045
-0.31758272
0.09990245
-0.03350829
-0.15228102
0.04256441
0.15720333
-0.01456072
-0.06429921
-0.24797457
-0.35377537
0.17352193
0.43917748
-0.39749719
-0.12508385
-0.34354659
-0.12178403
-0.06025748
-0.00077347
-0.01389909
-0.08326482
0.03550665
2.27645725
0.14527289
0.44918605
0.14425678
-2.47155525
-0.03906825
-0.69684962
-0.23621721
0.23889627
0.10644799
0.55016806
-0.01469564
-0.41263134
-0.08940845
-0.61656302
0.08657931
-0.735191
-0.45794063
0.10318805
2.32926216
-0.12922597
-0.10942741
0.01023201
-0.19733661
-0.03298706
0.00359097
0.14511068
0.38784125
-0.18566257
-0.12970937
0.2278876
0.35571466
-0.10010988
-0.21624293
0.08912971
0.10929673
0.16803033
-0.04013958
-0.0334927
0.0866072
0.13750648
-0.03330556
-0.01077835
0.05351443
0.3101239
-2.26806105
0.32524749
-0.21615829
0.01795057
-0.13865263
2.41177934
-0.08626535
0.2473072
0.1156302
0.05605057
-0.00041295
0.08229688
-0.03928872
0.02277665
-0.43843787
0.15153318
-0.35014645
-1.98976794
-0.06498535
0.3842351
0.50991202
0.09275134
-0.09490278
-0.14383687
-0.35064438
0.17313218
0.13523934
-0.09484232
0.15440365
-0.3189993
0.07305419
0.23840651
-0.13642966
-2.79578194
0.58451098
-2.45846608
-0.01155421
0.38337984
0.27101424
0.16761457
-0.04784807
0.15892339
0.34531392
-0.24368261
-0.61593231
0.06658267
0.12043271
-0.15459413
0.19754416
-0.03270149
0.3611754
0.05535584
-0.6025295
-0.52795158
0.02602488
-0.33914591
0.09383579
2.92943419
0.04535451
0.04566798
-0.1005887
-0.44650946
-2.53546635
0.03520965
0.36603038
-0.04839963
-0.57140178
-2.10627335
-0.22551757
0.09426864
0.15521098
-0.11819323
-0.02022519
0.10492232
-0.56978074
0.28846174
-0.28388325
0.26674795
0.1333586
0.11474569
-0.11532155
-0.04997416
-0.20895422
-0.29311404
0.12388665
-0.00216965
-0.4271211
-0.1496153
0.25189177
-0.19172214
-0.06604319
-0.05355991
-0.05159264
-0.36679263
-0.12077792
-0.01138764
-0.02595011
0.09153734
0.20413162
0.61597449
-0.35408131
-0.07765109
-0.07547488
0.31315798
0.06726544
0.50756791
0.34330643
0.24476526
-0.4787957
-0.36707163
-0.26451244
2.15703124
0.0682923
-2.25686754
-0.7454048
-2.49637454
0.02017475
-0.00264078
0.10122826
0.48841343
0.29571258
-0.1458901
0.27926969
0.19284755
-0.05766404
-0.0828844
0.00681928
0.27740391
-0.35115693
0.47252889
-0.08046071
0.03464671
-0.39529764
0.08660489
0.00117211
-0.07502474
-0.0209953
0.5946534
-0.26129792
0.02423081
0.32446692
-0.57531298
-0.06699361
-0.11022693
-0.03415289
0.01311601
-0.16675507
0.15233209
0.01473781
0.08915342
-0.24310913
-0.24106711
-0.01168976
0.157082
-0.03861032
-0.59145647
-0.09493498
0.36295834
-0.27117223
0.20375554
-0.14605414
0.3801453
0.48017163
-0.2061043
-0.31230186
-0.09612637
0.35944955
-0.09179017
-0.29420448
0.33588951
0.16789344
0.4839209
-2.47472264
-0.10191946
-0.15001935
-0.1500796
2.53496674
0.0156852
-2.50172671
-0.09503196
-0.02905389
0.0849678
0.02383516
0.00651431
0.38725684
0.07320912
0.6044607
0.0397055
-0.05962507
-0.01791382
0.08775408
-0.10980686
-0.69519726
-0.27691288
0.03335097
0.42512447
0.01921941
0.49316072
0.7135435
-0.10563264
0.12393684
2.44444566
-0.14801461
-0.69715762
0.28388914
0.43750348
-0.42729018
-0.07646398
0.29571019
0.23297799
-0.31154787
-0.11049875
-0.29567559
-0.34757013
-0.04375519
0.22332056
0.18475494
0.22483641
-0.00432817
-0.04843844
-0.30942605
-0.00531728
0.11364691
0.17907703
0.30529148
0.37252517
-0.35957975
-0.18389452
-0.43310653
-0.60231595
-0.22719168
-0.56508931
-0.13981738
0.14294171
-0.16217997
-0.09037673
-0.19000077
-0.01549972
0.12714438
0.33261676
0.08452897
-0.09248002
0.33819866
-0.16953577
-0.20818228
-0.53227706
0.0723386
-0.268739
-0.20602228
-0.15622408
0.07084231
-0.06832393
0.22173772
-0.05021203
0.27716506
0.1800163
0.445363
-0.07140846
0.24419155
0.09200547
-0.20748098
-0.02416577
-0.17720797
-0.32725194
-0.10802482
-0.29301452
0.37381602
2.46385193
-0.05136849
-0.04477673
-0.02057235
-2.24864027
-0.16564571
-0.11160465
0.14714284
-0.16657767
-0.24594478
0.04555045
0.04779189
0.023388
0.21935189
-0.33872286
-0.09960184
-0.05487656
-0.5714813
-0.07771772
-0.49779514
-0.27941313
-0.24551794
-0.0151535
-0.20266315
0.16263998
-0.26116732
0.45016994
0.17033717
2.46938137
-2.37857962
-0.1188062
-0.22494805
-0.1953535
-0.6525844
-0.01832415
-0.04145548
0.05169195
-0.00961403
0.27244737
0.05915113
0.05082472
0.14554598
0.34048248
0.24865203
0.17837803
-0.40901254
-0.28177891
0.49380358
0.06423447
-0.0751369
-0.34625558
0.13235554
0.14919571
-0.56990455
-0.4222133
0.11653075
-0.3375792
0.14575222
-0.12722249
0.13234631
0.46523791
0.06822903
0.54147187
-0.447593
0.05475519
-0.06764771
-2.27097475
0.05970523
0.11645994
0.08488038
-0.01298987
-0.11115635
0.16686357
-0.39270912
-0.01891688
0.25164556
0.46820262
0.11425742
0.0611687
-0.01378252
0.03260841
-0.14914223
0.09940633
-0.18782176
0.06095436
-0.13083497
-0.02024891
0.18259292
-0.13110972
-0.32181584
0.33789696
-0.28421423
0.32105641
0.42836717
0.46654928
0.25730501
-0.01868738
-0.27678676
-0.02194031
-0.48569223
-0.52768641
0.04919468
-0.13697558
0.16023415
-0.27244
0.09420554
-0.33546866
0.0620931
0.07430199
0.02275016
-0.06139753
-0.058263
0.18021145
-0.1599832
-0.05374724
-0.1991388
0.40032009
0.08075893
0.16408244
-0.03274176
0.20699573
-0.15688221
0.00290558
-0.35713301
0.13840314
-0.27350708
-0.1143352
-0.01000821
0.32122981
0.19767558
0.17538677
-0.11709484
0.18231339
-0.22348805
-0.48495687
-0.28892742
0.38806217
2.32107096
0.24663796
-0.15267184
0.22764863
0.05656593
-0.23746395
0.23905045
-0.03403167
0.25692923
0.09743344
-0.2770896
0.25766213
0.10789077
-0.00112677
-2.09744311
-0.17862082
-0.30178554
0.28888968
0.10329381
0.10848389
0.02361777
-0.29055431
-0.10940444
-0.40927481
0.06629869
-0.07114074
-0.20587267
0.24295069
0.00948676
0.0582233
-0.1544998
0.22331486
-0.28855063
0.23955057
0.03786934
0.1298897
-0.08232233
-0.5152614
-0.14863689
0.13257281
-0.54014467
0.63940787
0.02015535
0.03591219
-0.80317559
0.08626733
0.46282259
0.00726914
-0.03549923
0.07549452
0.53199909
0.53738486
0.3551276
0.47108026
0.21934047
-0.0164145
0.0749081
-0.22939994
-0.27881686
2.42078246
-0.24693783
0.1275754
-0.20435647
-0.07402573
0.20697842
-0.0941578
0.24561393
-0.43603804
-0.21124701
-0.41714908
2.39268577
-0.01674476
0.08713254
0.45914037
0.17295834
-0.58274195
0.40880382
-0.07870966
0.16614263
0.47693735
0.25614216
0.36015962
-0.01750022
0.14404592
-0.13948478
0.094621
-0.37084584
0.28200326
-0.13479586
0.14562476
0.21030325
0.26198987
-2.20444595
0.00613282
-0.09221942
-0.5467984
0.2821991
0.1600816
-0.17201682
0.12447879
0.03324307
2.50762792
0.03933782
-2.20187982
-0.18347083
0.14879258
-0.00264548
-0.20323178
0.15704892
-0.13810329
0.26643523
-0.17792769
0.52274374
-0.25218413
0.18304451
-0.07957086
0.27888359
-0.12240401
-0.02837141
0.44850492
-0.3864938
0.12392652
0.0543752
2.21624928
0.49272098
-0.21123895
0.05955091
-0.24229054
-0.2722437
-0.12061091
-0.10910784
-0.06304355
-1.95049557
-0.0110202
-2.31376282
-0.1237184
-0.07814916
0.08934344
0.10624161
-0.60668539
-0.054525
0.53659082
-0.196279
-0.19453144
-0.0073635
0.46723859
-0.1863615
-0.07469089
-0.13806188
0.00120282
-0.38430252
0.27130525
-0.08332415
0.3332626
-0.0912144
0.31837671
0.01300052
-0.52661832
-0.13011773
0.00372039
0.02894768
0.02659576
0.14036887
0.14697417
-0.00882965
0.434605
0.64641299
-0.05558713
-0.24920329
-0.37777373
-0.02868193
0.38316948
-0.51253031
-0.63268006
0.04892016
-0.07441708
0.60601909
-0.42388547
0.10093497
0.10202018
0.2483213
0.42130344
-0.20283476
0.19024946
-0.11851761
-0.53002309
0.02592204
0.3136259
0.22069943
-0.63575283
-0.0809396
2.33100579
0.26149614
0.06101396
-2.35624175
-0.2328334
0.2518259
0.26714117
0.23404595
-0.01442609
-0.26652903
-0.12502666
0.140905
-0.42882133
-0.43360379
-0.23268953
0.06983524
0.33235995
0.27248029
0.10034336
-0.11286927
-0.25666714
-0.20223529
0.36162888
0.33342902
-0.13780309
0.19141771
0.11522909
-0.07269744
0.20152288
0.02239993
0.07372873
-0.10889708
-0.7447763
0.30198446
-0.10896352
-0.28171231
-0.37017137
-0.45758557
0.01087557
0.48612501
-0.10370812
0.0949227
-0.10906272
0.19300398
0.25540745
-0.36824462
-0.06484214
0.14138916
-0.10122349
0.24675991
2.47611335
0.18412503
0.05421166
0.08927269
0.15932043
0.08556396
0.00905058
-0.24907849
-0.1779152
0.30861324
0.11878978
-0.19493807
-2.73459684
-0.06689158
0.07247959
0.36213095
0.35255715
-0.39569565
-0.03646187
-0.35704199
-0.14848855
-2.44564734
-0.33020795
0.02582618
0.10707798
0.11823228
0.02724312
0.16268737
-0.03361037
-0.11998447
-0.07514833
0.6583175
-0.08441753
-0.02236093
0.17495731
-0.16316527
0.13006001
0.46328414
-0.05631789
-0.20149013
0.17617757
0.5569207
0.03738637
-0.31623451
0.46345469
-0.36446837
-0.08603597
-0.00424565
0.00195478
-0.04026034
-0.03648229
-0.17353459
-0.05290161
0.19781273
0.05317683
-0.12576032
-0.29747843
-0.29120229
-2.23761275
0.0437995
-0.5444982
2.17073321
0.2484505
0.33829921
0.54341588
-0.2513151
-0.16216616
-0.08295708
-0.17678776
0.2122631
0.23538501
0.04065344
0.48817964
-0.17536965
-0.30583427
-0.18950037
0.32906685
0.17702496
-0.22803778
-0.20504096
-0.07532916
0.06324049
-0.0845348
-0.05387802
0.0598328
2.56633247
0.15193979
2.31451673
-0.38498865
0.06193867
-0.38686552
-0.21414631
0.13562265
-0.17860686
0.22878001
0.17238475
-0.03686838
-2.42264431
0.13276856
0.39654398
0.53011977
0.16020475
0.18197395
-0.3410543
0.2232268
0.0136215
-0.08611097
0.30600055
0.52460091
-0.00359706
-0.14007611
0.13158266
0.47073269
-0.18612423
-0.24611989
0.37163038
0.02552215
-0.38512931
-0.16783682
-0.00269434
-0.56593563
-0.66780282
-0.16400287
0.31468438
0.10711511
-0.51116358
-0.03683893
0.11362611
0.18556738
-0.26734202
-0.37888448
0.08675388
0.1366387
-0.32204581
-0.63002023
0.19727098
2.36276541
-0.03110337
0.14678017
-0.4053181
0.3617272
0.04329941
0.27479715
0.28864367
-0.39928055
0.01421283
0.31612655
-0.21911656
0.24799557
-0.32292958
0.46429677
-0.00543906
-0.28487406
0.21110873
0.04852555
-0.17158596
-0.26736218
-0.01455421
-0.11630571
0.01364705
-0.54499898
-0.34714302
-0.0667421
-0.20044718
0.37941947
-0.33429001
0.19954848
0.0914717
0.01356966
0.34472211
0.0084706
-0.07914592
0.12224064
-0.11497915
0.1801551
0.01807238
-0.14239684
0.00736666
0.10644398
-0.3253314
-0.20428134
-0.14911507
-0.43643798
2.24501038
-0.12757611
-0.17221122
-2.37076639
-0.05193511
-0.09600091
-0.02046154
0.15259618
-0.13308583
-0.09359334
0.25341219
-0.08060731
2.49054712
0.07303751
-0.16178405
-0.44250022
0.21619787
-0.59273285
-0.25496682
-0.07524926
0.0512225
0.33173351
-0.54554613
-0.16178385
-0.15421262
0.17564685
-0.06404743
0.40454943
0.51281492
0.10296628
-0.29581433
-0.11792299
-0.70986076
-0.28705706
0.35585466
-0.36827565
-0.04880304
0.23080345
-0.36469858
-0.07534217
-0.21275631
-0.35958747
0.08755907
-0.16921698
0.64250286
0.0849601
-0.27967949
0.39513868
0.33402656
-0.07594464
-0.12462149
0.11029761
-0.03843946
0.21302234
0.11716387
0.02412934
-1.44319803
-0.56980764
0.78288565
0.58978954
0.3844562
0.43263909
0.0004576
0.04742997
-0.22048247
-0.13985525
0.06869204
-0.05781002
0.37211943
0.56110249
0.14234867
-0.01248355
0.35730652
-0.11503983
0.22531212
