#Number of photons observed douring the burst: 36089
#Average flux [c/s]: 1019.6937160940327
#Average variability: 0.028654356336684395
#GRBbn111109873 temporal parameters: 
#                                   T_detection(MET)= 342565038.657436 s
#                                   T_start= -17.522 s
#                                   T_end= 17.869999999999997 s
#                                   CCF campionation= 1e-4 s
#                                   Fit amplitude= 5.0 s
#                                   Used detector= 6 GBM
#                                   Variable bin size= 10 ph/bin
-0.20519466
0.09294396
0.06458457
-0.48799416
0.02909162
-0.51987111
0.18706972
0.47357607
-0.36491052
-0.10683738
0.75739209
-0.51121043
0.46745878
-0.02520678
-0.18167464
-0.66971585
0.77888857
0.05264595
0.31215349
0.42661138
0.27749576
-1.04323879
-0.19780774
0.19839797
1.06973701
-4e-06
0.06905819
0.53551551
0.28287273
0.210261
0.1315181
-0.39278719
-0.47508283
-0.08043516
-0.26175778
-0.53694926
0.39464835
-0.28943935
0.01861141
-0.42156861
-0.02951522
-0.1289323
0.33747813
0.27622302
0.13468494
0.08975599
0.06375188
-0.11792974
0.72547227
0.38717716
-0.18243801
-0.51690753
0.21051961
0.37827388
0.41724438
-0.27980373
0.25442396
-0.8426721
0.55469751
-0.66204733
0.28905555
-0.17973813
0.73075947
0.4652607
0.4382044
-0.65110821
0.44336288
0.62092805
0.26990075
0.80921157
-0.39204075
-0.40522731
0.30460155
0.06915767
0.11134983
-0.27539498
0.23416326
-0.18998099
-0.13746737
-0.01926906
0.51449878
-0.33583748
0.12077794
0.00661325
0.49925209
-0.40502997
-0.72580628
0.34075425
0.05725447
0.6624739
-0.41565051
0.39390295
0.01936499
0.40884853
-0.06805313
0.47352644
0.10243082
0.08664251
-0.09255204
-0.32913016
0.21096767
0.40978695
0.14255497
0.0479776
0.23168286
-0.23511042
-0.14083193
0.05939096
-0.82866941
0.37937998
0.66840226
-0.35907583
0.13963512
0.42298611
0.10854486
-1.10145459
0.07448361
-0.85767681
0.50401606
-0.81528909
-0.49086419
0.12309089
0.27262072
0.95928525
0.3276671
0.47979786
0.06770794
-0.50867901
-0.88279371
0.3262111
-0.13836523
-0.58382944
0.23475734
0.08940764
0.51973096
-0.83757671
0.31408221
-0.13500067
-0.66218292
1.13592955
-1.12502172
0.28741801
-0.0866676
-0.23910027
-0.65251915
0.56282225
0.42998668
-0.10953451
-0.63975152
0.51222459
-0.17304967
-0.05955648
-0.17963892
0.56733689
-0.47153161
0.75898838
0.55957324
-0.34414645
0.48972175
-0.4852988
1.19475759
0.44635646
0.32613274
0.28575589
-0.91119723
-0.31034973
0.62211758
0.01309068
-0.88970752
-0.28750204
-0.37576231
-0.74323245
0.09203323
0.04585699
0.47626397
0.41931972
-0.64507225
0.49387445
-0.09578615
-0.07624918
-0.04262937
0.12801558
-0.18920618
0.16879135
-0.45630199
-0.69521762
0.05854126
0.33856817
0.28018551
0.40643186
0.8145742
0.72732911
0.57953263
0.75142491
-0.4935793
0.05436099
0.49024779
0.42788102
-0.49685484
0.14031523
0.30444287
0.12624661
0.51134998
-0.49335693
-0.0435031
-0.31490695
-0.67010374
0.64232896
-0.60459088
0.23930159
-0.07522727
0.20804824
-0.20373957
0.67016938
-0.55580189
-0.26083385
0.09737017
-0.43316555
0.42315596
0.74620533
-0.67474089
0.51241971
0.17397287
0.19140675
-0.3087585
-0.65401025
-0.42542755
-0.35716907
0.21822997
-0.62835249
1.27351557
0.34622344
0.70241595
0.30503667
-0.05084158
-0.39965872
0.29124796
-0.14979578
-0.47701894
-0.04411946
0.07071783
-0.63972639
0.3001336
-1.00528344
0.22958728
-0.35909171
-0.42488435
-0.03987667
-0.37365558
0.36650724
0.02100935
-0.42507521
-0.54988068
-0.82442622
0.06484054
-0.66163576
0.33814206
-0.04572313
-0.27110648
-0.34197044
0.54651318
-0.22532689
0.16163443
0.43805197
0.01430841
0.09879625
-0.72894864
0.68159839
-0.12328088
-0.45751359
-0.22305923
-0.37115565
-0.24312802
0.43528686
0.16073254
0.27702421
0.21139702
-0.31440556
0.29585687
0.65593336
-0.93287063
-0.24938558
0.70140554
-0.31476569
0.50396869
-0.26372827
-0.05267653
0.00911574
-0.2963857
0.1253809
0.08430441
-0.64391523
0.25956926
-0.0004895
0.25628257
0.40715356
-0.38850182
-0.76196259
-0.23902333
-0.55154589
-0.21434353
0.11917386
0.11552807
0.60213828
0.39474432
0.18342873
-0.07955303
0.75957149
0.4217624
-0.2342123
-0.00855345
0.42745048
0.40211675
0.11351983
-0.08873983
-0.17042767
0.48808029
0.49699016
0.06668615
-0.97068734
0.73374244
-0.50002174
0.51932772
-0.76263706
0.30828497
0.00180072
0.53561717
-0.65232522
-0.16333083
-0.77683744
-0.1974692
-0.58239905
0.06558166
0.60734306
-0.19700044
0.43131898
-0.74264454
0.7020543
0.49093399
-0.13587646
-0.42683583
0.21429587
-0.78407499
0.54813396
0.12954232
-1.06021333
0.27928323
-0.34474998
-0.04236673
-0.53022741
0.42755661
-0.93502015
-0.39994024
-0.63602579
-0.5120095
0.30619702
0.34828933
-0.4830841
-0.08165069
-0.5180407
-0.22198282
-0.20662252
0.65414704
0.33172115
0.50763719
0.18429606
-0.80883004
0.1660816
-0.40647887
-0.43516609
0.0330523
-0.44123318
0.26953858
0.36744753
-0.00586418
-0.24236131
0.37803169
0.43785753
0.46212966
0.41706772
-0.63939672
-0.2360879
-0.5816438
0.03990871
0.00817198
0.45213466
0.05507045
-0.45412444
-0.55503746
0.10071875
0.19808834
-0.14006963
-0.39130972
-0.37774707
-0.24543839
0.46517726
0.63255334
-0.36411705
0.64356752
-0.86635189
0.34722341
0.70292578
0.28815653
-0.15274368
-0.35834543
-0.4943386
0.78856847
-0.33365286
0.00647585
0.24921012
-0.34758529
-0.70826983
-0.43878279
0.27926546
-0.26108559
-0.97924332
-0.80054226
1.13153033
0.59868305
-0.7775439
0.34297154
0.31243067
-0.35474231
0.32372168
0.18629361
-0.37351133
0.58423084
-0.75153844
0.27994851
-0.22203514
-0.32401074
0.1958897
0.01397444
-0.39911541
-0.36838573
0.40498074
0.31115931
-0.48930243
0.01654521
0.05393277
-0.28209343
0.40100741
0.82611038
0.3847337
-0.51123558
0.18995636
0.77017957
-0.07670394
-0.39833397
-0.02150656
-0.14046622
-0.31190402
0.44452925
0.11642933
0.34987674
0.10622472
0.12014954
-0.07544133
-1.22007634
-0.29012698
0.04096743
-0.29093294
-0.68900789
0.0179302
-1.26226163
-1.12263872
0.01354026
0.53061183
-0.12949898
-0.10088641
-0.56084597
0.55195883
0.00564316
-0.28176437
0.1356697
-0.10801109
-0.19798827
0.64920062
0.03138648
-0.41418796
-0.48113781
-0.79414947
0.37119413
-0.29624524
-0.269
0.5091486
-0.02285787
-0.81651254
0.29224971
0.36092214
0.38304764
-0.20372872
-0.74662482
0.13557843
-0.23062025
0.14681566
-0.29085872
0.70272452
0.52019198
-0.36718028
-0.26846542
0.40463598
0.71191566
0.40977551
0.02419762
0.03560995
-0.39220519
0.31429074
-0.207404
0.38849439
0.15580281
0.4264654
0.43696486
0.21926069
-0.45742746
0.04142565
-0.31837507
0.70003873
-0.1224462
-0.11386942
-0.71951328
-0.47830637
-0.25189838
0.1815224
0.38391004
1.01093332
-0.45999424
-0.39380694
0.25730437
0.56327087
-0.26232392
-0.06184608
-0.15875727
0.10886121
0.18942478
0.42784102
-0.87950069
-0.5342409
-0.03661931
-0.46788824
0.14508347
-0.01000966
0.15447129
-0.41839108
-0.30308009
0.65023872
-1.24527793
0.60777437
-0.14951594
-0.41009601
-0.38818619
0.99123438
0.98732266
0.16430153
-0.86102252
0.60565138
-0.0926834
-0.34517497
-0.93934719
0.27934716
0.30631163
0.02963656
0.73664887
0.4281206
-0.39726142
-0.04054581
0.22403562
0.53008793
0.56161317
0.53042973
0.21567357
0.6932285
-0.7336968
-0.3794665
-0.47273706
-0.74592897
0.10773046
-0.27314783
-0.86025344
-0.13233273
0.60802615
-0.01222575
-0.02089463
0.28174853
0.5129324
0.59525369
-0.13538403
0.19221219
-0.50671443
0.29351554
-0.17613998
0.81697405
0.27068317
0.93363749
0.08476823
0.33040729
-0.58775698
-0.68428056
0.09392871
-0.7613338
0.11983683
0.59055969
0.35015536
0.01526388
-0.54539824
-0.61114933
1.23922724
-0.29274615
0.47086241
0.02264634
-0.14044389
-0.00204992
-0.60125658
-0.46473149
0.53978289
-0.37913265
-0.55218783
0.53696513
-0.11642958
0.80684615
0.85729708
0.35572709
0.19934323
-0.53584072
0.51349117
0.54299429
-0.3358149
0.06605854
0.48219457
-0.46842142
-0.19430537
-0.65103582
0.64648527
0.64550339
0.2370184
0.04538527
-0.09676137
-0.18094345
-0.19142832
0.22905772
0.43713175
0.40934679
0.53238425
-0.69506041
-0.00923446
0.58506797
0.54687585
0.14418532
-0.136913
-0.54477329
-0.58260146
0.50721826
-0.00904414
0.1806581
0.81747952
0.46847376
-0.12414412
-0.48686189
-0.10912067
0.13793827
-0.17718046
-1.05403928
-0.2146372
0.281113
0.39968201
0.46270781
-0.3120101
-0.31622643
-0.10639001
0.04740749
0.008574
-0.62296061
0.15223088
0.27979846
-0.64322716
0.51282149
1.17903957
0.05516962
0.80743072
0.01091715
-0.37016493
0.33589265
-1.00859902
-0.20742129
-0.20984112
0.36070957
-0.33863505
-0.27346642
0.11358406
0.35044773
-0.13196596
-0.22714058
0.11904082
0.6231142
-0.15187314
-0.13785743
0.3024166
0.22634468
0.87334887
-0.81891997
-0.41664866
-0.11532894
0.17137048
-0.4616304
-0.57047347
-1.57828769
-0.04929927
-0.49337343
-0.02985885
-0.09499375
0.10754485
-0.05355389
0.33624379
0.38636594
-0.11320282
0.07256814
-0.62630913
-0.63928417
-0.31524349
-0.72618167
0.23975682
-0.34984383
-0.38671014
-0.73007701
-0.26917498
-0.53753999
0.60749743
0.71793935
-0.41513674
0.48886494
-0.75443113
0.10151487
0.40284244
0.53546312
0.05598516
0.33977172
-0.22783078
-0.50388426
0.3272082
0.70134895
0.09715602
-1.05127887
1.22137712
-0.12956812
0.23245846
-0.4996488
0.49356713
-0.49350266
-0.28907862
0.10743029
0.78261515
-0.81225531
0.44047697
-0.27040449
-0.54564977
0.18289034
0.18537424
0.03060426
-0.06581137
0.31947517
0.39439076
0.34374896
0.61010005
0.34824254
-0.85033317
-0.25190517
-0.11219025
-0.09246074
-0.34174648
0.21964145
0.8138699
-0.68804685
-0.53687359
0.03349879
0.07567432
0.94195021
-0.52118009
0.02285088
0.2924298
-0.3091207
-0.25420478
-0.18663524
0.28580068
0.15945966
0.32785532
0.01566413
-0.56077151
0.16580599
0.22267977
0.53560113
-0.95966843
-0.18860511
0.04839852
-0.24487292
-1.1362207
-0.18261182
-0.21927064
-0.59046178
-0.24951297
0.62206651
-0.18154463
-0.07837493
-0.36317305
0.42929168
-0.16955094
0.45038392
-0.36861548
0.30067237
-0.08973794
-0.19515886
-0.61158103
-0.3196576
0.24341419
-0.13020165
-0.10812083
-0.34526899
0.95100614
0.24150885
-0.53188112
-0.85715542
0.34918164
0.16619396
0.17479719
1.06225201
-0.22130937
-0.19240946
-0.05186655
-0.85669042
-0.10366269
0.39120215
0.52676783
0.15370887
-0.83569645
-0.12842865
0.53805364
0.77221138
0.89077276
0.66581308
0.20624647
0.72706591
0.30881593
0.46651802
-0.505995
-0.00327011
1.21543911
-0.11357305
-0.50746226
0.3488102
-0.75251787
0.09825393
-0.08280679
1.01545124
-0.16379085
0.32432521
0.49295028
0.16912693
0.91498462
0.89981425
0.4185504
-0.70830806
0.16989647
-0.2468549
0.13438591
-0.46598562
-0.03969323
0.02850742
0.31056052
-0.2822219
-0.96752946
-0.23927959
0.37343165
-0.16932724
-0.49002456
0.32024702
0.3507267
-0.43908591
-0.72992849
0.50505448
0.15669592
1.05766788
-0.22281235
-0.01141857
0.55387399
0.54239099
-0.29696377
0.1768703
0.76683631
0.37536009
-0.36319619
0.33085408
-0.05613946
-0.63954022
0.12657563
0.02055764
0.3104634
-0.52868908
-0.3417702
-0.11568788
0.50982556
-0.31562994
0.53717293
-0.08839761
-0.07188314
0.10339659
-1.15359735
0.35022832
0.46663572
0.52431149
0.45590958
0.25444258
-0.43204475
-0.46574025
-0.00247769
-0.49899908
0.11748657
0.41624867
-0.1253816
0.09013483
-0.32380641
-0.65039942
-0.14772837
-0.71178878
0.292603
-0.52152512
-0.29154604
-0.24297935
0.35713592
0.43197874
-0.40673327
0.37463178
0.2557269
0.25571881
0.24057168
0.47348296
0.3075672
-1.06113654
0.05773478
-0.42198867
-0.44546126
0.49239034
0.22149761
-0.19063978
-0.19910256
0.62322553
-0.9616058
-0.06470429
0.28985954
0.61134985
0.10564727
-0.34092781
-0.2520025
0.0910168
0.98821394
-0.28335757
-0.25397526
0.93552866
0.34628052
0.1806728
-0.52958548
0.2128705
0.05458991
0.36888091
0.78570371
0.15992858
-0.35291364
-0.47479639
-1.00263836
-0.34420151
-0.27267952
0.22476106
0.97443138
0.1420344
0.19176181
-0.57793305
0.24117516
0.93946077
-0.233643
-0.41716586
0.08083612
0.62166667
-0.23458934
0.37404464
-0.86380327
-0.54895337
0.08582015
0.26798318
0.19472363
-0.51514427
-0.4777899
1.05767054
3.63e-05
-0.57364353
0.11699167
-1.06400967
0.67103144
-0.31356813
-0.47402461
0.76305251
0.67223433
0.3756365
