#Number of photons observed douring the burst: 56386
#Average flux [c/s]: 1384.8609883092645
#Average variability: 0.0257900806502995
#GRBbn100410740 temporal parameters: 
#                                   T_detection(MET)= 292614348.66192 s
#                                   T_start= -10.424 s
#                                   T_end= 30.291999999999994 s
#                                   CCF campionation= 1e-4 s
#                                   Fit amplitude= 1.0 s
#                                   Used detector= 2 GBM
#                                   Variable bin size= 10 ph/bin
0.06413447
0.74372827
0.09430095
0.09865558
-0.08580059
0.03412627
0.02220316
-0.0492317
-0.02093326
0.06337148
-0.11066127
-0.00523455
0.07371531
-0.09559581
0.10788871
-0.12036044
-0.13004918
0.07771019
-0.15482577
-0.12746152
0.00147127
0.01699247
0.08770323
-0.03327074
-0.06409977
0.00016896
0.7889755
0.00839656
0.07433759
0.17208892
0.0578528
0.06742821
-0.05694228
-0.10960455
-0.14935373
-0.10768439
-0.02307125
0.09240857
0.06648088
-0.09465791
0.05780963
-0.08679074
-0.3473781
-0.1263308
-0.74669002
-0.092411
0.02192833
0.24401943
-0.01566175
-0.01692422
0.53675368
1.06814621
0.26438229
-0.01400709
-0.01943318
-0.13704821
0.13005125
-0.11757018
0.12383971
0.23950779
0.07415723
0.03836965
0.18144716
0.25115642
-0.13302153
0.01849278
0.11720513
0.75636974
0.16184069
-0.87776625
0.04644856
-0.08886691
-0.10350914
-0.11493698
0.06276519
0.14618452
0.05910686
0.18142024
-0.86159642
-0.00048533
-0.00561675
0.08628051
0.08435159
-0.06323724
-0.0241934
0.09396263
0.01612313
0.1563863
-0.06989445
-0.21111665
0.03870043
0.02176594
0.17841712
0.00055809
0.01107574
-0.16006671
-0.0090302
-0.04557054
0.1145358
0.21220258
0.05643003
-0.03715146
-0.07681774
-0.0803739
0.18202744
-0.47470572
-0.01874781
-0.02383989
0.32618165
-0.18353232
0.00749556
-0.07745171
0.08676381
0.00609944
-0.0775099
0.00281204
0.05879145
0.075354
-0.16427661
-0.06406129
0.04259811
0.06426633
-0.04336729
0.13045319
-0.06691737
-0.17751969
-0.03597397
-0.23865558
-0.27402026
0.07066537
-0.23089422
0.18303429
-0.03502426
0.79159609
0.00407312
-0.04340968
0.04565777
-0.05658416
0.87450456
0.04717992
0.00466929
-0.0535727
0.08103693
0.91092331
0.09793132
0.03982459
-0.1063802
-0.66477817
0.00857409
-0.03029902
0.00228518
0.00729161
-0.07952519
-0.13945006
0.00454571
-0.02878306
1.42019945
-0.02297202
0.11003124
-0.13334628
0.02070162
-0.02505162
-0.00724407
0.112677
-0.19982958
-0.13815648
-0.43066857
-0.08093332
0.1668338
-0.03050513
0.16455045
-0.13005256
0.0889615
-0.11544293
0.03955057
0.08780562
-0.2233312
-0.15189454
-0.00901241
0.03468739
0.07349826
-1.01577477
0.06181537
-0.09442124
0.07800108
0.14559203
-0.43308823
0.14765983
0.0023134
0.96154628
-0.28494964
-0.06238152
0.02231357
-0.03310444
0.03501693
-0.01783167
-0.0293681
0.03941695
0.19509116
-0.088555
0.00244533
0.00180194
0.08773336
0.92941112
-1.04093771
-0.03519774
0.17439388
-0.09029128
0.02731535
-0.24030769
0.00067518
0.12889591
-0.04280663
-0.0261577
-0.01587154
-0.0456019
-0.16242555
0.06980097
-0.27342458
0.12379003
-0.1007028
0.07680143
0.06131188
0.06538754
-0.16129403
0.10726112
0.02820004
0.09875809
-0.15147124
-0.07301709
0.17858384
-0.70477043
0.25528759
-0.06285406
0.09882135
-0.02019809
0.17619869
-0.24772829
-0.19488691
0.13843753
0.1976833
0.14401231
-0.15593604
-3.68743941
-0.05259303
0.0097527
-0.05889175
-0.02653351
0.02786631
-0.17385938
0.03850075
-0.65623605
#999
-0.16659398
0.15553561
-0.04871349
0.10945249
0.32860058
0.07868565
0.02452888
0.06901306
0.07159977
-0.05188048
0.04998203
0.03818056
0.06643308
-0.06923906
-0.16101738
-0.05775213
-0.02296048
0.04639335
0.04637203
-0.28321646
-0.04644561
-0.08715536
0.02706453
-0.04389762
0.13318452
-0.07314466
0.06872363
0.0110851
-0.18238688
0.66421364
-0.02440142
-0.07392777
0.21084952
0.06728661
0.02436794
-0.23224712
-0.11303118
0.06714472
-0.3094128
0.11842553
0.12810031
0.02611347
-0.08656926
0.001338
0.0308687
-0.00811525
-0.14688823
0.32270094
-0.0437319
0.07649759
-0.03187375
-0.00750151
-0.06045182
-0.03719715
-0.02733423
0.03627823
0.01890424
-0.10387264
0.17889251
-0.11445376
0.17227266
0.19162608
0.01555252
-0.07397102
-0.01634069
0.00828948
-0.22785207
-0.01116688
-0.219655
0.00027779
0.20547843
-0.00587446
0.04058097
-0.04789686
0.0497022
-0.04118775
0.10270119
-0.08807726
-0.18180379
0.09948142
-0.10462104
0.08696444
0.0213059
-0.00801431
0.03810925
0.15602854
0.09751224
-0.02862373
-3.717e-05
-0.05241218
-0.11181921
-0.07130556
0.05080077
-0.31538487
-0.01518425
0.01113103
-0.04739236
-0.77765452
-0.04183974
0.068521
-0.04416187
0.14151742
-0.02893269
-0.13667501
0.0071165
-0.25648513
0.11293418
-0.11083835
0.09998878
0.0521861
0.22805309
0.04906231
-0.04342027
0.3347817
0.10837088
0.01199049
0.07745812
-0.13950806
0.57353513
0.19565653
0.13266393
0.09771228
0.2399369
-0.786517
-0.64799779
0.61100084
-0.08448121
-0.15453674
-0.05945437
0.17240053
-0.02883958
-0.8350914
-0.09101918
-0.75415074
0.20765858
-0.04337647
-0.07270226
-0.28044851
0.10296812
-0.00378444
0.01281633
-0.61546788
0.0973543
-0.21670064
0.15716015
0.03864397
-0.0311987
0.02702358
0.04266139
0.0802413
-0.01999819
0.00337973
0.17165094
-0.13968332
-0.18961989
-0.13692529
0.03814695
0.03814554
-0.06782442
-0.04225958
-0.18422081
0.06572435
-0.10303677
-0.05339449
-0.13657307
-0.08408546
0.00540612
0.09218804
0.21615581
-0.01775062
0.10189936
0.01386089
-0.08647684
-0.2120268
0.03361322
-0.06007757
-0.10379978
0.04408527
-0.04434894
-0.00927854
-0.03770065
-0.30368032
0.10238447
0.03937946
0.18320512
-0.04884559
0.07821019
0.0346556
-0.09261092
0.09204635
-0.05766606
-0.08441527
-0.0583526
-0.01355112
-0.04606418
0.02531903
0.23432434
0.21427354
-0.12218549
0.0195486
-0.70875271
-0.06060367
0.13576216
0.1577715
-0.05359957
0.27922335
0.11778536
0.05954056
-0.53970728
0.03137129
-0.04326791
0.10337688
0.15373026
-0.08458691
-0.05954459
-0.00388414
-0.80309099
-0.04128572
0.16801309
0.02519149
-0.06701303
0.00517664
-0.17663301
0.02492327
0.21779448
-0.16789395
-0.01905239
-0.24277559
-0.15828906
-0.84910757
0.07832592
0.19143623
0.02412078
-0.01587427
0.08111873
-0.04926709
-0.05108512
-0.02762053
0.04855869
-0.00804285
0.30010971
-0.24129785
-0.08396766
-0.04263238
0.17267241
-0.17269599
-0.04432683
-0.05369063
-0.04621485
0.0041393
-0.11677396
-0.22896948
-0.12130888
-0.06369978
-0.13716253
-0.04892921
-0.2372896
0.01514856
0.07709367
0.09934656
-0.01453619
-0.1310019
0.08570709
0.00925641
0.0104559
-0.05700309
0.08343935
-0.1321849
-0.09894725
-1.824e-05
0.04750369
0.06949139
-0.19801377
0.12593133
-0.18363927
0.03857508
-0.00243027
-0.02136521
0.01171339
0.06154915
0.17496315
-0.01925266
-0.05302445
0.10627828
-0.58739966
-0.13630123
-0.11565335
0.09094808
0.07489039
0.06282132
0.26170883
-0.15221775
-0.09344907
0.00918046
0.06614689
-0.11367205
0.09864437
0.06016723
0.11051294
0.00235419
0.0352102
-0.01936718
-0.09414366
-0.1429757
0.31234756
-0.38521511
0.11139455
0.00899259
0.02332829
0.16003554
-0.78454281
-0.05566453
-0.08218741
0.20355806
-0.09709886
-0.64280781
0.15081384
-0.07670685
-0.02344237
-0.02934281
-0.73865347
-0.05332227
-0.83670759
-0.26048633
0.18961136
0.19927941
0.07376692
-0.04469368
0.36431144
-0.11012175
0.02850772
-0.07779564
-0.15199763
0.03351222
0.09058739
0.25436479
-0.04465743
0.07252896
-0.15382135
0.11321136
-0.0554742
0.0705839
0.0763653
0.20167893
-0.10620565
-0.01472274
0.32946385
0.01438238
-0.17196228
-0.11556966
-0.05423967
0.04577134
0.09896773
0.04729466
0.00341769
0.11939449
0.05093202
0.02291298
0.02139777
0.01627967
-0.64538607
0.15392598
-0.0617547
0.16578514
-0.04639316
0.05797529
-0.07692376
-0.10029436
0.03309108
0.02264249
-0.09842147
-0.03138303
0.13791923
0.0435893
0.19242216
-0.07938684
-0.03444139
-0.01098995
-0.08507794
-0.01414575
-0.09227329
0.04849095
-0.06840892
-0.05573661
-0.03962497
-0.04439645
0.14382942
0.01807057
0.25862887
0.15340468
-0.0536557
0.06432308
-0.7961972
-0.03119479
-0.1800299
0.08823189
0.03452731
0.07389823
0.18724551
-0.03927792
-0.07920242
-0.04761302
0.06046552
-0.01875927
0.67744358
-0.08470073
-0.02469383
-0.02607804
-0.23727034
0.10568487
0.32597177
0.06171431
0.11674721
0.34384132
-0.06974984
0.02340255
0.05067584
-0.00425479
-0.06802116
-0.0532898
0.08443895
-0.06724173
0.02096578
-0.19081527
-0.00074821
0.63266614
0.02236154
-0.03559695
-0.23351713
-0.00180412
0.11746986
-0.0092081
0.03273984
-0.02291743
-0.05867707
-0.59418833
0.54119805
0.11728213
0.12041656
0.07046469
0.03184817
-0.25289622
-0.03908089
-0.15965114
0.05924333
-0.19909655
-0.16091256
0.07032879
-0.05616653
0.02179576
0.02259151
0.04646683
0.13687462
-0.34874705
-0.26705243
0.03386652
0.14068921
-0.11516983
-0.05724623
0.19572333
0.22343574
0.00199009
0.06290777
0.13556437
-0.18615205
0.28027034
0.01743675
0.04440857
-0.07347325
0.06702557
-0.70566313
-0.08827044
0.06669886
-0.08727057
0.00611757
-0.12973973
0.05730099
0.05841801
-0.06620819
-0.06241198
-0.07149458
0.25940743
0.06214322
0.23815612
0.67321047
-0.12929935
-0.17545127
6.773e-05
0.02601437
-0.04112542
0.14247649
-0.08395424
-0.01298889
-0.09167088
0.08505634
-0.06209302
0.19234781
0.51604681
0.02926628
-0.72658154
0.00586936
-0.29397365
0.0758387
-0.05388088
0.03643703
-0.01814833
-0.13272485
-0.08086213
0.00063464
-0.14432378
-0.05826709
0.074058
-0.15536922
0.33817874
0.1919867
0.00995972
0.20835941
0.94517709
0.08068893
-0.00435377
-0.02400605
0.18648066
0.18879846
-0.12223227
0.08646522
0.02306154
-0.04094271
0.12478587
0.23373786
-0.05256065
-0.15671632
0.07322212
0.03132879
-0.10577984
0.04505597
-0.13110546
-0.20744018
0.07161978
-0.08894398
0.1400897
0.24970288
-0.03090026
-0.07592942
-0.04507734
-0.11647313
-0.63475419
-0.12612101
-0.01166414
-5.005e-05
0.25815642
-0.14894491
0.10482219
0.17413189
-0.03164647
0.16042933
0.11758571
-0.01043779
-0.05965503
-0.02584602
-0.05854673
-0.00353884
-0.09119274
0.07383551
-0.01861459
-0.01407704
0.13604237
0.07199994
-0.61022035
0.27623068
0.07611372
-0.03381829
-0.03676528
0.01647794
0.16690737
-0.03115617
-0.08465117
-0.11096124
0.05676376
-0.14214474
0.06005275
-0.09757904
0.01439872
0.01141302
-0.1232064
-0.1612639
-0.003337
-0.02628719
0.013146
-0.09660669
-0.16578085
0.05886626
0.09207622
0.21497109
-0.0328984
-0.12028072
0.18568888
0.10774093
0.04527392
-0.12049543
-0.53683879
-0.14120301
0.04348702
-0.28480984
-0.19008881
-0.03413855
-0.08917347
0.09562886
0.10045847
-0.06236577
-0.15652647
-0.21175793
0.01521946
-0.12824764
0.01856844
0.08170197
0.07974842
0.01142496
-0.2413818
0.12247045
-0.10400085
-0.15902812
0.92173123
-1.86311531
-0.33883941
0.06537327
0.02070649
0.00017784
0.12286525
-0.68598385
-0.15367004
0.11342806
0.05482099
0.01450864
0.07794501
0.03897996
-0.23720642
0.09506294
-0.00979882
0.15104623
-0.02274583
-0.13645689
-0.02214375
0.08069989
-0.02833064
-0.03147763
-0.09297773
0.18888604
-0.01300411
-0.05242376
-0.00629131
-0.11751147
-0.050012
-0.14726758
0.13668822
-0.07911123
0.12840589
-0.1372933
-0.62595642
-0.18464595
0.04599934
-0.06562531
0.19124356
-0.02494031
0.0995475
0.00450277
0.60557077
0.17263047
-0.15089783
0.04742662
0.02763524
0.05685359
0.06385032
0.02777838
0.08064612
-0.2443491
0.00374208
-0.95445556
-0.1622819
0.01348642
-0.00256644
-0.74557789
-0.04723332
-0.1491489
0.10416452
0.27476794
-0.02063393
-0.17158217
-0.02876309
-0.00194189
0.05005199
-0.01444991
-0.17070305
0.008631
0.20089987
0.16373229
0.07494228
0.01965872
0.08575345
-0.04079373
-0.02862349
-0.06932371
-0.21158083
-0.01738994
0.11867251
-0.2572231
-0.11958412
0.02674023
-0.04433082
0.1603849
-0.0197098
-0.07999077
0.64924293
0.10738271
-0.05979268
-0.57624039
-0.03699184
-0.1521355
0.23596906
-0.03730783
-0.23497107
-0.01424291
-0.20452771
0.04632961
-0.01017875
-0.04897849
0.16225557
0.08484622
0.13239901
-0.01706449
-0.04932935
0.0200722
-0.20139505
-0.01631476
-0.16759069
0.09632528
0.06555942
-0.12846721
0.00119069
-0.15383685
0.09128334
0.11176708
0.04634661
-0.63994119
-0.01623641
0.17748731
-0.02662777
0.01133482
