#Number of photons observed douring the burst: 20916
#Average flux [c/s]: 1658.4205518553758
#Average variability: 0.15217279083549762
#GRBbn111017657 temporal parameters: 
#                                   T_detection(MET)= 340559125.719054 s
#                                   T_start= -0.564 s
#                                   T_end= 12.048 s
#                                   CCF campionation= 1e-4 s
#                                   Fit amplitude= 2.0 s
#                                   Used detector= 6 GBM
#                                   Variable bin size= 10 ph/bin
-0.16546898
0.10500229
-0.15637906
-0.09802275
-0.22586358
-0.08135425
0.00909059
-0.1716717
-0.09936334
-0.07024014
-0.04087882
0.02206881
-0.03954865
0.05108199
0.08486082
-0.01558346
-0.06410719
-0.02513809
-0.14249691
-0.05776497
0.05204304
0.04981558
-0.13656474
0.06420818
-0.10508983
-0.05412824
-0.06702663
0.03200775
0.03645164
0.07661089
0.08943258
0.09078598
0.0561274
0.09048526
-0.06669023
-0.03519079
0.0735498
-0.11155433
0.0802425
-0.01608954
0.1497395
-0.08830591
0.08709572
0.10696602
-0.08960876
0.0254122
0.09333601
0.05565585
0.00601861
-0.10183849
0.0122727
0.1046714
0.0411224
-0.025379
-0.00204991
-0.15415349
-0.0560172
0.04958836
0.08564854
-0.05593631
0.0693576
-0.20833746
0.05008288
-0.00485062
-0.06385298
-0.01808977
-0.04460647
0.05521528
-0.0431285
0.08061746
-0.00553844
-0.12890836
-0.14392637
0.01805923
-0.06252073
-0.10114068
0.01304815
-0.0165956
0.09891982
0.00390493
-0.12652907
-0.07202016
0.10371515
0.07284203
0.04864134
-0.06787719
-0.17897932
-0.13338063
-0.02158844
0.01715014
0.10281065
0.0139384
0.05686476
0.03223893
0.07058098
-0.14930871
-0.0041506
-0.03919538
0.0225272
-0.0150312
-0.03016293
-0.00160746
0.03522077
0.11199209
-0.10013084
0.11583331
0.00590987
0.05698243
-0.02441797
-0.11859215
-0.11445168
-0.10986385
-0.03127655
-0.00724498
-0.10473646
0.03634801
0.07009868
0.02968869
-0.0335734
0.08910762
-0.0879673
0.04549934
-0.0342719
0.04231952
0.00821471
-0.10040241
-0.01677873
-0.02246736
-0.00045939
0.1038717
-0.08174358
-0.26359417
-0.08867991
-0.03069936
-0.03398391
0.06421858
0.11687797
-0.1280446
-0.02386262
0.12978034
0.12434676
0.02973513
-0.02440247
-0.00694713
0.07022511
0.00756395
0.09443593
0.03329238
-0.13133807
0.05281173
0.03397486
0.09894451
-0.02746081
-0.02449629
-0.10262625
0.08675191
0.0364142
0.04694207
0.09799916
-0.09805331
0.00706254
-0.0038613
0.08457566
0.06735816
-0.08277178
0.00583706
-0.08949123
0.01379177
-0.03442814
-0.03307622
0.02877589
-0.02021917
-0.03210809
-0.02080782
0.03539193
0.10745769
-0.12826265
-0.02341319
0.01398058
0.06980278
-0.09400195
0.12603722
0.06027551
-0.01020987
0.0425733
0.01632208
0.21228723
0.15916698
-0.01805472
0.03236896
0.22451815
0.04632503
0.0593481
-0.00372137
-0.07002489
0.13150806
0.03863655
-0.02155819
-0.06016753
-0.00981583
0.10495185
-0.09178031
-0.05670002
-0.03933663
0.06885964
-0.14555543
0.0233594
-0.19832817
0.05870115
-0.05903563
0.07047867
0.03959687
0.05882608
0.06694948
0.02177558
-0.0806236
-0.02777988
-0.10136882
0.06632566
-0.00298221
0.02035804
-0.0895392
0.19740689
-0.09897389
0.03250586
0.03010249
0.14021519
0.15907943
0.04873159
0.09557879
-0.01844817
-0.04431519
-0.11001543
0.01821993
0.11366892
0.07778985
-0.0564477
0.08806502
0.10252979
-0.08664806
-0.09957672
0.09421012
-0.0571163
-0.06077209
-0.03960816
0.13562432
-0.08136082
0.10743039
-0.04464857
0.11665108
0.03841313
-0.04827769
-0.06175323
0.07277324
-0.00273116
-0.00171574
0.14319837
-0.17507796
-0.12593927
-0.02622588
0.05016233
0.06102625
-0.0160697
-0.07283705
-0.00158395
0.01059715
-0.04088535
-0.0369679
0.19460714
-0.07830457
0.03713153
0.02225286
-0.03521417
-0.02976934
0.00879639
0.053268
-0.18901392
-0.05396451
-0.19469205
0.05059906
0.04293118
0.00773612
-0.09540787
-0.14356348
0.03962331
0.11563629
0.10329641
-0.08432122
0.05360518
-0.13279262
-0.04775406
-0.00112778
-0.10101879
-0.19731368
0.01285019
-0.03707989
0.07453268
0.06876022
-0.01519891
0.02047216
0.12285788
0.03055626
0.0756633
0.07350116
0.03295561
-0.10210527
-0.01381571
0.0621935
-0.01784159
0.15914007
0.00221186
-0.07851244
-0.10693704
-0.13579016
-0.02000105
-0.20194304
-0.09039196
-0.04318558
-0.08043579
0.06086458
0.11553291
-0.04971081
-0.0471708
-0.10972512
0.0377354
0.08602571
0.14475512
-0.00046586
0.10396517
0.00994742
0.02391755
-0.04003586
-0.04270754
-0.07025696
0.03674766
0.02815735
0.10853724
-0.10047572
0.09665025
0.03667661
-0.02009024
0.01003371
0.01089067
-0.00915038
0.10332316
0.1636126
0.02492942
-0.06322118
0.08460221
0.15193942
-0.01776045
-0.16226034
-0.06962794
-0.00801257
-0.13534293
0.22090428
0.19611083
-0.12070998
-0.09728771
0.03255612
0.01197239
-0.06577274
-0.18742354
-0.05140285
-0.14495617
0.07691391
-0.04030258
-0.00961011
-0.11748375
-0.00242842
0.02399885
-0.05685615
0.07472701
-0.05854564
-0.00615692
0.11484975
0.01945316
0.03606133
-0.00821713
0.03493393
-0.03399773
-0.01205682
0.0857665
-0.04538581
-0.06172631
-0.00583767
0.13370973
0.0816635
-0.2080463
-0.16117909
-0.02909818
0.1468131
-0.23326288
-0.00270098
0.10390304
-0.05080088
0.04747142
0.01993095
0.09009067
0.14478806
0.04540594
-0.08952709
-0.06781074
-0.13263467
-0.14342494
0.06024188
-0.0315267
-0.14184833
-0.02214203
0.051303
-0.03372837
-0.07957007
-0.08488832
-0.02710264
0.06504632
-0.1195912
0.00079167
-0.01888443
0.06694134
0.03886082
-0.28906739
0.09196069
-0.03453034
-0.01694754
-0.00873523
0.02025287
-0.06667793
-0.1204916
-0.03450078
-0.15655969
0.06275992
0.06395048
-0.10176879
-0.1456289
-0.15724515
0.006281
-0.04589101
-0.08419139
0.12507665
-0.01803492
0.11904952
-0.04754805
-0.11069078
-0.05413464
0.00946955
0.00498275
-0.0218005
-0.08272901
-0.00303354
0.00736741
-0.01400325
-0.03575061
-0.01361713
-0.00863715
0.09181959
0.00768278
-0.06462459
-0.03217525
-0.02376091
-0.02406497
-0.09164291
0.00181433
0.07487747
-0.04628331
-0.05839938
0.07769381
-0.02204518
-0.03954726
0.11926772
-0.14108334
-0.06500789
0.09266527
-0.01233246
-0.09076914
-0.11189646
0.15513279
0.05200994
-0.07337223
-0.09033362
-0.0033723
-0.00697939
0.02979647
-0.04808841
0.08819646
0.10157371
0.07941513
0.00941924
0.10009903
0.18825322
-0.00388862
-0.05552838
0.20692236
-0.06709921
0.10753483
0.00233917
0.02978031
0.24611778
-0.03308011
0.13888139
0.0702414
-0.04839641
-0.01116079
0.01267646
-0.2187594
-0.03385312
0.03502219
0.01355055
-0.13533622
-0.01030176
0.01433719
-0.00232979
0.20157058
0.05406793
0.04411433
0.10227487
0.0479972
0.19982994
0.14195153
0.14252519
-0.08457462
-0.09875323
-0.01737861
0.00332136
0.03156722
-0.03158363
0.04541178
-0.13895317
0.02220121
-0.04521399
0.19120639
-0.09488063
-0.0915134
-0.01102668
0.12517913
0.12964518
0.03732415
-0.13444454
0.0055468
-0.04715027
0.07918858
-0.00626916
-0.0638781
0.07500352
0.06268759
0.13747908
-0.11236057
-0.03321464
-0.11820203
0.00062572
0.15420365
0.14112711
0.01732185
0.00182272
0.12633305
-0.21388707
-0.01916888
0.02103867
-0.06799855
0.09858291
-0.04425139
-0.01363825
-0.13014409
-0.0094007
0.03848262
-0.03366735
-0.07061601
-0.05637745
0.14615339
0.00437864
0.03346072
0.14485297
0.19927335
-0.03011434
0.01014531
0.22845664
0.01130965
-0.05655095
0.03135676
0.01930224
0.09983589
-0.04721067
0.00437669
0.09453598
0.10729733
0.02858108
-0.08455691
0.07009162
0.06972081
0.0938394
-0.14599985
-0.05226164
-0.17348912
0.2142103
-0.05663299
-0.03850741
-0.04704814
0.17164517
0.08496691
-0.04407013
0.09834081
0.04559254
0.03472086
0.01656779
-0.05297101
-0.098559
0.00190695
0.066094
0.10000324
0.00421553
0.03555252
-0.17910236
0.05092126
-0.03129313
-0.06298042
0.18110639
0.06972607
-0.04584741
-0.054864
-0.03730571
0.03575495
0.05391855
-0.04665449
0.06940059
-0.09194443
-0.14324717
0.03843026
0.12931201
-0.00900408
-0.11307601
-0.16131053
-0.01536588
-0.11154499
-0.0001325
0.07106954
-0.0739352
-0.13075951
-0.04919085
0.05818191
-0.00385294
-0.11769958
-0.08085116
-0.14382706
0.00270646
-0.12572076
0.01888488
0.01172216
-0.04479184
-0.09807287
-0.01122069
-0.02582688
0.04954789
-0.13526448
0.09531344
-0.20104317
-0.05564499
0.19320777
-0.03590921
-0.03685185
-0.02633903
-0.0172813
-0.05560893
-0.01411154
-0.04909069
0.02802899
-0.10946553
0.11335967
0.12445414
0.00233177
-0.01578407
-0.01374776
-0.05485896
0.16189385
0.01272858
0.10234046
-0.00315803
-0.0283966
-0.16452867
-0.00113965
-0.04685069
-0.01135647
0.09097813
0.01153086
0.0196281
0.0696465
-0.11052165
-0.11195389
-0.04497882
-0.03501049
-0.05654651
0.02298839
-0.1430466
-0.04270596
-0.070042
0.05778818
-0.00752772
0.04335454
-0.0172096
0.19786426
0.07271068
0.150336
-0.05658977
-0.00111145
-0.00534744
-0.14392908
0.10440049
-0.15033073
-0.07328154
-0.00698483
0.06369929
-0.02343823
-0.07400525
0.02840844
-0.00953265
-0.11690728
0.01971396
-0.04013768
-0.13315372
0.04956218
0.00888754
0.06021307
0.00933625
0.00952164
-0.23217444
-0.04231159
-0.15407945
-0.09692585
-0.09702013
-0.0345231
-0.04694435
0.15675357
-0.06280977
-0.0741546
0.09972513
0.14552285
-0.00728973
-0.00111644
-0.03913609
0.03270039
0.07466074
-0.03557577
-0.07371345
0.05469362
-0.05644609
0.06027003
0.00134114
-0.02404722
0.01163108
0.14121311
-0.04603288
-0.00573201
0.03753844
-0.00329125
-0.10893071
0.14143088
0.0930896
-0.07106389
-0.00720204
0.06894994
0.1115529
0.06218076
-0.04044495
0.06663438
0.0560923
-0.09492397
-0.03019968
0.02589482
0.14415938
0.05286026
-0.06409016
-0.27145234
0.03248733
-0.00981657
0.04374782
-0.00321403
0.0273963
-0.01222108
0.01723742
-0.09215215
0.02826703
0.04548883
-0.05625929
0.06880806
0.0958284
0.01779758
0.03023942
0.02421487
-0.01214214
0.08459341
-0.02727604
-0.00278632
-0.14170828
-0.06020718
-0.08193551
0.16726086
-0.02535427
0.05248044
0.16056785
-0.0602549
0.01102534
-0.15498695
0.02992323
0.13101971
-0.23387408
-0.00340173
-0.01469528
0.00324941
0.03120728
-0.13210884
0.06217917
0.02453016
0.18367775
0.09075635
0.19175386
0.07902924
0.03180246
-0.05393388
-0.06824335
0.02365604
-0.00868322
-0.01360715
0.06127123
-0.12610138
-0.04709942
0.13194341
0.02017933
0.12608782
-0.04735395
0.07841007
-0.00710269
-0.05765121
-0.02081405
-0.19280626
0.00655496
0.13652366
-0.00733144
0.15839586
0.14073593
0.13277978
0.11681908
-0.07781345
-0.00919539
-0.01767479
0.15668087
-0.03692023
-0.05178785
0.02032527
-0.08834228
0.01021047
-0.00305134
0.01538948
0.00326582
-0.07068233
0.11201036
0.06009076
-0.12947592
0.00812766
0.06180509
0.00157961
0.05214901
-0.12299224
0.03074117
0.01660457
-0.06250999
0.02263897
0.00026915
-0.00392932
0.04754361
-0.03991813
0.04821956
-0.01430962
0.12455548
-0.11108451
0.07396583
0.05696311
0.05635734
-0.13875638
0.05701948
0.16149503
0.09317116
-0.04807329
-0.21506458
0.1040857
0.01166855
-0.06387264
-0.01923945
0.01075849
-0.09751939
0.1069316
0.22198425
-0.06134282
-0.01057199
-0.03436309
0.02655965
0.07993336
0.10194016
0.09299088
-0.03047183
-0.00415874
-0.1816527
0.07134741
-0.06893586
-0.02450362
-0.01349494
-0.19409762
0.16788266
0.09921091
0.09657684
0.1469363
0.10146432
0.17607104
0.04654113
0.06391584
0.03987558
0.01149011
-0.12172384
0.08596181
0.03715193
0.11100126
-0.02973512
0.09163655
-0.07309587
0.06274828
0.00598519
0.04417808
0.07643479
0.1177802
-0.05034095
0.05795433
0.1154671
-0.09760726
0.09266298
0.19493277
-0.07211642
-0.13228488
-0.06712765
0.09597837
-0.09994079
0.13632977
-0.08040248
0.04254504
-0.10462386
-0.13797944
0.00726327
0.05259089
-0.02528314
0.11190638
0.09808213
-0.0567716
-0.03523196
-0.06602715
-0.1417093
0.14309624
-0.05076587
-0.09279938
0.0157193
-0.11579793
-0.061641
-0.00820778
0.0178768
-0.08216961
-0.13936499
0.2185756
-0.13122383
-0.08763862
0.17344434
-0.0378673
-0.16761331
-0.03302784
0.19334862
0.01661979
-0.01437016
-0.08432864
0.01914563
-0.04626657
0.00257406
-0.03032506
0.07911401
-0.14840419
-0.06841879
0.0325626
0.03534069
-0.28317991
0.02411019
-0.04436626
-0.11547723
-0.01906081
0.08784401
-0.13197697
-0.07570517
0.05054436
0.10112879
-0.0231329
0.10995868
-0.17804088
-0.01135472
0.11640754
-0.07280074
0.13176353
0.04493408
-0.03618283
