#Number of photons observed douring the burst: 103593
#Average flux [c/s]: 1470.3010346736303
#Average variability: 0.014571681097037601
#GRBbn201012233 temporal parameters: 
#                                   T_detection(MET)= 624173743.502338 s
#                                   T_start= -2.51 s
#                                   T_end= 67.94700000000002 s
#                                   CCF campionation= 1e-4 s
#                                   Fit amplitude= 5.0 s
#                                   Used detector= 4 GBM
#                                   Variable bin size= 10 ph/bin
1.38273594
1.42890066
0.52199373
0.92607746
-0.53978648
1.2467371
0.12117305
0.34630342
-0.428796
0.06356549
0.09324934
0.21862592
-0.53924097
-0.34404897
1.4250696
-0.01674116
-0.17068339
0.81241646
-0.43939204
1.0509302
0.76019817
0.40475884
0.66487468
0.33923886
-0.17139643
-0.92765513
-0.22232496
1.13709019
-0.1497667
0.41510078
1.30842807
0.53369408
-0.11144295
0.46324368
0.93648466
-0.56364099
-0.47771587
-0.71300676
-0.50959907
0.36834207
-0.53448879
1.34454902
0.12761612
-1.03572117
0.79324526
0.35386596
-0.24018856
0.94507632
-1.89854005
-0.22097428
-1.08455564
-0.39951312
0.49018545
-0.63215144
-0.1294785
0.40414514
0.44095978
1.00875932
-0.26557846
1.14358975
0.80715568
-0.15455976
2.18125237
-0.9693713
0.04144284
0.16252759
-0.59016545
-0.12778399
-0.09798109
1.42112714
-0.08813804
0.49842957
0.28903683
-1.06143405
0.71705669
-1.0617671
-0.09044998
-0.29247116
0.01238308
-0.49488649
0.47814533
0.95880443
0.49723238
-0.71151693
-0.93963113
-0.58468741
1.06920769
-0.07306009
-0.28991719
-1.13088693
-0.23255913
0.09974351
0.41235421
0.70125943
0.05796353
0.80198248
1.126153
-0.68150613
-0.41591808
0.47027266
-0.3757945
-0.18443644
-0.66389573
-1.14082675
1.32245459
-0.21083426
-0.04464573
0.40588608
-0.45842496
-0.47052165
-0.95550031
1.45924046
0.17043009
-0.94248894
0.89679801
-1.12363453
-0.08961335
0.58149925
-0.14147417
0.31592885
-0.61708291
-0.9260643
0.24154956
-0.36643441
-1.36219853
-0.21336053
-1.18664077
-0.20457158
-0.08369246
1.61791163
0.38140347
0.34774234
-1.1502225
-1.602154
-1.5371763
1.41129629
0.3646441
-0.35728716
-0.61209113
0.69056224
0.3394554
-0.46210974
-0.21199183
-0.60588559
0.06363932
0.4608465
0.11044338
1.20870307
-0.65329394
-1.13680946
-1.02782324
1.02598822
-0.7044994
-0.54143635
-0.27409156
-0.68391752
0.06832596
-0.27732262
0.63742764
-0.17555063
0.40118137
-1.22634194
-1.05919021
-0.15280056
0.12512647
-1.59110807
-0.01580344
-0.04943134
-0.17786353
0.15885735
-0.44317579
0.66288191
1.3855913
0.57171334
0.82567408
-0.51398112
-0.15140493
-0.70259604
-1.01243064
0.20989771
-0.34990668
0.09161438
1.28085452
1.15367924
-0.6063066
-0.16755909
-0.51134885
0.10756379
0.81984147
-0.58517562
-0.70623852
-0.17365563
-0.1229849
0.37741872
-0.4722518
-0.6898698
0.55801114
-0.41127488
-0.12977978
-0.62162864
0.16735664
0.00175218
0.27798112
0.95279696
0.43751132
-0.46353162
1.21816945
-0.42651763
-0.78679025
0.71554751
-0.76486235
-0.45982709
0.12850907
0.2459214
0.31412241
-1.06668596
-0.0622519
0.71573111
0.01999264
1.06625242
0.40150147
0.35864236
-0.20424919
-0.58825938
0.12596695
0.21456066
-0.37520471
-0.93605425
0.69423617
-0.75086474
-0.26173823
0.36123517
-0.67453832
-0.99315349
-0.13929053
-0.12837179
0.27765262
-0.1187299
0.0375935
0.02626446
0.86677255
-0.86737311
1.3348253
0.13417201
0.35993269
0.27831289
1.52755339
0.62709423
0.44761833
1.05921964
0.05408437
0.36473639
-0.81617193
0.85390221
0.40044318
0.31481538
0.66669051
0.95695842
-0.13160118
0.25472825
0.25619558
0.70966603
0.11607156
0.77084453
1.02706696
0.92981877
-1.42872647
-0.27954928
-0.04420151
0.30006994
-1.11439029
1.20063272
0.18031764
-0.04975512
0.99271717
0.52207474
0.19842643
1.13925396
0.03648365
0.57837463
-0.31567394
-0.90021371
-1.05347673
1.18554911
0.28664722
-0.60679999
-0.97787766
-0.62801228
1.36461309
0.20178553
0.36039374
-0.20985971
-0.19537249
-1.06890764
0.26094522
0.40913475
-0.83092651
-1.31754598
0.35927353
-1.41941276
-0.92797911
-1.74718138
1.79346661
0.66931735
0.17451772
0.16238035
0.13201724
-1.3172714
-0.9266542
-0.36077988
-0.07621653
-0.39519252
-0.45744855
0.98299208
1.06703686
-0.86627368
-0.9486314
1.02321221
1.21569867
0.00734516
-0.12198705
-0.00284292
-1.67787898
-0.50304539
0.92390744
-0.27645983
0.67066011
-0.32582862
0.08322491
0.21168958
-0.8438285
0.08570066
0.36957991
-0.9295332
0.35687585
0.41070232
-0.7024676
-0.24929765
-0.0089927
-0.5655282
1.68998815
0.58730246
-0.26473599
0.618535
0.3009008
0.2912805
0.73229482
-0.65963224
-0.77099812
1.12081767
-0.35416444
0.97061992
-0.82012384
-0.33522044
-0.10352276
-1.27040051
1.24642401
0.00106008
0.66620937
-0.46148361
-0.23178874
0.72994457
-0.72981302
-2.1963235
1.341768
-0.06010605
-0.75966313
-0.6299592
-0.33858601
0.98744327
-0.19592087
-0.12327626
1.10011135
-1.44551732
0.73641788
1.10440282
-0.23962157
-0.93584853
0.35187979
0.1661165
0.31385492
-0.21784412
0.13770032
-1.65531518
-1.36780871
-0.10122459
0.27648057
-0.80553951
0.30078786
0.9685558
-0.31263547
0.46019559
-0.24909189
0.25348711
0.17781419
0.23392163
-0.89654863
-0.81532561
0.24836785
0.22412455
-0.17769436
-0.05276675
-1.52096118
-0.86796711
0.45110299
-0.17980038
0.03800251
-1.12069078
-0.07711872
1.00678387
1.1126399
0.68697915
-1.23783952
0.04698833
-0.23634754
-0.27290971
0.33387219
-0.09583566
-0.67349706
0.33901256
-1.31917591
0.48199836
-0.1409119
0.28526544
0.11655405
-0.50373233
0.19912284
-0.2038166
-0.74104768
-0.28408385
-0.34409921
-0.69531516
0.57062832
0.59386316
-0.03409118
0.1900271
0.42772708
-0.64542773
0.2285644
-0.13936426
0.07870051
0.14147539
-0.23669494
-1.41101559
0.01395619
-0.55174437
-0.12915265
0.11613898
-0.1318859
-0.36419851
-0.17965987
-0.55686909
1.07527909
0.20949983
-0.19310606
0.9744956
0.16246633
0.52941289
0.23207706
-0.13032619
1.20406287
0.04591706
1.27305957
-1.25785444
1.25160148
0.0989765
-0.02486568
0.85466412
0.64940111
-0.27522537
-0.24513187
0.7176779
-0.05001909
-0.31695597
-1.13201516
0.76018247
0.8837218
1.32312494
0.67312637
0.27579695
-0.12052905
0.35667948
-0.40691564
0.13345731
-0.08254318
0.51685745
-1.17922378
0.61510993
-0.23905351
-0.17512906
1.63259464
-0.05179448
-0.65785645
-0.10600729
0.58349534
0.55315058
-0.14777596
-0.91274596
-0.34416037
0.00497594
0.84945622
-0.05094441
0.45671952
1.42801831
-0.98018276
-0.55696273
-1.59529375
-0.34628438
0.52015955
-0.60142854
-1.41641326
0.37236329
-0.51407781
0.72786077
0.56846464
-0.68889298
1.77636931
-1.09571101
-0.25366658
-0.07339157
0.20929628
-0.71192652
-0.57784265
0.69340699
-1.40146383
-1.38031506
1.25314988
0.19351736
0.14058686
-0.29576212
-0.79419217
0.4726031
0.38069342
1.23819662
0.60216218
-0.43679301
-1.00517587
0.29301591
-0.93416781
-0.44082581
0.24127897
0.68269603
-1.33556022
0.81743274
0.01530455
0.23503649
0.05118731
-0.14673889
0.9327436
0.27673148
0.02088325
0.67805804
0.44340134
0.47011834
-0.24097319
0.54196749
0.89788394
0.39788414
1.05861037
1.53599669
1.77269768
-0.5844435
-0.45187568
0.43287412
-0.7210923
-0.68398055
-0.66584484
-0.16222754
0.9198874
1.33054867
0.35680463
-0.03727204
0.12035184
-0.28530015
-0.03088398
1.00898995
0.75764841
-0.17945062
-0.55473911
2.04047779
-0.3020488
-1.2434441
1.2061234
0.38498897
-0.16069715
0.49960928
-0.23877374
0.27074257
1.22912481
-0.44939672
0.04189577
-0.60893307
-0.46208613
-0.1013389
0.16482672
1.45833696
-0.76813205
1.47026459
0.1563824
0.20284272
0.66383298
1.10662058
0.90059456
-0.7162355
-0.23572934
-0.77897687
-0.85144856
0.33546853
0.83437183
0.12646352
-0.9675683
0.0918632
0.39504782
2.10508232
0.03077429
-0.03165174
-0.03945518
-1.16475215
-1.2078846
-0.58514762
-1.36591335
0.30999083
2.46535167
0.23121076
0.71088031
0.06807012
-0.55098689
0.58263468
-0.85186113
-0.83151786
-0.2343857
0.16197174
0.8910191
0.70168673
-0.55266484
-0.11019637
1.12742926
1.19008748
-0.06675162
0.1612626
0.1997761
0.24270239
-1.58277383
0.97333432
0.37067082
0.5389332
-0.65781516
0.64301738
-0.39670197
0.09730723
1.52856501
0.01233843
0.2544528
-0.2064388
0.36074762
-0.48116409
0.25675604
0.69743929
-0.4096511
0.15765652
-1.17329753
1.3072792
-0.03268389
-0.10973177
0.63491
-1.41726728
-0.38471116
0.52042753
-0.50436432
-0.5682834
-0.66392569
1.27383513
0.56647642
-0.26855764
0.13357869
0.98001585
0.2684588
-0.5634931
0.08181398
0.062224
0.20709229
0.20890411
-0.749421
1.09627983
-0.19903849
-0.66160994
0.93579572
-0.44222717
-0.94805287
0.88938997
0.14208637
0.11165965
0.50497319
0.73602586
-1.26115056
-0.83985256
1.48200234
0.22658305
0.08550221
-0.23436996
0.45201406
-0.17618627
-0.34234325
0.71695484
0.15434961
0.83584197
0.22735855
-0.5495394
0.61861238
-0.00724123
-0.52153988
-1.25305347
0.89983068
1.13286432
-0.86602172
0.42880028
0.31773025
-1.03810967
0.52164633
0.56564392
0.3554658
0.06372924
-0.24266191
0.32884112
-1.00370734
0.23260394
0.08495857
1.04228576
-0.09171032
0.48665233
0.97825597
-0.0026828
-1.89338261
0.73471481
-0.1467334
0.4705687
-0.14308466
-0.5624885
-0.0076475
-0.3587371
-0.2735882
-0.27482931
0.45871923
0.72204015
0.08825635
0.0288118
0.27257377
-0.0662315
0.98917044
-0.65570097
-0.26540873
-0.17457567
0.72478733
0.59636795
-0.73752978
-0.29429812
-0.11920706
0.27165848
0.00846628
-1.02565604
-0.83772395
-0.51044449
0.52395475
0.48409024
0.07469396
0.43549554
0.0936307
0.38793704
-0.0190627
0.23900548
-0.77491855
0.07930288
-0.40673958
-0.89675362
0.25522014
-0.61469512
0.04890333
-0.59374555
-0.83440446
1.00614432
-1.39662889
0.64925487
-0.31015429
0.72840577
-0.26923658
0.2256746
-0.40316327
-0.0166155
0.03961713
0.21375604
-0.33231551
-0.3738069
0.72107265
-0.94766369
0.60591755
-0.19898157
0.15793288
-0.4280467
-0.59591359
-0.11869926
-0.33040683
-1.02168889
0.16861996
0.44822503
0.70059573
-1.31012312
0.27566461
-0.51864917
1.30224805
-1.21553348
-0.49738495
0.21745828
-1.1408215
-1.32138138
-1.57146183
0.49649621
-0.32880157
-0.49986912
0.40663841
1.28202595
0.20570506
0.65791985
-0.21497856
-0.98842342
-0.35190475
1.17645751
-0.21108557
-0.00152146
0.08020074
0.34171697
-0.11855511
0.45087359
-0.42978366
-0.21551984
-0.35977744
0.63278315
-0.95595083
1.31105996
0.68350004
-0.50725253
0.65003283
1.27230991
0.86662455
-0.39985985
-0.069374
0.01030333
0.41095108
0.14439321
-0.26320922
-0.18006325
1.25119046
0.71791415
1.00833695
-0.58098374
0.29709041
1.58820253
-0.85584651
-1.03321849
0.54898857
0.45109684
-0.35941811
0.85140949
0.46069761
-0.22725943
-0.4327129
-0.98188973
0.67256476
0.19717926
-0.37461344
-0.10895263
0.31566402
0.39099215
-0.46718254
0.56621104
-0.19916397
0.30805686
-0.6744691
-0.76424732
0.61997758
-0.20858578
-0.47853519
-0.18352547
0.18120788
-0.71488091
-1.66914539
0.74783911
0.7666774
0.38650804
-0.71988733
0.16545347
-0.07917621
0.22731385
0.65023411
0.46203328
1.05029055
-0.02600153
-0.62459637
-0.39618673
0.27020473
1.57160858
0.17205128
-0.29073645
0.63621107
1.09645688
0.63628671
-0.59546512
-0.54167743
0.0295786
0.37938658
1.34820104
-0.00556846
-0.4243601
-0.08040039
-0.49500861
0.70270008
0.27171786
-0.13657608
-0.01250093
-0.2592121
-0.2923387
-0.75786857
0.16154469
-1.18253264
-1.1493868
-0.10009956
1.55422568
0.30335511
-0.04229281
-0.66105105
0.07349332
0.05613534
0.46847364
0.79018194
0.72668996
-0.3238396
0.06142252
1.10692056
-0.17120137
-0.08606071
0.61739926
0.09648592
-0.05559505
0.61998158
0.24853147
-1.23030819
-0.88448207
-1.43040681
0.31752712
-0.4536084
-0.18419326
-0.80839196
0.14006066
-0.04382457
0.07213463
-0.58993054
0.20043887
-0.39201275
-0.54489671
0.4544012
0.55405061
0.53402873
1.03554058
-0.56234534
0.83463197
1.01406098
0.06925224
0.03237554
0.50759743
0.14654814
0.26255488
-0.56744959
-0.05056857
-0.07864626
-1.92053776
-1.12909192
0.31012009
-0.36302053
-0.30766787
0.0180981
1.33330109
-0.39698801
-0.37619556
-0.43688533
0.89278772
0.41222202
-1.16624346
0.17985775
-0.22782258
0.28391976
0.36564853
-0.56508838
0.75490947
-0.2402654
1.6015693
0.38641015
-0.23530284
-0.55378079
-0.64389077
0.85413456
0.06363834
