0  4.062647  4.9918404
1  4.9918404  5.8958707
2  5.8958707  6.7791057
3  6.7791057  7.645911
4  7.645911  8.500655
5  8.500655  9.347704
6  9.347704  10.191425
7  10.191425  11.205647
8  11.205647  12.228911
9  12.228911  13.268765
10  13.268765  14.332754
11  14.332754  15.426656
12  15.426656  16.547163
13  16.547163  17.688072
14  17.688072  19.03663
15  19.03663  20.394684
16  20.394684  21.759296
17  21.759296  23.142162
18  23.142162  24.556845
19  24.556845  26.016909
20  26.016909  27.758522
21  27.758522  29.597374
22  29.597374  31.553713
23  31.553713  33.627884
24  33.627884  35.176277
25  35.176277  36.7825
26  36.7825  38.42086
27  38.42086  40.089905
28  40.089905  41.788193
29  41.788193  43.707718
30  43.707718  45.659573
31  45.659573  47.641777
32  47.641777  49.652348
33  49.652348  51.89437
34  51.89437  54.165676
35  54.165676  56.46362
36  56.46362  58.78557
37  58.78557  61.342876
38  61.342876  63.92218
39  63.92218  66.52005
40  66.52005  69.35139
41  69.35139  72.19614
42  72.19614  75.04994
43  75.04994  78.128395
44  78.128395  81.206856
45  81.206856  84.28062
46  84.28062  87.56809
47  87.56809  90.85049
48  90.85049  94.12881
49  94.12881  97.622314
50  97.622314  101.11354
51  101.11354  104.60369
52  104.60369  108.31216
53  108.31216  112.02223
54  112.02223  115.953926
55  115.953926  119.890785
56  119.890785  124.0538
57  124.0538  128.2253
58  128.2253  132.62546
59  132.62546  137.0349
60  137.0349  141.45358
61  141.45358  146.10304
62  146.10304  150.76253
63  150.76253  155.65457
64  155.65457  160.78056
65  160.78056  165.9183
66  165.9183  171.29184
67  171.29184  176.67795
68  176.67795  182.30171
69  182.30171  187.93887
70  187.93887  193.8156
71  193.8156  199.93338
72  199.93338  206.06631
73  206.06631  212.44226
74  212.44226  219.06273
75  219.06273  225.70013
76  225.70013  232.584
77  232.584  239.71591
78  239.71591  247.09743
79  247.09743  254.49855
80  254.49855  262.1512
81  262.1512  270.05695
82  270.05695  278.21738
83  278.21738  286.39993
84  286.39993  294.839
85  294.839  303.53607
86  303.53607  312.4927
87  312.4927  321.7104
88  321.7104  331.1906
89  331.1906  340.9348
90  340.9348  350.94443
91  350.94443  361.22083
92  361.22083  371.76535
93  371.76535  382.57935
94  382.57935  393.664
95  393.664  405.02057
96  405.02057  416.65012
97  416.65012  428.79703
98  428.79703  441.22028
99  441.22028  453.92078
100  453.92078  466.89932
101  466.89932  480.15662
102  480.15662  493.93967
103  493.93967  508.00372
104  508.00372  522.3491
105  522.3491  537.22424
106  537.22424  552.3821
107  552.3821  568.0718
108  568.0718  584.04474
109  584.04474  600.5508
110  600.5508  617.3398
111  617.3398  634.66205
112  634.66205  652.51764
113  652.51764  670.6541
114  670.6541  689.3221
115  689.3221  708.5204
116  708.5204  728.2475
117  728.2475  748.5012
118  748.5012  769.02545
119  769.02545  790.07
120  790.07  811.6311
121  811.6311  833.70435
122  833.70435  856.2846
123  856.2846  879.6195
124  879.6195  903.4484
125  903.4484  939.40515
126  939.40515  976.55524
127  976.55524  2000.0
