#Number of photons observed douring the burst: 113553
#Average flux [c/s]: 1212.7066512879662
#Average variability: 0.010797207742013787
#GRBbn190406745 temporal parameters: 
#                                   T_detection(MET)= 576265958.155266 s
#                                   T_start= -12.82 s
#                                   T_end= 80.816 s
#                                   CCF campionation= 1e-4 s
#                                   Fit amplitude= 20.0 s
#                                   Used detector= 3 GBM
#                                   Variable bin size= 10 ph/bin
-2.58690025
2.02092781
1.21013414
-0.49831775
-2.33041106
-15.53875454
3.99051145
1.9094262
-0.29011387
0.7087605
-1.04650754
0.59663241
1.24459756
-3.25389054
-0.93685169
2.65109755
0.38005935
-1.76606709
-1.7450045
0.00867092
-0.41437958
-0.88658957
-1.29618245
-2.46495582
-0.75522015
1.06312945
1.48686716
1.71157467
0.93978014
2.21567825
-0.41006374
0.42639879
2.10529181
3.12101396
-0.81892585
1.12237175
2.37853032
-14.55690802
1.14388224
-0.48631135
0.18331622
1.67096548
0.68457441
-0.77131984
-1.62273922
3.11539691
0.98614217
-0.64300788
-3.38747831
0.81448585
-0.80186832
-0.68902399
0.48573744
1.27403887
1.38308614
-1.20264279
1.80036928
-1.44647541
3.14165752
1.7596174
-1.58583472
-1.49804208
-0.82546947
0.53658116
0.83860183
1.6070304
0.93996697
-0.41250823
2.61059919
-1.82670718
-4.04443759
-1.05577785
0.22644552
-0.28534778
3.05882231
-0.32811604
-0.2323863
0.33214547
4.10638729
1.58398954
-1.37697701
0.09797747
1.69310518
2.39657668
1.85793346
0.36551115
-1.12540504
1.31448013
1.02806899
0.34643043
1.29448067
-0.84846641
-0.15974917
-1.42946874
-0.83241222
0.63786208
2.37840558
0.1559697
-0.28142907
1.41740867
-0.05026505
-15.16986226
4.28537398
0.03629461
-2.22240035
-3.04654649
16.28800798
-0.04030805
3.37188333
-2.73108272
-0.97598943
0.00448962
-0.11478972
-0.59600167
1.68614821
-2.57822279
0.24571863
1.87007232
3.81112908
-0.82230314
0.66489274
3.31957112
-0.92321286
-0.28068891
0.01199367
1.10095454
0.67792111
0.47891757
1.34680377
0.09406906
0.39011254
0.10766079
-3.6589396
0.65578233
1.70395641
3.03482129
1.6061187
-1.14792633
-1.85184756
-0.70160229
-2.50678565
-0.7740895
1.10527132
-4.23608933
0.04320344
1.26060422
-0.90716876
0.84836186
-0.14432466
-1.53207776
0.78364579
-0.42111595
-0.18700471
-2.3060501
-1.30067964
-0.75489571
-3.42669085
-1.42643804
0.3250013
0.41191309
2.9108659
2.10504153
1.49612293
-2.99200287
2.44588266
2.64414229
2.09842868
2.91736372
2.36169278
1.63257063
1.66585806
0.1229629
-0.87596861
1.35427184
-2.13109029
0.76225518
-0.35571854
0.11196248
0.07238901
-3.11466521
-2.00275165
0.26053193
1.12240458
1.21088456
-0.54680446
1.80288596
1.99503376
3.84773382
-0.85121142
-0.91804976
2.26297645
1.60762788
-0.61524196
-1.26082979
-2.25208115
-1.72302611
2.3767314
3.51101266
-0.10297445
2.79823633
-2.42704218
0.22584494
-1.96790791
0.25932668
-0.01096042
4.05960575
-0.31855337
0.87324581
-1.10844883
0.44925106
15.56574613
1.26323132
0.13858166
-3.96913389
-1.03852572
1.97014598
2.36684094
1.26292994
-3.19916435
0.12453519
1.78166355
1.256814
2.12294602
-1.89935214
2.1206539
3.1418438
0.37381121
-1.71484541
0.58357136
-5.46525173
4.11664227
-1.44095486
0.72436102
-3.56546991
0.01607787
-2.10959912
-1.5062146
0.51188735
0.43729355
-0.34953621
0.58025957
-0.46726978
1.53491093
1.12136831
-0.70284761
-2.25541426
2.13751617
-2.21754192
-1.7125705
1.09580161
4.32274594
-0.11808257
0.00551035
1.31390909
-2.3462527
-2.05526063
1.40720802
-0.81190376
-1.87460708
1.36967351
-0.92126644
-2.79347628
-15.80183335
-0.02762871
-0.63398685
-1.81090597
-0.57657258
3.89101769
1.53067702
0.18677912
0.29607924
-16.61105786
-1.1401886
4.83120686
-1.26407297
3.87741235
0.19626768
0.35238286
-0.0531018
1.35839867
-0.69356827
2.00375819
2.69405672
-0.96382713
-15.66651791
2.4646217
15.85644533
0.07601995
-1.28099422
3.17391293
1.38754266
1.16050409
2.03522585
-0.4772378
-1.4042368
0.67669721
0.09026708
-0.25692583
-4.37624654
3.88077495
0.71926191
3.19526043
-0.36192963
-2.3025938
-0.24677534
1.16792794
0.55708296
2.07241101
1.35455313
-2.96422357
-0.32429352
-1.9351381
-1.13524981
-0.55998756
2.16720017
-0.2269519
0.10097189
-0.20293376
-1.1444409
-2.47699805
-0.15986099
0.75416584
-1.60130443
0.99280546
-2.19044913
-1.47558782
-2.6047696
-1.5431467
-1.21624078
2.65393197
4.09662079
0.04708137
-1.46101013
0.40359124
5.27299304
1.71720231
-2.77850654
-1.99744053
-0.33634992
-1.06847729
1.30530222
-0.0089208
1.03694688
5.44981917
-0.49703283
-0.80525962
1.51612399
2.65941081
2.43256471
-1.73015702
0.09721005
1.27317729
0.55466003
-1.15877381
-2.73046534
-0.82873736
1.85488924
-0.60813819
-0.51071702
-2.13561191
3.24036717
-2.78873051
2.22045031
1.44405866
-0.90992474
-1.57486926
1.02091218
0.60072818
-16.32244416
0.48967044
-0.16481701
1.00957947
-3.47534372
-0.29710436
2.34583511
-1.38266281
-0.26721934
-1.23007818
1.73267953
0.90966444
-0.58528959
0.65873485
3.32290977
-3.4356335
-2.08520989
0.646674
-2.18688611
-1.35810218
-0.08236545
5.32535821
0.50899205
0.08873421
0.8255596
1.70286887
3.1628014
-0.00581376
0.55920536
-3.87990812
-1.05981686
-0.50576521
0.23116448
2.40211823
1.16414702
2.57418311
-1.73516798
0.77851879
-16.65966038
1.25333954
-0.79696628
-1.09571187
-1.70319623
4.50883338
-0.5906326
-15.14227677
-1.27552714
5.16683679
-0.75781671
1.22427284
0.05432617
-0.34736424
-1.56002427
-0.94756503
3.5111426
-1.27253229
0.89915642
-0.958383
15.82372589
-2.559877
0.30283518
-0.14009777
-3.50587675
1.00626279
0.05261498
0.37519601
-4.53069975
1.08228588
-1.36891664
2.45767456
-1.34103507
-3.48697413
0.73450569
0.32928306
0.25383293
-0.29110202
1.15066717
-3.45703075
2.82958316
-16.60164158
-2.28931481
-1.9212218
4.67740454
-1.40478156
2.30876537
1.74321632
1.48259278
1.82019273
0.29178639
-0.99948924
-0.35771241
-2.33717605
2.70458128
-1.71142072
-1.53893204
3.48681447
15.14410557
-2.42185555
-0.58075328
0.39425841
0.87396122
-0.88942464
1.64054676
1.14719425
0.64514306
0.84938615
0.83674948
-1.04683006
-4.4016539
-1.13560101
-0.24705629
-0.75910316
0.57591499
1.02416318
2.41366061
1.21231199
-3.58736598
0.33095589
0.94952685
0.59639929
0.48748816
-2.64222959
-0.05762392
4.64716561
-0.06748547
0.17335459
1.80557925
0.06954875
0.59894191
1.21650919
0.72948603
2.01478246
1.45743352
0.23898501
-0.50850444
0.89972263
1.09825454
0.02189794
0.35088791
-1.56916504
-1.56304115
1.904212
1.04397566
0.30755375
0.42059114
0.99476819
-0.72793481
-2.21111527
3.58870204
1.59266097
-0.28954397
-5.59329278
1.20131132
-0.9140299
1.40752994
-0.53919961
-15.23926901
1.88817689
0.74229516
0.08859084
-3.54469882
-3.47902303
0.32436803
2.78871449
-1.54475893
0.39212518
-2.00654444
-0.6092942
0.5673765
2.25879443
-1.67705389
2.53783487
4.54513103
-3.65300501
-2.28632303
-2.52304421
-0.76451195
-1.75517774
-0.56383593
1.09231625
0.94728769
-2.58200968
-3.37052499
-1.27206447
0.1379904
0.82114493
-15.79456285
-0.70637986
0.78399554
-4.6799606
1.27205317
1.18969067
0.96999684
1.00215739
-0.48144324
0.31482002
-0.4136825
1.51040908
0.15751865
0.67691764
-1.61826662
-1.88667369
2.45829879
2.8526711
-0.92206234
-2.33932304
1.02070787
0.47505145
-0.80652795
-2.2292098
-4.64511738
-2.49422753
4.07759129
3.10018926
-0.03277351
3.12476366
3.71324022
0.67516606
0.00972115
2.01150732
-0.2268758
-1.37214469
-0.63620806
-2.24461876
2.9214026
-2.75926627
-0.8278168
-0.77028586
0.95801993
-0.20926607
-0.48743242
2.24817549
-2.81438355
2.40911745
-1.02949133
-2.05775731
-2.06779678
0.29164937
-1.45434247
-3.65104216
4.56878364
2.35310812
1.24234535
-14.77841197
-1.26932902
1.22937989
-0.20708451
-0.95703012
-0.17701942
1.80483937
-1.87754452
-4.18292137
-0.48381004
2.46356541
1.86134406
3.01188313
-0.43145268
4.8598595
-0.95262076
2.16655344
0.50261422
0.19375702
0.29281704
18.46480385
3.96744661
5.12260404
-1.01520127
-0.61686421
-0.60646228
-1.75172998
0.81031458
0.59117489
1.35497855
0.00888749
-1.65818494
-1.73359252
-0.64776963
-2.58249905
3.11912162
-0.92889221
-0.9352151
0.97933667
1.44948877
2.73468905
-1.39290025
1.06392744
-0.20154595
-1.30637278
0.14295784
2.60084646
-4.81952897
-2.07923074
2.80141757
0.69824196
14.6106169
2.26205125
2.74954237
-1.87144779
2.69564105
2.14298193
-3.39560963
-1.74810563
-0.42676646
-0.45720987
1.57799123
-0.08430584
3.151761
-1.68271614
0.73130849
-0.00123481
13.87257179
-3.85405816
2.05096931
1.80176524
-0.31796776
0.0402132
1.57135117
1.81412521
-1.72731499
-3.74737895
-14.42738612
2.40315223
-2.33398443
1.95654599
-0.09831685
-0.91431377
1.18706039
-0.81607684
-0.33783218
0.11478795
0.75588279
15.55863757
-3.69474466
3.96953523
2.26526698
0.82451432
0.3267726
-0.8827022
-0.15593284
1.25939747
1.59937032
-0.66628072
-1.77011017
0.860055
1.35432932
0.68342251
-2.53650253
0.20842745
0.38272613
1.78993158
0.25622767
-1.96331986
-0.44572701
-1.02008963
0.93601319
-0.63719721
-1.75681953
1.23184563
-0.01789977
1.98100074
-3.31840986
-0.01256459
-1.02669464
-1.18593792
-1.93256658
-0.60623495
2.38925801
0.62176918
0.31904994
0.93997739
1.83263689
0.14375419
1.36103394
-0.67116814
4.24871402
-0.37265763
-0.1736079
-1.52411865
1.59347309
-2.49178589
0.46365071
-2.39953782
-1.01453691
-0.81593041
2.07070446
4.3242654
3.86405521
0.42757284
1.85118443
-0.12409085
-0.54915514
0.59733382
-3.99112806
1.80029228
2.67768358
0.8928261
0.20011759
-0.40228032
-0.8934957
3.53757023
1.5448569
3.69877261
-2.19685929
-2.36720357
-4.07524058
-0.96050316
16.13604271
2.30386357
-0.61680392
-0.33854241
16.54226956
1.00016896
-1.21663442
-0.87615465
0.35373853
0.69008947
0.95352527
2.666765
-1.38046745
16.02315792
-0.93758487
-1.30665772
3.22726194
-2.77689532
-0.93977235
-0.14468184
2.56128575
-0.70237162
-16.01406496
-2.18175513
0.4534105
-17.63568571
0.42926898
-2.93927295
-0.10125337
1.28327984
1.6964696
-4.92066319
-0.1092937
-0.5596169
-2.12777434
0.2911791
-0.67192283
1.5277159
-15.34930098
-2.68693488
-3.22744273
0.96961839
0.03106203
-1.84797927
-3.15222313
-0.95392583
-1.28923784
1.92105267
-0.00602589
-0.02643747
-0.73701709
4.10395565
-0.24861359
-1.55969163
0.0698898
3.64880528
-0.81142272
-0.35489529
-3.13635607
3.35692178
2.36264748
-1.95505059
3.32337434
-1.41343583
-1.10620914
-2.19187467
0.14344886
0.69624038
1.2621359
0.68065418
-3.59769281
2.57128097
-2.79776485
1.22827926
-0.75094384
-3.49543237
-2.58238095
-4.58442277
4.33019659
4.16984566
-0.64735119
-0.86239252
-3.06323184
-4.36644891
2.32926591
-2.82297932
-0.7103273
0.77339592
1.36519605
0.21303511
-6.18010386
-0.07833979
-2.1161104
0.64426735
-0.67074063
0.21113069
-2.13042632
-2.71400654
-0.2805292
1.91696263
0.17133127
0.0123237
-2.18939849
-0.10635821
0.90497746
1.38090707
-0.70755639
-1.37992063
-15.43992806
1.00393588
-0.57300102
17.34288062
3.72242988
-0.73135396
1.26249704
-0.08658344
-0.51620229
-2.75344525
0.67290264
0.17811454
-0.92744765
-4.03907261
-1.19931878
-0.51072985
-0.42197812
3.5022536
3.93691991
16.19597827
-1.0897897
-1.39224373
1.29983777
-1.42921815
2.84592185
-1.63548749
-1.94529803
-0.08998845
0.67727162
14.80738044
1.2401469
0.15540828
2.89706394
1.92348826
1.15644049
-1.11486699
-4.57996131
-0.68069278
-0.89328796
-3.58291012
0.49710956
-1.91238323
-0.46215385
1.79051246
0.28056021
1.51248934
0.34524336
0.83673191
-0.32775556
-0.66618896
-1.73264128
2.64059928
-0.43854572
-3.0935325
-15.3825484
-1.19448679
3.70966493
3.30737418
3.31924709
1.39239809
1.13478414
0.62502424
-3.37084878
-1.12514061
4.09870207
2.09899898
0.41160825
1.43689669
-3.22331147
-1.26472437
0.76624724
1.71153357
-0.92302627
-0.46841781
-0.24820528
-0.15618771
0.05734123
0.35908393
3.24674584
-1.01940078
2.16418245
-0.62193973
-1.70986555
14.43970784
-16.47200409
2.18325337
0.91996232
1.73518196
-0.4460077
-0.46977877
-0.17388581
0.18423501
0.19116338
1.10721344
-0.67156044
-0.49644575
-0.11944203
0.69864522
0.82128571
0.17514741
0.98519723
1.55483478
-1.16085192
-0.50919881
-2.65702087
2.07819208
3.44711176
-15.7893941
-0.777349
-0.71760083
-2.57874866
-0.61588935
0.32952999
0.79778844
2.94462707
0.1252822
0.46806896
-4.8837312
