#Number of photons observed douring the burst: 221448
#Average flux [c/s]: 1354.0990222515732
#Average variability: 0.006549253413931901
#GRBbn101227406 temporal parameters: 
#                                   T_detection(MET)= 315135908.568326 s
#                                   T_start= -4.378 s
#                                   T_end= 159.161 s
#                                   CCF campionation= 1e-4 s
#                                   Fit amplitude= 1.5 s
#                                   Used detector= 0 GBM
#                                   Variable bin size= 10 ph/bin
-0.0291855
-0.14490428
0.17214677
-0.09298581
-0.10252684
0.02326909
-0.08255657
-0.11436935
0.01313725
-0.09867674
-0.07564035
0.19132106
0.08382705
-0.14594076
-0.03168021
-0.05125639
0.09420475
0.01515137
-0.05771348
0.16827914
0.00691456
-0.23935715
-0.03181401
0.10239345
-0.21585058
0.19820379
-0.0200313
-0.06620039
0.01839615
0.17419047
-0.14028578
0.02192359
-0.14141683
0.13025956
-0.17128246
0.07246422
-0.1572059
0.2378346
-0.06150082
-0.09992399
0.23273458
0.17496874
0.31103356
-0.19354316
0.04042608
0.26416738
-0.08090304
-0.03286548
0.25910959
0.24402286
0.08666284
-0.09501947
0.21531328
0.03929073
-0.14833686
-0.06184427
0.03989884
-0.09884009
0.09537703
0.22841397
0.08301366
-0.08614463
-0.06070541
0.26784992
-0.03189931
-0.14575348
-0.16203243
0.07526931
0.17407008
-0.03094
0.0192475
0.01328312
0.00113527
0.01942606
0.21345921
-0.0283122
-0.19461385
-0.19248123
0.0644776
0.00564914
0.27878915
-0.22206169
-0.12854625
-0.18259157
0.21301983
-0.09571249
-0.0912437
-0.03755921
-0.00753371
-0.15427263
0.06941672
-0.08262413
-0.10832472
0.25498181
-0.03571722
0.05312355
0.07223753
-0.23803843
-0.17188811
0.13423801
-0.00904855
-0.07275772
0.09283575
0.07749637
0.09310614
-0.05058203
0.10419281
0.09971627
-0.28160823
-0.15751084
0.13080631
-0.07098465
0.09732606
0.12000545
0.00374096
-0.05512486
-0.16316314
0.14970865
-0.05251434
0.18791895
-0.01083844
0.08029829
0.08426192
-0.20156806
0.03899518
-0.01075098
-0.02644291
-0.18294028
-0.01352811
-0.09108731
-0.09099003
-0.06528287
0.33736071
0.24244554
-0.02729967
0.08690938
-0.00017368
-0.06158226
-0.03306675
0.05434145
0.00058971
-0.04957818
-0.25904521
0.17827442
-0.08909869
-0.0361073
0.09200422
-0.11562001
-0.08286181
0.00782352
-0.0074408
0.19547902
0.16048863
0.04042632
-0.05098514
-0.04629549
0.03336997
-0.21778147
0.0726913
0.08660763
0.01840662
0.06490012
0.1407379
-0.06806981
-0.01556114
-0.09086682
0.07612161
-0.00852554
0.04094591
-0.19848836
-0.10124186
-0.23808088
0.04654484
-0.04087114
0.03670579
-0.0395227
0.00306477
0.09771364
0.13133713
-0.06709745
0.0402251
0.06530412
-0.00199097
-0.27186495
0.13826556
0.21716061
-0.09151285
-0.08435442
-0.23429372
-0.02853297
-0.32946943
0.11838859
0.13464441
-0.15337994
0.13067925
0.02875168
0.03032171
0.11251222
-0.08848998
-0.12479134
0.14957739
0.11432283
-0.04999894
0.13463018
-0.13625801
0.07937177
-0.17119516
-0.18721424
0.08108701
-0.06242081
-0.22245382
0.14852287
-0.04246396
0.06270006
-0.26013389
0.21391479
0.17213336
-0.01055368
-0.00056404
0.1915155
0.11681231
0.02931211
0.00390501
0.05826178
0.00070705
0.00550001
-0.10435234
-0.19796355
-0.01635993
0.02415041
0.29989451
-0.19002451
0.13216404
0.12160324
-0.09357569
-0.14485789
-0.01105627
-0.06862257
0.03113849
-0.11355028
0.04718251
-0.10211862
0.06266377
-0.22459391
-0.21825283
0.10223091
0.07112358
0.15173152
-0.12093932
0.05749922
0.04886559
0.29634514
0.19677632
-0.00224174
-0.15304794
0.16845009
0.03747344
-0.06724859
0.13412608
0.04425407
-0.01608103
-0.14306744
0.1318047
0.14105232
0.22769855
-0.0426274
0.05457993
0.09644929
-0.086967
-0.25930805
-0.13928563
0.25341265
0.02968843
-0.04574618
0.06820031
0.09879231
0.0062529
0.06653974
-0.20148007
-0.55822363
-0.07938717
-0.09533594
0.08733926
-0.05168668
0.01511633
-0.30911163
-0.18000955
-0.0731444
0.07801764
0.05766148
-0.07582557
0.02354495
-0.07334869
0.07645506
0.12840761
-0.03943176
0.17039485
0.06473423
0.10702555
0.11620229
0.17368326
-0.03840128
0.0577191
0.00897552
0.12262003
-0.16212041
-0.1413799
-0.15039368
0.0914603
-0.20278322
-0.06147489
-0.08722695
0.23582751
-0.10220173
-0.11119887
0.13912826
-0.01782066
0.10090227
-0.27832438
0.06024187
0.01629684
0.03133647
0.05274626
-0.10456257
-0.02064873
-0.0719143
0.18704247
-0.10596767
-0.09393589
0.03563971
-0.05161073
0.14011429
0.00166572
-0.09787563
0.03633132
0.03389871
-0.11436515
-0.16908575
-0.00613279
-0.05764985
-0.02987144
-0.10319809
0.17375953
-0.19351701
-0.10732793
-0.1992941
0.13167938
0.05075279
0.17744797
-0.10925872
-0.0459835
-0.14969337
-0.10731332
0.06289153
0.03945714
-0.06932301
0.11479074
-0.03146446
-0.17814221
-0.0767792
0.2197138
-0.04965825
0.27940293
0.06284382
0.07065308
0.19928228
0.22104671
-0.00049682
-0.0602259
-0.10812988
-0.09395307
-0.20498806
0.15076667
0.0626023
-0.08555915
0.14505448
0.02664156
0.03059405
-0.11379259
0.00391785
0.00702891
0.02981856
-0.1382025
-0.00790297
0.03117451
-0.14647163
-0.18873531
-0.09286426
0.27976471
-0.04599439
-0.10074979
-0.08824989
-0.01496042
0.00229703
0.21462964
-0.08492023
-0.15855563
-0.08608918
0.09292104
0.06136467
0.13064528
-0.16019601
0.19445817
-0.05145511
0.05452082
-0.11633628
-0.06421401
-0.05022604
-0.03614816
0.0593706
0.16206866
-0.04591995
0.01785982
0.18742967
0.07037623
-0.05555028
-0.03373681
-0.20534804
-0.05263912
0.01343767
0.05357124
-0.03323938
0.13350884
-0.04441217
-0.01511304
-0.12348974
0.00331946
0.04456329
0.00537085
0.04718238
-0.22363897
0.01333082
-0.17229911
-0.13035591
-0.2382508
-0.16756639
0.02099143
-0.27412103
0.15410866
-0.0233155
0.01490552
-0.19874481
-0.16690249
0.10598936
-0.22969284
-0.02630786
0.05091925
-0.06656865
-0.16620487
0.04958546
-0.09951979
-0.0007644
0.02999689
0.26201505
-0.13348805
-0.15624362
0.16294316
0.16347792
-0.08053816
-0.01203887
-0.01503728
0.05302072
-0.05769275
0.00949965
0.23746697
0.02448596
-0.10584645
-0.10917084
0.01066436
0.11232903
-0.05917631
0.04222364
0.01331969
-0.07325483
-0.14735906
0.13469847
0.17298014
0.11861448
-0.19788996
-0.03706654
-0.26609403
0.07011875
-0.15592223
-0.1518566
0.25230308
0.10470725
-0.12619475
0.18095635
0.02893521
0.01371991
-0.19670001
-0.04308879
-0.24640687
-0.04121026
-0.22654768
-0.08356928
0.01243402
-0.08678592
0.27989087
0.0288166
-0.05005465
0.08866834
0.03345463
0.15289063
-0.27527487
0.09048112
0.01715547
0.18813609
0.22698816
-0.04394358
-0.1314948
-0.12555905
-0.17895969
0.2283474
0.09767999
0.08970235
-0.08974563
-0.16294138
-0.06022592
-0.0281369
0.05867263
0.09605511
-0.03819401
-0.10838888
0.10482523
-0.00633099
0.10888389
-0.15238345
-0.14215863
-0.11716692
0.11303098
-0.23506274
0.01907399
-0.06706269
0.12003099
-0.13004376
-0.16868766
-0.19310967
-0.0129498
0.0126409
0.13740049
-0.15010445
0.0636954
-0.04109546
-0.00931176
-0.15065746
0.14941225
-0.07437625
-0.10073446
0.14982368
-0.15373337
-0.05549423
-0.14377564
-0.01662738
0.21533644
-0.11436393
-0.17274032
-0.00945016
-0.19204704
-0.12278741
0.07299542
-0.00048137
0.07064001
-0.10719595
-0.0368647
0.04331371
0.284713
-0.18531728
-0.07689229
-0.11350388
-0.22560694
0.00522555
-0.10253035
-0.22969444
0.05210989
0.07098797
-0.15626169
0.04983816
-0.05176088
-0.20679237
0.01281856
0.06044026
-0.25167736
0.02303088
0.06626005
0.01435548
-0.1402168
0.13262483
-0.12295007
-0.12418915
0.10533924
-0.0527121
0.02934179
0.02876748
-0.03687599
0.12500419
-0.1402089
0.02810429
0.12482953
-0.09136951
-0.05663265
0.1341856
-0.09629972
0.12395677
-0.11361526
0.02866388
-0.07388605
0.05678919
0.04134384
0.11413627
-0.18767448
0.00045588
0.27114391
0.16007606
0.01497517
0.0227009
-0.11521944
0.1455185
0.13107546
0.1428991
0.08597768
-0.02082435
0.0220924
0.13112292
-0.09197919
-0.06639195
0.2266751
0.012296
-0.00539315
0.11933842
-0.06594434
0.0425165
-0.08707839
-0.09207434
-0.08519645
-0.12056305
0.16763604
-0.05410189
0.07222364
0.10031901
0.22321775
0.08642358
-0.05789954
0.17220115
-0.02683813
0.18265797
-0.12533211
-0.06762427
-0.03107541
-0.01395572
0.06521242
-0.06194537
0.14408247
0.01859589
0.04313463
0.05959721
-0.11598085
0.08778078
-0.14050606
0.15980057
0.17813649
-0.02881243
0.00464704
-0.16864445
-0.28564898
-0.05112856
-0.24233355
0.07243907
0.19897602
-0.07454554
-0.2522638
-0.0944347
0.14470442
-0.00803285
-0.02103531
0.14168695
-0.04322577
-0.17424187
-0.17473777
0.00209481
0.07523533
-0.30629016
0.10900221
0.01506216
0.24129203
0.01971929
0.22798113
0.29781044
0.1567934
0.07769871
-0.0629939
0.03015992
0.0945368
0.1664891
-0.07171911
0.0461728
-0.0671835
0.04207693
0.02985786
-0.1209532
0.14785141
0.0277586
-0.23269759
0.11657879
-0.0373747
-0.04655972
-0.06719281
-0.04801345
0.03532158
0.12749104
-0.03317288
-0.2051855
-0.05680884
0.02960505
0.04672946
-0.04131548
0.1627349
-0.01331727
0.22933014
-0.14529928
0.044618
0.22687439
-0.17685816
-0.11029694
-0.03661121
0.17197548
0.02151234
0.0533489
0.18183365
0.00834828
-0.18040592
-0.01553026
0.02097184
-0.00936212
-0.01531492
0.15596585
0.09350769
-0.06102223
-0.03599515
-0.18690844
-0.30930615
-0.04255739
0.01649297
0.05654864
-0.07203808
-0.02397162
0.0171116
-0.09290871
-0.01278787
-0.2473573
0.07196441
-0.12503902
-0.14207749
-0.20339581
-0.19444297
0.06602242
-0.21498595
0.16020168
-0.04895722
-0.11022302
-0.18244812
-0.04170207
0.08356686
-0.20784698
-0.00685935
-0.11603628
-0.14322708
0.05219423
-0.15277378
0.10366628
-0.0078168
-0.05288235
-0.07020776
-0.0669173
0.05300975
-0.07509644
0.0591535
-0.26883797
0.04724772
-0.1230131
-0.12101048
0.00744815
-0.13293111
0.10190599
0.03640032
0.16680203
0.07510839
0.21398694
0.13655681
0.02769629
-0.20270341
-0.13668282
0.02433924
-0.15716497
-0.19839731
0.0941038
-0.06700338
-0.17323775
0.29525765
0.10095067
0.16334526
0.32407296
-0.10262858
-0.08698411
-0.13768029
0.04707761
-0.06313614
-0.20310551
0.13784421
0.07449561
-0.11282499
0.04400597
-0.14584915
-0.19361522
0.07977351
0.23111865
0.13134792
0.00850505
1.12345145
0.10676512
0.13406693
-0.13808277
0.18692008
0.12111303
0.04108137
-0.06424894
-0.02367314
0.04280097
-0.03441283
-0.05180491
-0.01550051
0.07987195
0.11773175
0.08777686
0.06240024
0.03429635
-0.8785444
-0.04657561
-0.15938002
-0.31372157
-0.15657727
-0.07010093
-0.08685309
-0.14988676
-0.06471965
0.02592294
-0.13921087
-0.0753427
0.04816504
0.14466693
0.10321628
0.11966644
0.02375569
0.03070413
0.0610843
0.10940182
0.01649564
0.06012684
0.10139513
-0.053754
0.15203012
-0.04963528
-0.14413772
-0.09999984
-0.08388291
-0.00471742
0.08918098
-0.19344976
0.1856698
-0.02657216
0.04440028
-0.22590067
-0.28242522
0.29560637
-0.09684328
-0.04157823
0.19505474
-0.24018635
0.03715605
0.07776439
0.05602119
-0.0320225
-0.167779
0.0756089
0.01356031
-0.02526777
0.05181293
0.01718847
0.09744504
-0.01621589
-0.12979742
0.03367338
0.17577022
-0.04008599
-0.00092752
0.20677724
0.280709
-0.36703864
0.02067008
-0.21819345
0.24217227
-0.01295036
-0.03158721
0.11930969
0.13400638
-0.11969732
0.09313065
0.31587867
-0.24651901
-0.00905035
0.07620073
0.19465481
0.03513646
0.11738507
0.1164068
0.04421635
0.22954015
-0.10382035
-0.04682403
-0.01740001
0.12473757
0.05198538
-0.05966708
0.09684675
0.22291613
-0.05579975
-0.19447075
0.01234289
-0.05687861
0.04086355
0.04512087
0.11623356
-0.16012955
-0.1255448
0.0232873
0.0058677
0.06152518
0.10758083
0.35666108
-0.19185397
0.03035701
-0.20700544
-0.13057118
0.0353825
0.02640881
-0.02840455
0.02282804
-0.0802617
0.05955744
0.13011517
0.22399238
-0.09830934
-0.12905665
-0.14787728
-0.13047459
-0.12163029
0.03940668
0.07531636
0.06007349
-0.05651212
0.08715773
-0.16154911
-0.2669945
0.10347046
-0.14061742
0.09891502
-0.01396524
0.09465808
0.11068287
-0.00578287
0.13339857
-0.08183654
0.09123199
-0.01341122
-0.02496149
-0.07951347
-0.19920703
-0.0174217
0.15744556
-0.30423792
-0.09962986
0.28175831
0.02339294
-0.11680127
-0.09738236
-0.07877443
0.27100794
0.02740429
0.08430121
-0.00838947
-0.02836584
0.00341278
-0.07426074
0.16650684
0.15688385
0.01877859
-0.28826386
-0.00476501
0.23210971
0.07311627
