#Number of photons observed douring the burst: 14660
#Average flux [c/s]: 1301.2604296112197
#Average variability: 0.17368871354766624
#GRBbn090929190 temporal parameters: 
#                                   T_detection(MET)= 275891585.966264 s
#                                   T_start= -2.593 s
#                                   T_end= 8.673 s
#                                   CCF campionation= 1e-6 s
#                                   Fit amplitude= 0.05 s
#                                   Used detector= 8 GBM
#                                   Variable bin size= 10 ph/bin
-0.00469666
-0.00361929
-0.00062926
0.00754241
0.00444988
0.00321864
#999
0.00081483
0.00641362
0.00547248
0.01099692
-0.0076988
-0.00087727
-0.00676867
-0.00153718
#999
-0.00318136
-0.00049158
0.01217219
0.01463926
#999
-0.0016278
-0.00540569
0.02119427
-0.00446616
-0.00285788
-0.00519308
-0.01657904
0.01237489
0.02399761
-0.01043449
#999
0.00725158
-0.00242341
-0.00062125
0.00290106
0.00852305
-0.02301063
-0.00797568
-0.00020048
0.00475202
0.00080963
0.03162763
0.0062305
0.01358667
0.00667476
0.00815222
-0.00298729
-0.01059283
-0.01422494
-0.02369243
-0.01311415
-0.00311228
-0.01031262
-0.00608352
0.00399908
-0.02032198
0.00277163
-0.00737514
0.00333813
-0.00077214
0.00039414
-0.0086443
-0.01339891
0.00493778
-0.01454431
-0.00874366
-0.01923547
-0.01038034
-0.00159672
-0.00065079
0.00096584
0.00146401
-0.01035783
-0.00438304
-0.00538645
-0.01740833
0.00965443
-0.00376194
-0.01021132
0.00458709
0.00390064
0.00031238
-0.01206607
0.00211209
0.00625924
0.01064428
-0.004312
-0.01822318
-0.00199243
#999
0.00158972
-0.00118232
0.01698736
-0.00241559
-0.00586328
-0.00013629
-0.00926861
0.00914222
0.01538531
#999
0.01420726
0.00525172
0.01775005
0.00450261
-0.01031237
0.00227962
-0.01545846
0.00168919
-0.00740084
-0.00014524
-0.02013429
-0.00132923
0.0121505
0.00563155
0.01031946
0.00356487
-0.0045919
-0.01198387
0.02783063
-0.00493565
-0.0099329
-0.01015742
0.00785101
-0.00679062
-0.00133211
0.00788909
0.01274205
-0.00302639
-0.01809635
-0.01602529
-0.00922528
0.00971144
0.01220444
0.00042528
-0.00034906
-0.03448568
-0.00440744
0.00512975
-0.00479722
0.00061152
-0.00071833
0.00154049
#999
0.00151943
0.00290551
0.00020225
-0.00646246
-0.01360468
0.00038353
#999
0.01036531
0.00354383
0.00490745
1.269e-05
-0.00769519
0.00082284
-0.0038591
0.00753813
-0.00884157
0.00930271
0.01510351
-0.00696695
0.00122535
0.01049195
0.00665172
0.01430377
-8.405e-05
0.00068254
-0.00225663
0.00709983
-0.00720035
-0.0064721
-0.00549969
-0.0063093
0.02025317
0.00388786
0.01505078
0.00478246
0.01304774
0.00528948
-0.00183723
-0.01642339
0.01326561
-0.00663859
0.00401858
0.01282789
-0.00818701
-0.00700418
-0.01435125
-0.0093167
0.0105791
0.01054262
-0.00043337
0.00935203
-0.00567135
0.00764793
0.0163109
-0.01360687
-0.00323274
-0.00870651
#999
0.01392315
-0.00704863
-0.00533411
#999
-0.00771765
-0.01630508
-0.00476683
-0.0001626
0.03459863
0.00281184
0.01221131
-0.00676882
#999
-0.03793548
0.00861174
-0.0150214
0.00436184
0.00732152
-2.113e-05
0.01194978
0.00500364
-0.00118655
0.01647779
-0.01108929
-0.00428703
0.01092568
0.00874685
0.00803763
-0.01112561
0.00059547
-0.0064665
0.00484367
-0.00266507
-0.0077139
0.00920601
0.00062264
0.01426862
-0.00316844
-0.01840377
-0.01007321
0.00062617
0.00664127
-0.00213706
-0.012233
-0.00219117
-0.0033326
-0.0158894
0.00186049
-0.02320738
-0.00453073
0.0022292
-0.00027585
0.01211944
0.00599781
-0.00654428
0.00235045
0.00243437
-0.0232825
0.00531454
0.00396008
-0.03845882
0.0028423
0.00781062
-0.00552427
-0.01380579
-0.01004278
0.00543629
#999
0.01709148
0.00204781
0.00023505
-0.01656024
0.00284711
-0.00862752
0.01147894
0.00716927
0.02342787
-0.00109511
0.00726171
-0.00581332
-0.00686733
0.00047536
0.01387357
-0.00279338
-0.01806752
0.00738775
-0.00455314
0.01202954
0.00976277
-0.02131358
-0.00040277
0.00869278
-0.00696853
-0.02838368
0.00464286
-0.00045876
-0.00242846
-0.00880821
0.01262595
0.00900472
-0.01598031
0.00286754
-0.00410124
0.00366148
-0.00019171
-0.01104029
-0.00127868
-0.00044788
0.00386087
-0.00139429
0.00595016
-0.01227964
-0.00230068
-0.02372321
-0.02228317
-0.01019089
-0.0135009
-0.00194583
0.00397077
0.01048605
0.02194159
0.00086363
-0.0007591
0.02874004
0.00324594
-0.00818438
0.00739743
-0.01706288
0.01479859
0.00361482
-0.00376764
0.00866423
-0.01652881
0.00376441
0.01346016
0.00467121
-0.00749682
#999
0.01655634
-0.00740912
-0.00724658
0.00773959
0.01812716
8.421e-05
-0.00825956
-0.00180005
-0.00311887
-0.00085533
0.00513495
-0.00676528
-0.00194197
-0.01082692
0.00141999
-0.01870848
-0.01519201
-0.01070326
0.00173986
0.01247181
-0.00665634
-0.00205158
0.00549835
-0.00588301
-0.01811892
-0.0066185
-0.01032415
0.00406427
0.02435394
-0.01543355
0.00361064
0.00025182
0.01491785
-0.00197201
-0.00943368
0.00547597
-0.01739689
-0.00193881
-0.00323375
-0.00572606
-0.00308602
-0.00370176
-0.00410923
-0.00405037
-0.00501099
0.00808495
0.00175149
-0.00737057
-0.0157964
0.00837245
0.0046018
0.00564602
-0.00258863
-0.00341486
0.00665297
-0.01754434
0.00075362
-0.00402085
-0.00167734
0.00641863
0.00047761
-0.00370181
#999
-0.01034539
-0.008747
0.00278161
-0.01005709
-0.00563154
0.01047863
-0.01068384
#999
0.0070048
0.00034137
0.0123814
0.0003934
-0.01060585
-0.00096967
-0.00298081
-0.00574643
0.00121956
0.00590374
0.01613382
0.01499966
0.01080365
0.01107327
-0.00732927
0.00979194
0.00243401
-0.00484523
0.01171728
0.00398339
0.01034977
0.00487147
-0.00616325
0.00417832
-0.00414482
0.00988117
-0.01685764
-0.01351009
-0.0057777
-0.00104122
0.00210668
-0.00286431
-0.00226626
-0.00779499
0.00538891
-0.00755759
-0.00831765
0.04757573
0.00127304
-0.00531963
-0.00801947
-0.01164838
-0.00045637
-0.00787671
0.0029738
0.00235685
-0.01433576
0.00591034
0.00559349
-0.00074952
0.00134589
-0.00270764
0.002098
-0.00568691
-0.00654786
0.00443872
0.02539321
-0.01632086
0.0036112
0.00871248
-0.00871498
-0.01910021
0.01782724
0.00677129
0.0031308
-0.00052258
-0.00376013
-0.00921041
0.00041426
-0.01663796
-0.00575562
-0.00279117
0.0148523
-0.0038441
-0.01661125
-0.00241889
0.02508332
0.01349836
0.01515432
0.00431304
-0.03959947
-0.00416336
-0.01213656
0.01734975
-0.01669187
-0.01092343
-0.00759981
0.0059571
-0.00132466
0.00366431
-0.00812376
-0.00249506
-0.00455125
-0.00514353
0.00558133
-0.00136877
0.01877442
0.0040848
0.00867517
0.00984502
-0.01165041
-0.00342638
-0.00602238
-0.02175959
-0.004721
-0.00285953
-0.01570987
-0.02018488
-0.02192893
#999
-0.00481634
-0.00042611
0.00333099
-0.00017965
0.0033461
#999
-0.00212245
-0.00834927
-0.00405349
0.01158349
0.00166649
0.00593978
-0.02306882
-0.00039758
0.02097522
-0.02013372
-0.02193325
0.00779359
-0.01456624
0.00570768
0.01357581
-0.010983
-0.02099668
-0.00525319
0.00922606
-0.0112704
0.01046591
#999
-0.00424798
0.00483687
0.00591438
-0.01499601
#999
-0.0095231
0.00709048
0.03251605
-0.00932085
-0.01784596
-0.00542366
-0.01032358
-0.01945951
0.01671
0.00095247
0.00047843
2.568e-05
0.00374687
0.01204685
0.00673028
-0.0232027
0.00569434
0.00088198
0.0150601
-0.00635104
0.02119959
0.00900898
0.01408071
-0.01084481
0.00505106
0.00225747
#999
0.02072254
-0.01540387
-0.00670488
0.01424179
#999
0.00155571
-0.00374363
#999
0.00724053
0.01198243
-0.0079066
0.00806675
0.01203464
0.00050921
-0.00687596
-0.00417207
-0.00913902
-0.00366935
#999
0.00939571
-0.02044481
0.00691359
0.01102471
-0.01300174
0.01264977
-0.00028491
0.02050253
#999
0.0110024
0.00524772
-0.01599928
-0.0057696
-0.00823866
-0.00365625
0.01477202
0.01176353
-0.05156383
-0.00540267
0.00739007
#999
0.00060736
-0.0048046
0.00397889
-0.00101916
0.05596465
-0.00064802
0.00192267
0.00935584
0.00209304
0.00457941
-0.01071731
-0.01708055
-0.00216226
-0.00056872
-0.0048293
-0.01384731
-0.00457704
#999
0.00206202
-0.00341759
0.02469094
-0.03291502
-0.0157612
0.01262613
0.00380297
0.01813653
-0.0227637
-0.01286103
0.00622804
-0.00833882
0.01505238
0.01432365
0.00644146
0.00206945
-0.00779342
0.00422219
-0.00783294
0.00309112
-0.01171411
0.00808764
0.00253955
-0.00218308
0.02608247
-0.00284702
-0.00346196
0.00150238
-0.0017894
-0.00654111
-0.00336219
-0.00270284
0.00709551
0.01517227
0.00416604
0.00261682
0.00025939
-0.01683879
-0.00562938
0.0104691
0.00381204
-0.0127701
0.00606517
-0.0190261
0.00621085
0.00402457
-0.00591419
-0.00360644
-0.00325757
0.02093619
-0.00257954
-0.00395941
0.01329458
-0.01453364
0.01593497
0.00109467
-0.00292365
0.00121072
-0.00281435
0.00326621
-0.00770644
-0.00654589
-0.03703522
-0.00041329
0.00763321
0.01101551
-0.01300669
-0.00586855
-0.00293341
0.01648898
-0.0033241
-0.00638843
0.00203966
-0.01755951
-0.01761364
0.00262649
-0.00666446
0.01038696
-0.01492948
-0.00299867
-0.0009853
0.00844493
-0.00212444
-0.01322957
-0.00754982
-0.00049278
0.01465425
0.00305735
0.01190519
0.00587915
0.01121975
-0.00942773
-0.00645004
0.00432044
0.00376661
0.0154525
-0.00729763
-0.02220963
0.01223946
0.00539301
-0.01182976
0.01085869
-0.01186436
0.01341912
0.00796276
-0.01417823
0.01642804
-0.00460726
0.00033532
-0.00502959
-0.02262937
0.02647013
-0.00843378
-0.00926381
0.00013434
-0.01520909
-0.00407303
-0.00598533
-0.01184707
0.00092114
0.00448711
0.04639524
0.00412986
-0.0104892
-0.0020932
-0.02336075
0.01143805
0.0027892
#999
0.00597715
#999
-0.00238434
0.00070783
#999
-0.00800781
0.00386154
0.00202523
0.00628209
0.00785923
-0.00320846
-0.00364348
0.0074089
-0.01190943
0.00037848
-0.00255924
0.00584685
0.00429742
-0.00012087
0.00195738
0.01366252
-0.00686874
-0.00091748
-0.00056348
0.00723562
-0.00371642
0.01336761
-0.00627191
-0.01833416
-0.00485068
-0.00018369
-0.00020522
-0.00538515
-0.01018624
0.00082437
0.00575827
-0.01710182
-0.01132631
0.00230644
-0.0182325
-0.00015747
0.00386451
0.01452655
-0.00478198
-0.00144601
-0.0021478
-0.00709329
-0.00891196
-0.00522132
#999
0.00712351
0.00917939
-0.00995924
-0.00576003
-0.00535259
-0.00289609
0.03851589
#999
0.00654687
0.01805937
-0.01127763
0.00960632
-0.00971018
-0.00044397
0.00427228
-0.00572676
-0.00156058
0.01363728
0.01292233
-0.00210567
0.00877689
0.0065056
-0.00497046
#999
-0.00107597
-0.00361879
-0.00042129
0.00519108
0.01571767
0.00375532
-0.01860793
-0.00791543
-0.01532824
-0.02427053
0.0171698
0.00393109
0.00136349
0.00286524
0.00436198
-0.00566034
-0.00353278
-0.00316114
0.01160209
0.00919937
#999
0.00055603
0.02356561
-0.01577104
0.01050064
0.00335844
0.0083625
0.00024424
0.00684918
0.00786311
-0.01108236
0.01129858
0.00521231
#999
0.00745691
0.00146202
0.00223774
-0.00922583
-0.00450509
-0.00531946
0.00279867
-0.00841248
0.00247835
0.00677513
-0.01183847
0.00665744
-0.00134565
-0.00489243
0.00659465
0.00700918
-0.01202314
-0.00590462
0.01798318
-0.00073613
-0.01215031
-0.00132163
0.01927962
0.0008953
0.00972294
-0.03529731
0.01528448
-0.00646093
-0.00666306
-0.01653857
0.01996283
0.00459017
0.00793757
-0.00385443
0.0021527
0.00537226
0.0076665
0.00852127
0.00295182
#999
0.00090194
0.00031691
0.00207714
-0.00555029
0.00244945
-0.00367652
-0.00086483
-0.01404528
0.02175383
-0.00137763
-0.00598467
0.00061972
0.01840538
#999
0.00848012
-0.00049889
0.00797428
-0.01210917
-0.00403709
-0.00671151
0.01749804
-0.00125953
-0.00739165
0.00470467
-0.0047514
0.00399554
0.00509206
-0.00247332
0.01176468
-0.00170094
-0.00640476
0.01626627
0.01029032
-0.02689596
0.00480095
0.00166387
0.01293622
-0.00605174
-0.00315192
-0.00836742
-0.01059651
0.00336789
-0.00307816
-0.01267842
-0.01893233
-0.0063926
0.00510609
-0.00448717
0.00169798
-0.01679788
0.00468307
-0.01213876
-0.00674656
0.00927823
-0.00617573
0.00126431
0.01139467
-0.01502995
0.00421846
0.00964251
#999
0.00055087
0.00970006
0.00096958
-0.00658435
-0.00980216
0.01418736
-0.00795466
-0.00643781
0.01197898
0.00986845
0.0028254
0.01812356
-0.00952441
0.0016881
0.01161409
0.00022426
0.00545032
-0.01072378
0.01770467
-0.01097641
-0.00143256
-0.01102573
-0.0097136
