0  4.4444437  5.375825
1  5.375825  6.282406
2  6.282406  7.1688766
3  7.1688766  8.039928
4  8.039928  8.900252
5  8.900252  9.754539
6  9.754539  10.607477
7  10.607477  11.63583
8  11.63583  12.677104
9  12.677104  13.739404
10  13.739404  14.830658
11  14.830658  15.951993
12  15.951993  17.095718
13  17.095718  18.25356
14  18.25356  19.611176
15  19.611176  20.96483
16  20.96483  22.319159
17  22.319159  23.690634
18  23.690634  25.095987
19  25.095987  26.551945
20  26.551945  28.299326
21  28.299326  30.159628
22  30.159628  32.157825
23  32.157825  34.194706
24  34.194706  35.60138
25  35.60138  37.178093
26  37.178093  38.79668
27  38.79668  40.454952
28  40.454952  42.150723
29  42.150723  44.076237
30  44.076237  46.04235
31  46.04235  48.046062
32  48.046062  50.084377
33  50.084377  52.362907
34  52.362907  54.675686
35  54.675686  57.01872
36  57.01872  59.38802
37  59.38802  61.99797
38  61.99797  64.62925
39  64.62925  67.27667
40  67.27667  70.15692
41  70.15692  73.04345
42  73.04345  75.929665
43  75.929665  79.02998
44  79.02998  82.114075
45  82.114075  85.175934
46  85.175934  88.432976
47  88.432976  91.66855
48  91.66855  94.88557
49  94.88557  98.29989
50  98.29989  101.69995
51  101.69995  105.0893
52  105.0893  108.68269
53  108.68269  112.27223
54  112.27223  116.07343
55  116.07343  119.88011
56  119.88011  123.90951
57  123.90951  127.95268
58  127.95268  132.22348
59  132.22348  136.50937
60  136.50937  140.81026
61  140.81026  145.34221
62  145.34221  149.89044
63  149.89044  154.67258
64  154.67258  159.6909
65  159.6909  164.7283
66  164.7283  170.00485
67  170.00485  175.3018
68  175.3018  180.84094
69  180.84094  186.40181
70  186.40181  192.20792
71  192.20792  198.2617
72  198.2617  204.34004
73  204.34004  210.66919
74  210.66919  217.2516
75  217.2516  223.8614
76  223.8614  230.7276
77  230.7276  237.8527
78  237.8527  245.23926
79  245.23926  252.65747
80  252.65747  260.3402
81  260.3402  268.28998
82  268.28998  276.5093
83  276.5093  284.76428
84  284.76428  293.29172
85  293.29172  302.0941
86  302.0941  311.17377
87  311.17377  320.53314
88  320.53314  330.17456
89  330.17456  340.10037
90  340.10037  350.31274
91  350.31274  360.81393
92  360.81393  371.606
93  371.606  382.691
94  382.691  394.0709
95  394.0709  405.7475
96  405.7475  417.72256
97  417.72256  430.24875
98  430.24875  443.07858
99  443.07858  456.21335
100  456.21335  469.65427
101  469.65427  483.40228
102  483.40228  497.71426
103  497.71426  512.33673
104  512.33673  527.26996
105  527.26996  542.773
106  542.773  558.5886
107  558.5886  574.9769
108  574.9769  591.6782
109  591.6782  608.9536
110  608.9536  626.54095
111  626.54095  644.70184
112  644.70184  663.43604
113  663.43604  682.4778
114  682.4778  702.089
115  702.089  722.26733
116  722.26733  743.0097
117  743.0097  764.3119
118  764.3119  785.90234
119  785.90234  808.0413
120  808.0413  830.72205
121  830.72205  853.93646
122  853.93646  877.6755
123  877.6755  902.195
124  902.195  927.21606
125  927.21606  964.9289
126  964.9289  1003.82544
127  1003.82544  2000.0
