#Number of photons observed douring the burst: 46283
#Average flux [c/s]: 1172.5526955816783
#Average variability: 0.027664850074607155
#GRBbn090925389 temporal parameters: 
#                                   T_detection(MET)= 275563235.672334 s
#                                   T_start= -6.986 s
#                                   T_end= 32.486 s
#                                   CCF campionation= 1e-4 s
#                                   Fit amplitude= 999.0 s
#                                   Used detector= 11 GBM
#                                   Variable bin size= 10 ph/bin
-0.53952803
0.14066312
0.66378691
0.98175075
-0.54593206
-1.01374009
0.25754218
0.10935672
0.27086391
-0.45317975
-0.61953596
-0.6688722
-0.44337521
-0.68330327
0.14836196
-0.59827577
0.17482219
-0.6093371
-0.32005572
1.00461995
-0.7365313
0.24208722
0.33812607
0.83825164
-0.08530413
-0.12254267
0.17056986
0.20940135
-0.15202921
-0.41858581
0.34759299
0.31801195
0.8618968
-0.11730894
0.20080434
-0.56599232
0.16476017
0.21952231
-0.45347947
-0.16973641
-0.19407811
0.15770175
0.39294303
-0.31972752
0.29524941
0.65147564
-0.29626248
-0.00107599
-0.77664199
0.98189974
0.52690689
-0.22581844
0.45500105
0.74383791
-0.04970917
0.73191324
0.10981855
0.86273662
-0.65339837
-0.3359034
-0.52652036
0.21916934
0.35081166
-0.14329728
0.10719068
0.57144257
0.00990222
0.549272
-0.84231899
0.15999266
-0.55825334
0.57539083
-0.50317546
0.13216771
-0.13425677
0.21594878
-0.38903275
0.03212969
0.67952421
0.35115121
-0.73480948
-0.42867674
0.16334735
-0.59028711
0.05605863
-0.204039
1.26980703
-0.14782655
-0.50012741
-0.06617467
0.27700086
0.34619307
-0.25173336
-0.04073629
0.09659242
-0.12222065
0.40583619
0.10245729
-0.59812298
-0.35620293
0.28059857
-0.06709532
-0.13976278
-0.1455123
0.24441359
0.14292095
-0.54502686
0.05605977
0.08587397
0.01905527
-0.14216446
-0.11256069
0.71888519
0.25396341
-0.36583621
0.37514224
-0.54942392
0.62451605
-0.68896024
-0.14840799
0.25927467
0.48782459
1.28710961
0.90596849
0.2891419
-0.03781697
0.27075813
0.16236785
-0.65160595
-0.24940741
0.07682478
-0.95653791
0.06840305
-0.2856518
-0.64260131
-0.81719434
0.06512222
0.71986544
-0.13833915
-0.21056597
-0.25722437
0.51032017
0.14428366
0.03170588
0.36759523
-0.16914202
0.64962122
0.78770857
-0.9117676
0.00375285
-1.00135057
-0.00238465
0.32961925
-1.01750218
-0.10308691
0.17424198
0.82587249
-0.39998945
0.76939774
0.11947794
0.13406865
0.55588043
0.07726342
-0.83369545
0.41220219
0.27879236
0.34914581
0.42474134
-0.00511959
0.64949452
0.71500715
0.01909314
0.12194846
-0.04860991
-0.21191827
0.42600852
0.08344495
-0.25023998
-0.23880847
-0.30502662
0.3862305
0.21607132
-0.55059892
0.39432579
0.07650506
0.34110659
0.43593826
0.45749737
0.21882724
-0.60834071
0.31201704
0.24610202
0.00312491
0.38066184
-0.22641359
-0.49408275
-0.68256208
0.39635498
0.56592473
-0.49414493
0.08716638
0.25156818
0.44458806
0.34309194
-0.3956586
0.07906142
0.06478552
-0.45604897
1.1807225
0.33393987
0.26812609
-0.39128683
-0.10729254
-0.2859981
-0.39438521
0.56586113
-0.03018225
0.03200748
0.27191807
-0.72307306
0.13000989
-0.29391389
-0.22528364
-0.21062976
-0.2629988
0.60571648
0.37348197
-0.33765406
0.79855613
-0.7486005
-0.03769316
0.37518279
0.5612581
-0.56594722
0.52836308
0.6219185
0.70493468
-0.9827928
0.27933988
-1.25441503
-0.82637509
-0.20419408
0.01010291
-0.92437411
0.31950516
0.32859273
-0.36352628
0.55933695
0.0278951
0.19695618
0.01206054
-0.04151713
-0.15396673
-0.64348025
-0.0877367
0.00391117
-0.42392693
0.49012774
-0.42077467
-0.83452468
0.93174425
0.09791245
0.34928485
-0.28391573
-0.49412613
0.33783087
0.25104905
-0.36682935
0.65479305
1.23871675
-0.0770067
-0.38277076
0.79953082
0.21064791
-0.35084816
-0.62210948
0.10547567
0.30214242
-0.65187122
-0.43627314
-0.07879882
0.59153212
0.06853166
0.33938705
-0.98081481
0.37438263
0.11095553
-0.45562908
-0.07647668
-0.20700999
0.41493554
-0.55257041
-0.86593159
-0.06971985
-0.9047652
0.69691763
-0.35799614
-0.76009732
0.17970651
0.50368871
-0.92843955
-0.58603902
0.39997128
-0.59897514
-0.19179709
-0.83344228
0.06925825
0.87621901
-0.76773544
0.18451217
-0.49374308
-0.25371429
-0.26048044
-0.3666255
1.09378569
0.06552901
0.17880404
0.1479895
0.09721699
-0.26431408
0.20263369
-0.02266964
0.05708236
-0.48612338
0.53116571
-0.83663221
0.11359122
1.26936903
-0.68766815
-0.06073208
-0.47965944
0.03033708
-0.78030251
-0.14473346
0.65092316
-0.70471199
-0.10354345
-0.07355998
0.26096926
0.09460801
0.05017187
-0.39644917
-0.71770589
-0.06812131
-0.37471112
-0.59290996
0.39808478
0.00581771
-0.06639333
0.52044417
0.76041814
-0.00346166
0.23651787
-0.00832873
0.0016089
0.02331858
0.18089691
-0.57530695
-0.68151057
0.51291125
0.2067883
-0.34328369
0.61812512
0.00892295
-0.88120224
-0.78607077
-0.3566431
-0.10160249
-0.05687899
0.20577243
-0.82068468
-0.22011436
-0.42825277
0.5355882
0.15126985
0.19806506
0.23300119
-0.19039872
-1.10052738
-0.00165541
0.54432218
0.54388406
-0.59743254
-0.3696901
-0.09973531
-0.54233692
-0.20185441
0.52412349
0.10020847
-0.27066546
-0.0805592
-0.09776173
0.51364346
0.0185833
0.25575118
-1.02783984
-0.04587487
-0.38443935
-0.32997397
0.26225952
-0.68327523
-0.04812499
-0.54589582
0.01306703
0.38380361
-0.25321002
0.09951589
0.69330047
-1.00148549
-0.30634856
0.22194935
-0.22614567
-0.31338585
-0.25944343
-0.75453408
0.09867763
-0.34650794
-0.59973869
0.07004692
0.3085314
-0.47361342
-0.00331312
-1.33323675
-1.11824988
0.05724456
-0.3055781
0.25660453
-0.11139286
0.55971983
-0.15728213
0.67071463
-0.53890273
-0.33975003
0.34866164
0.12564439
0.39483179
-0.56658196
0.12787238
0.55897367
0.9285559
0.25693104
0.02987259
0.16649258
0.60146481
-0.24127224
-0.46779267
0.47344653
-0.64030552
-0.09247988
0.42677864
-0.70797385
-0.69347891
1.14241531
0.29311411
0.0401321
0.97761369
0.18158134
-0.6796082
-0.50751978
0.40019174
-0.42258249
0.7886728
-1.38641523
0.43068724
-0.22124286
0.03011121
0.09427498
0.08487887
-0.02774646
-0.60535933
-0.01142371
-0.34111075
-0.49914988
-0.69675735
0.74737434
-0.00795064
-0.20304433
-0.59541675
0.29749524
-1.1343741
0.1704126
0.10376797
1.45195087
1.25647042
-0.8174856
1.3494014
0.07771044
0.27342112
-0.12864184
-0.40461673
0.74233606
-1.11174744
-0.70816979
-0.61591867
-0.38745612
-0.22271793
-0.97053427
0.28538577
-0.59984902
0.59417813
-0.92193562
-0.03061503
-0.52699242
0.57443421
0.21795795
-0.41329132
-0.01415574
0.07143169
0.19810307
-0.06548286
-0.38945023
-0.27765184
-0.16665817
0.01991196
-0.1502324
0.98813043
0.18821366
-0.64055945
-1.15971894
-0.70894239
0.27391537
-0.14496053
0.3068682
-0.4096839
-0.58307994
0.74520344
0.20268783
0.30011071
-0.27901898
-0.32573506
0.31577588
-0.30883623
0.76058349
0.13550779
-0.03138058
-0.40768065
1.02155752
-0.30686283
-0.26074259
-0.28152028
-0.48936934
0.09158555
-0.83749897
0.16720212
-0.01509697
-1.03399856
-0.25160408
-0.40745255
-0.60239237
-0.19885887
-0.63326969
-0.25765739
0.48597248
0.45978053
0.70787821
0.84255848
-0.50302745
0.42645935
0.46426207
-0.07645526
-0.09409716
0.75030416
-0.00700943
0.11621318
0.47205277
0.16726512
0.59746258
-0.32168763
0.01173884
-0.12799772
0.07508988
-0.46436748
0.30233973
-0.16408347
-0.09704257
-0.14256761
0.40481458
0.52551965
-0.3266301
0.71488133
0.19536436
0.04949979
-0.4882868
-0.1609883
-0.89601819
-0.11773436
-0.22832629
0.42766183
0.06287935
0.46378866
0.39286217
0.35376087
-0.23607987
-0.28142971
-0.31647746
0.50169505
-0.72767113
-0.17457952
0.38147257
-0.18630222
-0.92719266
0.05342599
0.52009811
-0.79805573
-0.41929687
0.79076458
-0.34241648
-0.27821107
0.20989974
-0.53889384
1.26196361
-1.01199477
0.86909054
-0.68152954
-0.39536413
0.99301913
0.23149891
0.15865563
0.80198442
-0.82606479
0.40277755
0.4100723
-0.1649511
0.86923937
0.79558323
-0.15999863
-0.0486513
0.41757943
-0.32891151
0.23545047
0.46436816
0.2293255
-0.46623638
-0.67796724
-0.56483734
0.57101195
-0.72696643
0.60002533
-0.6794943
-0.09334136
0.0701855
1.00110134
-0.19040704
-0.32607959
-0.2100363
-0.07406457
-0.14216591
0.19257915
0.07622478
-0.37626205
-0.54821524
-0.65758253
0.71159473
-0.56280216
-0.06710514
-0.59922515
-0.10564933
-0.40565192
-0.33695225
0.27111924
-0.5939078
0.43843201
-0.16268163
-0.08451724
0.52607264
-0.09386111
0.03276823
-1.10411436
0.74633779
0.58745037
0.59879985
-0.00906552
-0.06345557
-0.84238945
-0.50585118
-0.25766175
0.38202735
0.26420568
0.74156571
0.01056857
-1.58635623
-0.20140054
-0.65692597
-0.35858516
-0.44077785
-0.85194872
-0.01470739
-0.43927386
-0.61340719
-0.22825558
-0.49233043
0.15939725
-1.22015472
0.28084266
-0.05734612
-0.03287895
0.05534396
0.1896614
-0.26984198
-0.35761111
-0.2504284
0.10398971
-0.28213666
-0.1374265
0.10063192
0.72473475
-0.95646399
0.16527261
-0.61223235
0.82064213
-0.43089039
0.16014789
-0.73275456
-0.0483451
0.08583046
0.27914029
0.06409012
-0.47993916
-0.15259488
0.30550928
-1.05932805
0.2343805
0.3942304
-0.41912806
-0.18926088
-0.16357305
0.07678373
0.03575491
-0.17728485
0.46319049
-0.44493609
0.29671685
0.78857952
-1.3236196
-0.14191074
-0.08680489
-0.37839971
-0.55408841
-0.49416007
0.35137753
-0.4019603
-0.67348947
-0.00306906
-0.07049229
-0.18495489
-0.34505766
0.41300432
0.43445506
0.04539357
0.04127547
0.27297324
-0.02729687
-0.49006833
-0.73716871
-0.53738621
-0.40327835
-0.15404691
0.3809122
-0.19225341
-0.87280151
0.63313277
0.13596504
0.62432149
-0.6771563
0.43536002
-0.91782494
0.08358015
0.07508647
-0.24495724
-0.95718088
-0.53845714
-0.00243024
0.12413317
-1.09468065
0.10081534
-0.134762
-0.16205965
0.26823428
-1.10971961
0.05227333
0.40758428
0.40663971
-0.55409931
-0.42170826
0.00138598
0.22821485
-1.03891803
-0.17094967
0.10766171
-0.27003879
0.99300762
-0.29921034
-0.06466588
-0.22070995
0.25594679
-0.29283182
-0.49785155
0.07875636
0.28995334
0.02257198
0.73187056
-0.35418276
0.93208554
0.10195786
-0.30541969
0.55135858
0.50860876
0.06489067
0.02494264
-0.36554694
0.38409331
-0.45586687
0.65460267
0.18331259
-0.70002579
0.63594262
-0.09515038
-0.45370734
0.37137224
-0.78550815
0.1391084
0.62618376
-0.59844916
0.35193546
0.04222086
-0.97128365
-1.01857123
1.09290492
-0.09907451
0.27034562
-0.82565186
0.11191343
1.12748241
-0.30774497
-0.81095438
0.61670254
-0.15565523
0.27123163
-0.34491839
0.43239688
-0.47992841
0.12513767
-0.66567445
-1.04230634
0.02616981
-0.23202422
-0.76000339
0.24182471
-0.89006442
0.59021921
-1.20111436
0.11251705
0.22444378
-0.50495866
0.8834127
0.05587667
-0.10590612
-0.28391876
0.87634365
-0.12092172
-0.07586441
0.54374297
0.05118041
0.95113466
0.54292824
-0.45840325
0.01212853
-0.68892372
0.44404969
-0.10408794
0.04595696
-0.01042216
-0.18825065
0.15117807
0.68348501
0.55115859
-0.13331567
-0.36886439
-0.08130773
-0.29522499
-0.57823068
-0.0941344
0.38005716
-0.11568921
0.20772214
-0.22740639
0.25955107
0.1069927
0.30474182
0.28839238
0.19596514
0.00918948
-0.90929231
-0.49688392
-0.11342579
-0.63428394
0.90860961
0.22138266
-0.27101962
0.07594491
0.82735069
0.1788893
0.42222776
0.55577591
0.75497489
-1.1951655
0.69784529
-0.04402136
0.3661216
0.07955765
-0.17706844
-0.06289583
-0.84702029
-0.21797075
0.14408211
-0.12647217
-0.72079511
0.27824555
0.07522947
0.62176694
-0.35943757
-0.28063493
0.12740346
0.33616425
0.30211095
1.09230105
-0.67958215
0.22622466
-0.50314176
-0.28434017
-0.14669699
0.44527387
0.62429698
-0.18317124
-0.3045549
0.32309156
-0.02514586
-0.07304557
0.0823322
-0.78891009
-0.81603004
-0.51805097
0.55007918
-0.09792913
-0.77857495
0.44019481
0.40034173
0.1165841
0.33109558
-0.17013729
-0.56974395
0.05000658
-0.08419828
0.65688609
0.58533948
-0.47831751
0.21137714
-0.46563092
0.66203668
0.29663103
-0.30883356
0.20302772
-0.80991645
0.19843794
0.06358945
-0.32998432
0.64038657
-0.41162739
-0.30878173
-0.45375785
-0.39317305
-0.61673215
-0.65268008
0.39624759
0.06063229
-1.16980483
0.27368681
-0.35137935
-0.03538946
-0.88691317
-0.39701249
-0.92818833
-0.1633565
0.21611546
0.0153885
-0.81747694
0.70919389
-0.29445835
-0.5627806
0.47469334
0.4787002
0.17552819
0.36160916
-0.35027561
0.59056843
-0.17361245
-0.19012582
-0.1537312
-0.019541
-0.46970533
