#Number of photons observed douring the burst: 65842
#Average flux [c/s]: 1898.0656692323214
#Average variability: 0.05173155848423878
#GRBbn100414097 temporal parameters: 
#                                   T_detection(MET)= 292904423.986434 s
#                                   T_start= -2.29 s
#                                   T_end= 32.399 s
#                                   CCF campionation= 1e-4 s
#                                   Fit amplitude= 0.25 s
#                                   Used detector= 9 GBM
#                                   Variable bin size= 10 ph/bin
0.01511259
0.02195707
-0.02975857
0.01271884
-0.0096108
0.00803001
0.02976269
-0.04442476
0.0201292
0.01469111
0.01178328
0.01111385
-0.02260545
-0.02022721
0.01125228
0.00786623
0.04851138
-0.03695185
0.00713445
-0.027971
-0.01835213
0.00842104
-0.00098073
-0.01828437
-0.01221158
0.01837646
0.00393409
-0.02950548
0.01064766
-0.01871415
0.01872413
-0.03532532
0.01160019
0.00678871
-0.03617977
-0.03431328
-0.03162307
0.02710225
0.00062923
-0.03686357
-0.02156539
0.01917484
-0.00412875
0.03661663
-0.00853976
0.01056822
0.04834831
-0.20386118
0.01187424
0.01082743
-0.03135397
-0.0012381
0.0146647
0.03267497
-0.00654196
-0.02490706
0.0176739
2.837e-05
-0.03109935
-0.01880713
-0.01534537
0.01137962
0.02106918
0.00764276
0.04738048
0.01349336
-0.0122986
0.20454096
0.00842599
-0.01089811
0.02652491
0.00536396
0.00583524
0.03008877
-0.00530378
-0.03921859
0.014582
0.06589714
0.01098417
0.00168901
-0.01684047
-0.01232736
-0.03989478
-0.00845785
-0.00983426
0.01162979
0.00012111
-0.00226577
-0.00339037
0.01952483
-0.00889915
0.01104008
-0.02301585
0.01976515
-0.04607161
0.039094
-0.0033017
0.02787567
0.03134897
-0.02507764
0.21102987
0.02361353
0.01165779
-0.03231409
-0.00629192
0.02421038
-0.03692254
-0.00390504
0.01946376
0.03537953
-0.02746013
0.03763075
0.01833139
-0.02699175
0.01840009
0.0177463
-0.01273259
-0.00072014
0.0598796
-0.0219245
-0.02325695
-0.03332801
-0.01008908
0.01558753
-0.05272169
0.05633165
-0.01337491
0.00123747
0.03528935
0.03892445
-0.00496737
-0.00244054
0.00550949
0.03517978
-0.02029689
-0.01401653
-0.00333126
-0.02191457
0.07733032
0.04164114
0.00513612
0.00322773
0.00612087
-0.04214446
0.04575536
0.02070061
0.0257609
0.01693059
-0.0074324
0.04931012
0.02792816
-0.0046002
-0.03841411
0.01563827
-0.01044225
0.03104385
-0.02080662
-0.00087094
-0.02458227
-0.01024721
0.02646825
-0.00348451
0.03207835
-0.17583407
0.03223506
0.0224091
0.04857383
0.03454605
-0.00921133
-0.02175682
-0.01524847
0.03431594
0.00023223
-0.03124073
-0.02000428
-0.02821217
-0.03699835
-0.00318313
0.00999412
0.0435992
-0.03031376
-0.18953581
-0.04607856
0.06301019
-0.00624956
-0.01719428
0.05325819
0.00860324
0.06700028
0.01007213
0.0322404
0.01146443
-0.04285266
-0.03648617
-0.00456999
0.02259631
0.01692042
-0.01740863
-0.00673886
0.01165083
-0.03313985
-0.023702
0.04150943
0.00810092
0.00625312
0.01039094
-0.00595208
-0.00726255
-0.00357303
0.02261068
-0.01708094
0.05280298
0.0057126
0.00690699
-0.03090295
0.00892768
0.10861474
-0.03331513
-0.01792497
0.02828393
0.03612134
-0.00647536
0.0143138
-0.19697436
0.00367042
0.03353546
-0.01917233
0.0242074
0.03349285
-0.01738468
0.17750448
0.0201356
-0.02927152
-0.02422262
0.01989348
0.03321843
-0.04237029
-0.0054086
0.02886496
0.04433795
-0.04915339
0.00273788
0.0030376
0.02792707
-0.02023412
-0.00896342
0.01219046
-0.03205478
-0.02834161
-0.02302321
-0.00664242
-0.00385037
0.02483087
-0.01163215
-0.06100183
-0.01154078
0.01698955
-0.0381913
0.039901
-0.04580015
0.01159609
-0.00330794
-0.00881399
-0.02808345
-0.01169777
-0.0332725
-0.02510666
-0.05268554
-0.02676433
-0.00755812
-0.22216993
-0.03767737
-0.00490105
0.0211212
0.02034063
-0.00251033
-0.03909546
-0.00597116
0.00026255
-0.00575048
0.01054408
0.01856417
0.01527444
-0.01314956
-0.02345867
-0.02514223
-0.01298006
0.00559925
0.01056972
-0.19116158
-0.04538624
0.00441251
-0.01311477
0.01945811
0.03262831
0.00155836
0.02975889
0.03211863
-0.03585682
0.013827
-0.01915838
0.02463464
0.00937065
0.02332817
0.0061173
-0.01770067
-0.05229728
-0.00051069
0.0443297
0.01319061
-0.01638722
-0.01186202
-0.02692681
0.05012821
-0.00376521
0.00636405
-0.02465192
0.03459179
-0.01377404
0.01610886
-0.00880539
0.0044563
-0.00467509
-0.00640825
0.19973213
-0.0109131
0.01116043
0.0013788
-0.03436028
-0.02998231
0.02545177
0.02466127
0.00211086
-0.01447834
0.01882949
-0.0161842
0.03011855
-0.03210041
0.18016544
0.01228515
-0.00849788
0.0132329
-0.00640225
0.00176671
-0.0131518
0.00709295
-0.02248087
-0.02098339
0.00690144
0.04725908
0.03755532
0.01826805
0.0202968
-0.01347454
-0.0226014
-0.01427901
-0.01356911
0.01686092
-0.01752523
-0.01573921
0.04902919
-0.02914183
0.00241451
0.02187046
-0.03700357
0.03554569
0.0498853
-0.00239832
0.02225999
0.02976349
-7.707e-05
0.00468536
-0.00945539
0.03264151
-0.01447519
0.01522001
-0.02171956
-0.01658106
0.05551076
-0.03013835
-0.00975663
-0.04984686
-0.01111415
-0.02347159
-0.01741211
-0.01636926
-0.03887904
-0.0366531
0.04528985
-0.00500986
0.03910615
-0.00300749
0.03303812
0.04484629
0.00962542
-0.03425719
0.01424795
0.01259168
-0.02042397
0.06445062
-0.04761397
-0.00798913
-0.01342058
0.02208588
-0.01047774
0.0261165
0.15310287
-0.02330571
0.00104083
-0.0323267
0.02547105
0.01362792
0.00867832
0.00488033
0.00715171
-0.0337933
-0.17564008
-0.01470696
-0.04301847
0.05243846
0.03364689
0.03732086
-0.03397561
-0.01538465
0.0133795
-0.0300951
-0.06361956
-0.02945536
0.0071716
-0.01007376
-0.03532548
-0.01096856
-0.01507299
-0.00849897
-0.00611375
0.01502866
0.03284326
0.00490358
0.00933978
0.04148993
-0.01665857
-0.02161789
0.01138126
-0.00020286
0.04957721
0.00119478
-0.01206039
0.00416096
-0.01861731
-0.0316123
-0.02315077
-0.00474769
0.01539857
0.00682086
-0.00725846
0.02168906
-0.0023325
0.01721623
-0.02088286
-0.00555756
-0.04174477
0.06955714
0.00990476
0.00060512
-0.02004017
0.01100063
0.0262733
0.02961379
0.00029819
-0.03025839
0.01717833
-0.04965131
0.06478537
-0.02668978
0.00577241
0.03119703
-0.03729545
-0.18395509
-0.05486361
0.01530846
0.01847922
-0.0227262
0.00038019
-0.00869473
-0.01969225
-0.04487405
0.04490181
-0.00150297
-0.00719564
0.02231811
-0.02976968
0.01612935
0.0208402
-0.04001351
-0.00267739
-0.01964878
-0.01438664
-0.02489427
0.00173456
0.05928958
-0.0020514
0.00656984
-0.03751888
0.03499646
-0.03197392
0.00871082
0.06110761
-0.00912785
-0.01544047
-0.01365832
-0.04055756
-0.00895977
-0.01535108
0.02058263
-0.01212052
-0.00656694
0.00438227
0.00271701
-0.00921128
-0.00969854
-0.00563591
-0.01549263
0.0268131
-0.03323166
0.05310292
-0.05582501
0.00578862
-0.00475176
0.01628523
-0.01905188
-0.01426254
0.01901728
0.00049631
-0.00313371
0.01762152
-0.00804794
-0.09765839
-0.00909729
-0.01830032
0.00832516
-0.01505542
-0.01130145
0.01868916
0.0276741
-0.01093859
0.03203384
0.0231425
-0.02845622
-0.0219998
0.03160979
-0.01078434
0.01969958
0.02110254
-0.04891267
-0.00501871
-0.01933706
0.01342315
-0.03003347
0.02477156
-0.01281536
0.04179432
-0.02585791
0.03616576
-0.20351423
0.02158573
0.02528495
-0.03087024
0.0140152
-0.02359094
-0.00018494
-0.01740003
-0.03941881
0.04429563
-0.01467659
0.02329248
0.00061299
-0.00306105
0.00901036
-0.01260558
0.00706932
0.04049558
0.00358598
0.00493157
-0.03505803
-0.01992653
-0.00189173
-0.00719994
-0.00816765
-0.03030273
-0.03675281
0.07255117
0.06420745
0.02671013
0.01102366
0.05701454
0.02633525
0.02180625
0.01628531
-0.00387682
0.04254926
0.00730898
0.03368911
-0.01183671
0.01451184
-0.03284807
7.406e-05
-0.02243115
0.04931799
-0.00972948
0.02831966
-0.00692103
0.04333511
0.00415631
0.03530674
0.00515975
-0.18196488
0.00604901
0.0318906
0.02824253
-0.01910216
0.03879462
0.00673867
-0.0251474
-0.04084895
0.02191218
-0.01430698
0.00376761
0.01930108
-0.02330118
-0.03565028
-0.00409379
0.00958005
-0.0341556
-0.00879751
0.02173157
0.02746369
0.02457329
0.02861021
0.01604729
-0.05257751
0.00787338
0.01506378
-0.03397876
-0.0255395
-0.03440656
-0.05832822
-0.0193481
-0.04557746
-0.00688641
-0.02099848
-0.04713804
0.02451405
0.02380802
-0.01773689
-0.01263086
0.0270132
0.00556575
0.04827214
0.02992756
0.05378327
0.01873559
-0.00865823
-0.01997487
-0.02895153
0.00812319
-0.01924953
0.04105922
0.01623906
-0.00650859
-0.00501389
0.0009525
0.01693893
0.03189709
-0.02906134
0.00376297
0.01084167
-0.04842916
-0.00105318
0.02016385
-0.01147792
-0.01736776
0.03078721
-0.02674871
-0.02287587
-0.02596509
0.01734579
-0.02734437
0.00518677
0.04399895
0.00776062
-0.00683159
0.01060965
0.02210337
-0.0210927
-0.03403049
-0.03784011
-0.04747838
0.03126544
0.05497441
0.04708768
-0.03122389
-0.02024254
0.00553919
0.01960947
0.00215942
-8.67e-06
-0.03212534
-0.02407332
-0.01015058
0.00573653
0.04023125
0.03275108
0.03378309
-0.008688
-0.02392927
0.02368853
-0.0048514
0.02105392
0.04147235
0.04454891
-0.03752307
0.00838457
0.01533898
0.0373008
0.00280037
0.06082112
-0.00123726
0.00246654
-0.01583757
-0.02405958
0.03985416
-0.01656815
-0.00749129
0.00120296
0.00218376
0.05326333
0.01767163
-0.03959756
-0.01379474
0.00653955
-0.02576571
-0.01934538
0.01483629
0.04081127
-0.01280446
0.00185919
-0.05455102
0.01646644
-0.01571041
0.00204316
-0.00706879
-0.01384713
0.03354756
0.01190612
0.00899175
0.00195181
0.03525746
-0.00575586
0.01280205
-0.02710134
-0.02820329
0.00411584
-0.02157035
0.00463151
-0.01576081
-0.00249804
0.02199492
-0.05732884
0.01748184
0.00833062
-0.03036061
0.02630225
-0.02400666
-0.03618821
0.00455119
-0.008096
0.0626738
-0.00723876
0.07303223
0.01130992
0.00140682
0.02298048
0.00795404
0.03552871
-0.00347749
0.00886609
-0.0246565
0.03461723
0.03445156
0.04315029
-0.06098662
-0.01155909
0.05597109
-0.00669842
0.00112118
0.03260939
-0.02884395
-0.00337379
-0.01226325
-0.05363623
-0.00603432
0.01790385
-0.01754052
-0.03682414
0.18764029
0.00544234
-0.02990949
0.00440436
0.01222877
-0.02118641
0.02601197
-0.01122261
-0.0168875
0.01573554
-0.03469847
-0.00902644
-0.01608007
0.03016912
-0.03001842
-0.01986915
0.00080306
0.0171895
0.00816313
0.01100708
-0.05503967
0.01288279
-0.01165954
-0.02073355
0.00205277
0.00082412
0.00239173
-0.03399053
0.04773909
-0.01138056
-0.00144416
0.03562092
0.02482634
-0.00190984
-0.02526123
0.0009818
-0.00501199
0.00085096
0.0194492
-0.02038065
-0.02121858
0.00947154
0.03841772
0.00164966
-0.0238047
0.00431982
-0.03302645
-0.00400322
0.00302075
0.00932047
0.01726529
0.01910173
0.00909632
0.01369247
-0.0251563
-0.00070416
-0.04611852
-0.00307473
-0.01249531
0.01283472
0.00917367
-0.00551584
0.01614937
-0.00510319
0.02584294
-0.00682028
-0.00046315
0.02005429
0.00336904
-0.0337425
-0.03605488
0.02447896
-0.02273673
-0.0040877
-0.01073021
0.04244387
0.00227598
-0.01183773
-0.00731849
0.00762278
0.0031956
-0.00602191
0.03117428
-0.01749415
-0.00091824
0.03078985
-0.00922506
-0.02291241
-0.0209003
0.01296114
0.0189481
-0.00577448
0.01338831
-0.01408045
0.01225395
-0.04273234
-0.03363689
0.01410611
-0.05296073
0.01477846
0.0119514
-0.00877714
-0.00302807
0.00785555
-0.00842678
-0.00049861
0.00425213
0.03216329
0.00057917
0.0296828
-0.0033166
0.04228793
0.00031215
0.00264709
0.0203327
0.00397132
-0.0029281
-0.01956627
0.00691319
0.01696103
0.0296013
-0.04746012
0.00058766
-0.01409055
0.00610151
0.0298199
-0.03369857
0.04840109
-2.616e-05
0.01751539
-0.01546803
-0.02740005
0.0035205
0.02488545
-0.01371547
0.0002407
0.01435421
-0.01807884
0.00532631
0.23380737
0.00493289
0.00979182
0.00777473
-0.00652207
-0.0307837
-0.04472756
-0.01216715
-0.02307216
0.00158222
0.0216327
-0.00587167
0.01431494
0.01348038
-0.0123903
0.00454606
0.00831057
0.02201035
-0.02097467
0.00049857
-0.0080981
0.0150048
0.01748084
0.00573955
-0.2130734
0.06003037
0.01691247
-0.00118473
0.03657912
0.00547634
-0.02952565
0.00948238
0.02623655
-0.01938718
-0.01201871
0.03679771
-0.01083737
0.03327149
-0.02192859
-0.00078802
-0.01649032
0.00132234
-0.03245672
-0.02250714
-0.01488452
-0.00956414
-0.00602467
0.01827721
0.02356945
-0.00776389
0.0560393
0.02616698
-0.03053665
0.01005129
-0.02609489
0.02534722
0.04085033
