#Number of photons observed douring the burst: 67191
#Average flux [c/s]: 1219.8580272689312
#Average variability: 0.019853163829750102
#GRBbn100204024 temporal parameters: 
#                                   T_detection(MET)= 286936435.545064 s
#                                   T_start= -20.678 s
#                                   T_end= 34.403 s
#                                   CCF campionation= 1e-4 s
#                                   Fit amplitude= 999.0 s
#                                   Used detector= 9 GBM
#                                   Variable bin size= 10 ph/bin
-0.42424456
0.16234043
-0.10456122
-0.67289812
0.95962952
0.08747973
1.4702277
-0.6350332
1.26347333
-0.42690967
-0.37576934
-0.61762829
-0.65161543
0.17857274
0.18497294
-0.03075223
-0.76471106
-0.40078118
0.05314882
-0.53746741
0.91402765
1.68299267
0.7003692
1.15263907
-1.33247682
-0.48163017
-1.17311562
0.41391998
-0.89356866
0.04432501
0.98896873
0.05961021
0.7110407
0.15209261
1.21251766
-0.08257191
-0.8547501
0.41323957
-0.66559532
-0.64166153
0.21799041
-0.04345951
0.6758474
0.87672967
-0.64473662
0.07704313
-2.17963495
-0.69637066
0.72413903
-0.35106804
1.35011317
0.49812098
-1.86500428
0.30550937
1.68957457
-0.01427313
-0.34947983
0.20371945
0.11998002
0.15268124
-0.64326249
-1.59090568
-2.35557253
-0.84804776
-0.21569393
-0.61935661
-1.56234827
0.84935118
2.53398355
1.58271999
0.26235903
-1.22703239
1.25849328
-1.9943376
-1.03317894
-1.31978596
0.07827514
-0.71045426
0.62920158
0.03722865
-0.14418206
-1.17413812
-0.68417348
0.72031244
-1.12143952
0.65450589
-0.76237539
-0.66197956
-0.51589195
1.55529872
-0.70773429
0.29359847
-0.53440058
-0.48954827
0.00508328
0.93238146
-0.14176623
-0.09949377
-0.03020655
-1.07739644
-0.12659548
-0.22571614
-0.70884985
-0.52419104
-1.26818343
-1.30210507
0.43268111
0.77105576
1.42340191
0.30369578
-0.13214235
0.61632321
-0.18415667
-0.97942707
-0.19755647
-0.45270333
0.14238413
-0.17460364
0.83214509
-1.31699075
-1.21356621
-0.2596801
0.35038723
-0.49027305
0.02194928
0.09761554
-0.50159753
0.73936579
1.03260311
0.72007104
-0.06358496
-1.50669474
0.19740364
0.14768964
-0.57926875
1.29078666
0.60198245
0.07330574
1.46256181
-0.05587346
1.97144138
0.55123011
-0.91203608
1.68586186
-0.69155031
-0.18020301
-1.64942561
0.57055294
-0.43978995
0.19276223
0.73235711
1.60958376
-1.25631458
0.03554685
0.27488568
0.10383544
0.22209604
1.52571484
0.06122835
0.28377091
0.26983083
-1.2635344
1.06089489
-1.94099157
1.51499545
0.05985153
-2.39390681
1.2972335
0.68559584
-0.85719152
-0.48881219
0.2009076
-0.64978673
-0.80377289
-0.74128305
-0.22235974
-0.23042249
-0.33434877
-0.35950376
0.4402746
0.26298469
1.00157864
-0.26200604
0.42706575
0.274056
-0.30212006
-0.39537802
-1.09657777
0.06963741
0.59293097
0.98758494
1.36216934
0.19170312
0.34489802
0.9125179
-0.16998809
0.16971414
-0.40976187
-0.83493465
-0.91732915
-0.24647428
-0.90759908
-0.26433362
0.2793679
0.09573769
0.97515198
0.35700309
-1.68862409
1.29596247
-1.88292948
-1.91612162
-0.39543774
0.1306657
-0.7157025
0.77786623
1.75473259
-0.22714832
0.8256836
-0.82000932
0.22377789
0.48870221
-0.32008152
0.12303629
-1.98779782
-0.13318628
1.19889654
-0.29968753
0.70688378
0.04729403
0.1512216
-0.7614538
0.07316967
0.9442828
-0.24099559
-0.88847644
-0.18256484
0.58035789
1.0084323
-0.17273749
2.07099324
0.28887013
0.23636519
-0.29652796
1.42924083
0.07445275
1.52608269
0.27712405
0.94081982
1.00578406
-0.11444147
-1.08540773
-0.49485903
-0.90676298
-0.91040019
-0.16319313
-0.88621974
0.40663939
0.95657608
1.67429672
1.0985913
-0.86790168
1.90964398
-0.12314382
1.55497758
1.48641233
-1.44612375
0.66563388
1.8398453
-0.48904131
0.37538163
0.16063361
-0.12874353
0.23611139
-0.58010559
-0.54953792
-0.30244145
0.43486365
0.36440253
0.08361332
-1.28406555
0.14193042
0.53976822
0.73681593
-1.63812446
2.15372097
1.2928581
0.01630379
-1.27823633
0.46288183
-0.82495905
-1.1773197
-1.0412825
0.03562531
-0.32424457
0.25000031
0.75184678
-0.66515081
0.16876375
-0.23181264
-1.4413494
0.240494
-0.027759
0.73345755
-0.9938964
0.07250883
0.49091746
0.85188532
0.40952483
1.37363328
-1.55236908
1.38123857
0.01521906
0.59954948
-0.9520395
0.95335943
1.13475434
-0.99067198
-1.02528227
0.63954298
-0.00913027
1.27097808
-0.95760754
0.01810388
0.20237736
-0.50831352
-0.13462387
-0.16106673
0.79323857
-1.13450075
0.1919959
-1.13422059
-0.97283586
-0.73580892
2.2487274
-0.30899934
0.0152222
0.65559461
0.9464072
0.59138981
-0.0212038
-1.23489203
0.81205329
-0.14742249
1.19650282
0.86173802
-0.89921205
0.4712882
0.67065665
-1.07674049
1.03779895
-1.05045023
-0.06469857
-0.17258719
0.92076247
1.93244738
0.69633232
0.81975975
0.52981039
0.36205318
1.19802447
1.56709605
-1.52588752
-0.4448685
1.13624269
0.63993697
0.49276779
0.39477053
-0.41708461
-1.93888303
-0.00903024
0.12177713
0.66379248
0.47292899
-1.01216553
0.39591691
-1.2874767
1.60798769
-0.42730495
-1.52507321
0.41899557
-0.28941995
-1.53980373
0.64817132
-1.5633988
0.45278695
0.21139791
-0.04638796
-0.33979289
0.92724859
1.41481121
2.00681784
0.33729526
0.0637447
-1.4902892
0.28319288
0.56099423
-0.68731062
-0.65837008
-1.62335306
0.20804794
0.38482097
-0.48284594
-1.36179997
0.29583599
-0.72402596
-0.12420649
-0.10215056
0.1629452
-0.89154335
0.55646426
0.07981749
0.66141161
-0.51825013
-1.31573225
-0.22204928
-0.13316441
0.06822561
0.14563369
-0.54934629
-1.64836271
0.87843808
0.00127229
-1.05312968
1.77589576
1.34107528
-0.86361384
-1.78718986
-0.91316897
1.23079117
0.51970908
1.78632065
-0.63588122
-0.65160119
-0.00915931
-0.2865743
-0.37682818
2.52612151
0.77449247
0.23418134
-0.70106232
-0.0946572
-1.02512361
0.92961355
0.24474613
0.53647292
1.25235446
1.02869831
0.80417862
0.61940007
-0.81580569
-0.19263447
-0.03013722
-2.45986291
-0.90290652
-0.39390349
-0.42571886
-0.32259466
-0.12555516
0.380525
0.07106239
-0.31337782
0.81270056
-0.33522669
-1.17911521
-1.05876211
1.67734818
0.47125819
0.80806837
0.02799453
-0.87345316
0.49622778
0.60948124
-1.05946599
0.22787258
0.49464137
0.86814855
1.48881815
-0.80533634
0.10429122
-0.57598227
0.2546655
-1.59162167
-0.52806847
0.03582034
0.67379568
-0.97319628
-0.56912511
-0.58933445
0.28678568
0.05516556
-0.60477342
0.41206922
0.67252611
1.63527365
0.03997979
-0.26381986
0.85023618
1.25893324
0.8091322
0.38987551
0.07802431
1.54788407
-1.19329985
0.23394274
-0.69367647
-0.16690495
-0.83384626
-0.26484795
-1.75726224
1.61791065
-0.67450331
0.45732998
0.631779
-1.74476874
0.20799053
0.36534107
-0.99729689
1.19733686
-0.93300757
-0.48341358
-0.26197834
-1.3186619
1.74368961
0.26201135
0.02939387
-0.04292625
-0.053069
-0.48538901
-0.59597691
-0.49179177
0.7885711
1.31465211
0.77860501
2.15428438
-2.35316197
-0.00853848
0.00635407
2.78496202
0.90927256
-0.07266876
0.24549527
-1.79215183
0.55189645
0.64940797
-0.98894044
-0.79423797
0.0604248
-0.97204005
0.37231265
-0.80846369
0.27888406
-0.34396287
0.07189058
-0.36548703
-0.53002017
-1.35287624
0.52102647
-0.72989919
-0.76905376
-0.68259078
-1.40337955
-0.91563794
-0.84468969
-0.95551881
-0.03358227
0.65366196
0.31202878
-0.55749624
-0.33660275
0.4657315
-0.49571881
1.78459271
1.09016975
-0.47308527
0.41207866
0.74482303
-0.16329378
0.59852902
1.26410554
0.87010413
0.1901648
0.46128611
0.16112727
-1.16347495
1.6521722
-0.33888075
-1.11547576
0.58940387
-1.24986596
-0.85908301
1.22673443
0.25302666
0.22080545
-0.19910165
-0.01508929
-0.53145085
-0.9670447
0.792351
1.11248738
0.05264877
-0.95589353
1.88666126
-0.53813654
-0.24321603
0.47182583
0.41758066
-0.74562842
-0.10624204
0.94324611
-2.11672155
-0.30470211
-0.32763086
-1.29684646
-0.43039243
-1.11191626
1.17354181
1.83180058
-0.5487349
0.56456368
0.33053935
0.61485881
0.87065269
0.83119694
0.3184731
1.75040426
-1.56452259
-0.96636389
0.83753134
-0.98612481
0.15512905
0.55910902
0.39247463
0.67035624
-0.90125032
-0.03595421
0.42476771
-0.44374978
-0.2060769
-0.25491632
0.962464
-0.79895328
-1.29684152
-0.79806572
-0.76282745
-0.04264925
-0.18861448
0.33251968
-0.52941412
1.21338712
1.66994579
-0.86242161
-0.20039224
-1.65213433
1.29602912
-0.10638427
0.64623305
0.17562487
-0.28844398
-1.84225083
-1.32680987
-0.14087919
-0.0010849
-0.09503508
-0.32065439
-0.09973206
-0.15421975
-0.42392201
0.69033783
0.52235986
-1.1912571
0.9914726
0.39654911
1.10662881
0.10091521
0.26149352
-0.06862086
0.11329788
-0.51377321
1.02780389
0.14309253
-1.04628561
-0.27411771
-0.62338176
0.33412208
0.95585915
-0.42408682
0.03336444
-1.40700772
-1.1841253
0.22288217
-1.25836366
0.92761999
1.9746944
-0.26203751
0.33886051
0.80551462
0.87004206
0.58291368
-0.34358843
1.25383123
0.11596046
0.59804834
-0.2298633
-1.17805397
0.68626622
-0.56436146
0.538925
-1.66929926
-0.93187104
-0.5893591
0.28988053
1.04898838
-0.13664503
2.36105719
-0.80954704
-0.29828638
-0.0847205
-0.35979992
0.2450652
0.45311745
-0.69097469
0.10519455
0.90284951
0.45663855
-0.92774397
1.40346223
0.48008181
-0.9278459
-1.53068064
0.63335029
0.9427492
-0.00584453
1.17303466
0.4776639
0.70215867
-0.75716956
0.09743033
-1.64550494
-0.20078155
2.03961678
0.31440945
-0.54905315
-0.60140398
-0.25108879
0.72060073
0.12604498
-0.75161525
1.3907718
0.13386849
-0.69213834
0.83205283
-0.22321603
0.29884088
-1.35710661
-0.56726786
-0.22877207
-1.93685424
1.68167824
1.24849892
1.32477291
0.16754705
-0.74994167
-0.92115143
-0.04537198
0.85436904
1.00120767
1.3371684
0.13020024
0.56808563
0.23553758
-1.20723128
0.17937376
-1.29139605
-0.85782755
-0.2590908
0.2928874
1.10433985
-1.22302077
-1.73543106
-1.06135853
0.32856628
0.98377295
-0.87780413
-0.24924279
-0.45290761
1.49549625
-1.3626763
1.79700327
-1.73884564
-0.30749801
0.65536508
-2.30342676
0.74630233
0.82602283
0.30714343
-0.21494596
0.33103337
0.72638048
-0.58244215
-0.2772186
0.88543991
-0.41711043
-0.47787311
0.20750463
-2.10550552
-0.04443687
-0.17186132
-0.83445708
0.09668955
-0.21514733
1.37762837
0.00775028
0.08933233
-0.90841565
0.93237415
0.5677821
1.41014119
-0.38769159
1.86817278
-0.73772894
-0.0240882
-1.98589008
-0.58784318
1.02105357
-0.06319279
-1.17085586
0.46078069
0.35858502
-0.79839341
1.07600834
1.61151855
0.05717558
-0.10049356
0.87292778
0.81293457
-0.30175887
1.38659166
0.98412908
0.00059063
-0.11075463
1.05076614
0.69657189
0.0605491
-0.6401672
0.07563763
0.29485675
-0.69572422
0.42715432
-0.40785328
1.30113218
0.99375007
1.84916237
-0.13479376
-0.36543107
-0.33569563
-0.98658838
0.92060693
0.163006
-0.1522138
0.28820983
-0.00139452
-0.4806146
-0.83855079
-0.68203887
-1.32266045
-1.80057847
-0.67098581
0.74105114
-0.18356914
0.14423181
-0.89319761
0.32154492
0.61716792
-0.29456435
0.06363692
0.37161666
-0.00811775
0.30085557
-0.39138465
-0.66393677
1.75561878
-0.13032307
-1.15924732
-0.74863367
0.80389053
-0.18912251
0.30415484
0.24053021
-1.44973314
0.80191524
0.80747946
0.19374023
0.97245941
0.41679212
0.23600181
0.02902366
-2.2685081
0.16053825
-0.32366055
0.28431675
-0.09292619
0.45848185
-1.1137237
1.07995215
-0.514873
0.67409779
-0.33813665
-1.58457457
1.84877362
-0.54026707
0.45896589
1.0943081
0.38668765
-1.41351993
0.05600764
0.88071693
-2.03542589
-0.57492446
0.44369861
-0.75766199
0.53743905
-1.12398232
-0.25696428
-0.84933701
-0.47268032
1.73085635
0.49169598
-0.85710934
-0.2646897
0.06249969
2.55014578
-0.01522706
0.8154712
0.90421155
0.98482245
-0.35239014
-0.72816867
0.53510945
-0.85136676
-0.18941372
-0.58647673
-0.08546749
-0.22848266
-0.51195249
0.45900755
0.69935893
-1.73613033
-0.1218318
-1.86082536
1.87574173
-0.0964641
0.94873662
-1.01426054
1.20272247
1.66859248
-0.92324928
0.14714611
-0.63169567
0.28204861
1.1931301
0.18895298
-0.27315709
1.52906957
-1.78401001
-0.04793685
-1.15190478
-1.61884218
1.03873803
0.66469001
1.81321445
0.85412747
1.10714846
-1.78415779
1.61009148
0.39887049
-1.13310471
1.37744007
0.64681477
-1.12423425
-0.41418443
0.6472282
-0.21769721
-0.89489491
1.50879442
-0.12225639
0.09451044
0.49449635
0.27263394
1.35755798
-0.18405701
0.2356051
-0.83354189
0.54451531
0.85015194
1.30154011
0.72435352
0.72256764
-0.35013887
-0.68025597
-0.20570559
