#Number of photons observed douring the burst: 215490
#Average flux [c/s]: 1371.2289454091924
#Average variability: 0.006476364094654642
#GRBbn100201588 temporal parameters: 
#                                   T_detection(MET)= 286725979.504744 s
#                                   T_start= -14.496 s
#                                   T_end= 142.655 s
#                                   CCF campionation= 1e-4 s
#                                   Fit amplitude= 25.0 s
#                                   Used detector= 9 GBM
#                                   Variable bin size= 10 ph/bin
-0.01774349
0.63915998
1.74772375
-1.36459493
-0.50556433
-1.41682967
-0.44902765
-1.88108507
-1.08224477
-3.04751297
-0.19756942
1.30030489
0.94471539
-2.2086929
-0.37670025
0.6562036
0.56147742
1.55680597
-3.53615419
0.99346579
-1.50240374
-0.03803464
1.3517186
-0.05383577
-0.8493568
0.37946212
0.32038892
-0.66353697
1.26461982
1.81781128
0.89017856
0.99311808
-0.64025196
0.19658943
-0.01948215
-2.03066597
2.02205252
-0.80857365
1.6257663
-1.69596756
-0.27874017
0.47948574
-0.6235073
-1.10016309
1.76372893
0.50570406
-1.69130114
2.58456957
1.25972338
1.28265043
0.67399194
2.67006306
0.45111073
-0.11034575
1.45790578
-0.18187044
0.56529935
-0.77573504
-0.09705543
2.29584692
0.75511314
0.89725803
-0.34630463
2.20584244
-0.69525597
0.78154182
-1.10530591
1.61165285
1.90173387
0.97812369
1.31835649
-0.47775413
1.27581401
-0.36466379
-0.83997877
1.81378632
0.42989404
-2.39067005
-2.2287544
0.14949111
0.33380121
-2.5953264
-1.00524986
0.7007129
0.53405584
-2.16871033
-0.35514242
-2.72096395
-0.16259478
0.02922722
-0.20435511
-1.84554476
2.56076731
-0.81320849
-0.59978778
0.37871611
0.86374173
0.50700163
-0.35534707
-0.35105652
-0.95186856
0.20591762
1.37213599
-0.6840247
-0.32945433
0.71725652
-0.50301417
-0.02700195
0.3120194
-0.54249483
0.18938325
0.13259683
1.2802164
-1.46479435
-2.66279242
-0.3946111
-0.38958695
1.49156067
-3.00513611
-0.78533586
0.1672449
0.13523297
2.18537631
0.02408488
0.47000372
-0.32084178
0.8876549
0.52249298
1.38183372
-2.00741796
0.71010612
1.00189343
-2.2329931
-0.26677714
0.05665784
-1.34323111
-1.63112742
0.24761425
0.18157764
-0.20924819
1.16453239
-0.82932287
0.08014833
-0.42078031
-1.10777398
0.65766696
-0.76368039
-0.01807379
-0.09087607
1.35584575
1.02285067
-0.09133171
2.51733471
0.63931571
1.79691841
-0.36222637
-0.83477689
-0.27443119
-1.55063284
0.12818984
-0.50811335
0.53192907
0.85455482
2.06553885
0.35882266
-0.3875009
0.34526113
-0.57186391
0.75801377
1.1717594
1.05281978
-0.55958613
0.68981515
2.2257054
0.67922306
-1.92541801
-2.77094312
0.72580242
-0.65151001
-1.54421079
0.5247859
0.20006922
-0.25064739
-0.60265042
0.93392151
0.22644031
-0.44892647
-0.45810657
0.13812353
-0.3471556
-0.39566888
-2.17886062
-1.21641022
-0.78421628
0.86570288
0.38048033
1.48527122
1.24453479
-0.08705641
0.57863572
1.43964076
-0.233474
-1.10492369
1.35977423
-0.51027768
0.71787397
0.72879325
-0.87123183
0.2746613
-0.45651615
-0.27894186
-1.83746449
0.03530505
0.2439034
1.46432904
-0.48865485
-0.85814581
-2.47657297
0.06287628
-1.22909138
1.56736115
1.92908157
0.6980533
1.9767615
-3.14961125
0.1639652
-0.54495611
0.65739736
-1.44263584
0.51439877
1.97461331
-1.49999508
-0.30144425
0.49886629
2.224945
-0.28118092
-0.25007024
1.70853428
-0.73858814
1.90911352
0.43045251
-1.22235654
1.31795337
0.60897794
0.70494818
0.76392022
0.58391953
1.17757785
-0.12750932
1.62775653
0.04190118
0.90767485
1.15586803
-0.30874087
-2.96552093
-1.43297672
0.06749184
0.03612858
-0.34663747
0.7764928
1.05485977
0.8586903
-0.67948036
-0.98680791
-0.56911522
-0.75119741
0.60639439
-0.36077338
-0.36742516
0.50166383
1.01319513
-0.11010315
0.00216082
-0.15282994
0.47161383
1.52776627
-1.31326569
-0.29678458
1.03672012
0.66604808
-0.25123133
2.11915111
0.0549628
-0.45053594
-0.23277971
-2.21934435
0.05984472
0.42900633
-0.11392762
-0.20145461
-0.40045906
-0.9359853
-0.83895889
-2.45126158
-0.60094685
0.54398869
-0.3143423
1.67512866
0.15285594
0.25325781
-0.15677828
-1.06018141
-2.22744598
0.49668672
0.08746158
0.09307204
-1.51625065
1.26817107
-1.56001064
4.14120784
-0.84031984
0.14711277
-1.42319642
-1.84725528
-0.19280601
0.60192138
-0.568594
0.88273129
-0.06049992
-2.34843406
-0.61481999
2.07774534
-0.33442971
0.46672925
0.22774657
-0.34681048
1.00989885
-0.30747213
0.08648723
1.46936668
-1.79090296
-1.24145889
-1.35571911
0.63315482
1.85186821
-0.74911157
-0.44292568
0.93086039
0.58401073
-1.90511111
-1.40521362
-2.25480946
0.57540087
-0.30200554
-0.32121853
-3.00663005
0.47598863
-0.06102825
1.17781471
-0.66583008
-1.58881252
1.00478162
0.60893132
1.81120747
0.72147792
0.41376038
1.46898559
0.14414966
0.0770432
1.26057234
0.4079982
0.11661623
-0.15023284
-2.01345483
0.37177734
0.60928976
1.13766465
-1.30337277
-1.8959321
0.32542804
1.20987528
-0.31198588
-1.76228791
-1.63587399
-0.03861996
1.50282025
0.80749668
-2.16008328
1.04118751
0.3440588
1.54396508
0.88326564
-0.20434519
-0.24597871
-0.03625483
0.65173879
0.33091846
0.26349169
-0.61222178
0.87141585
-0.19555706
0.80040462
0.76764805
-0.04446471
-0.04936907
0.47401979
-1.4874159
0.28761494
-1.02720544
2.24328351
-0.21683847
-1.49046992
1.73105075
1.45027804
-0.11153731
-0.50050271
0.76163978
-0.91629498
-0.22710604
-0.89949123
-1.7371582
-1.85303966
0.31596711
-0.66979457
-0.64268336
-0.19497213
-2.08449527
1.63916918
-1.71579058
1.13436361
-0.2892288
0.42684168
0.2652517
-0.78875944
-0.11596202
1.55248545
-1.81074718
0.92906273
1.19243203
-0.19044831
1.15035987
-1.62238452
-0.38094789
-0.5700064
1.03921811
-0.63842417
-0.54418801
0.48860657
-1.35622106
1.11659893
1.88242433
-0.5223628
-0.04026269
0.2680118
-0.2476404
1.973953
0.7628937
-0.68576192
-1.16207068
-0.72977151
1.95010386
0.72960132
-0.64742154
-1.93338549
0.45593506
-0.27081267
0.62226182
0.63751498
-0.42235754
2.93725121
-0.36780615
1.0014485
-0.20918093
-1.34190189
-0.99795702
2.20577598
1.66842425
-2.09652886
0.67289169
0.30777302
0.10376731
-1.69977667
0.24293361
-0.05468577
0.87050038
0.35094509
-0.77255575
1.658032
2.32284499
1.06649077
-0.48670556
0.85059266
-1.23697416
0.53968109
0.3846883
-0.67103529
0.89421351
-0.67420709
0.01411868
0.41624274
1.06338653
1.29946549
2.03978916
-0.87510685
-2.47812327
-0.32497108
1.05362186
0.46743785
0.70991017
-1.9790586
-2.25169474
0.16341148
1.89908631
-0.81397341
-0.79423266
0.28183804
1.28936291
-0.30435988
0.78507754
1.49156922
0.86398026
-1.36873573
0.32905918
1.92413779
-0.83088673
-1.73950863
-0.21903053
1.81205954
-0.60022691
-0.04099332
0.64852007
-0.111367
-1.87221262
0.61536482
-0.01616404
-0.1102428
-0.8987994
-1.95085487
-0.43770038
0.3435225
-1.5905912
0.48934261
2.12490431
-1.02422936
1.14921894
-1.87285964
-0.1376649
0.69747813
-1.974198
-2.35317061
0.13625091
0.14078854
0.32899818
-0.27501323
0.17234297
-0.35826005
-1.16831441
-1.05603888
1.82213554
-0.21876818
-0.12782449
2.00173132
0.21177399
-1.68813693
0.38492088
3.7093948
-0.70717425
0.81933553
-0.35149327
0.58991637
-1.01815845
0.99161724
0.81884483
-1.33505764
1.67639666
0.6036853
-0.65552105
-0.6851385
1.1209082
-0.80647452
-1.01234857
0.0165377
-0.57935081
-0.62632777
-0.36973226
-1.11071134
1.12682931
-0.82574479
-1.1211333
1.42135046
1.81601556
-1.56651007
-0.07200005
-1.7810493
-2.0832571
-1.14975989
0.07429021
-0.06001047
-0.4010679
0.17977108
-0.73738804
1.20258104
0.37294031
-0.50741622
0.02878992
-0.4646507
1.40614491
-0.10046519
1.74640538
1.01911777
-1.4261644
-1.49683739
0.26367842
0.63094959
1.18064004
0.20469284
-0.92681531
-0.1406607
0.34490614
0.80735625
-0.44083586
0.3006663
-0.95944374
-0.65830175
-0.91279421
-0.25103678
-0.07647924
-1.457905
1.12017499
-0.49937703
-1.54539961
-1.02068169
-1.98809927
1.13319541
-2.46932492
1.29000239
1.60889139
-1.24932752
1.04640088
0.36838006
0.25016842
-0.01616314
-0.43206004
-2.86388403
-0.49298028
-1.14308455
1.57374883
0.11340163
0.55432118
1.36881667
0.10784391
0.98306727
0.20432586
-2.20147157
-1.28364322
1.41118384
-0.87773497
0.57429797
-0.14773409
-0.02124454
0.41608974
1.12250791
-0.84287061
-2.98494655
2.09547279
-0.37709536
-1.49038619
-1.4676685
-0.65044342
-2.09363199
-0.64083435
2.00002344
0.17858358
-1.51084337
0.96709159
1.3558035
-0.09437274
-0.66884871
0.32177345
1.91758648
3.62491674
-1.18406648
-0.56547385
0.77378729
0.35466731
1.04783619
-0.33771884
-1.48866493
-0.75975962
0.3902944
-0.54974789
2.17448345
-0.66581507
-0.27038153
0.4398456
-0.01411566
0.51183603
1.32484026
1.37038686
-0.86725014
1.24957274
2.07553426
-0.46910626
-0.62036483
0.7892041
-1.22114298
0.75798956
-0.07872283
0.33775249
-1.77779008
-2.05805307
-2.01982616
-0.07526796
-0.66518529
-2.08080566
1.37973334
-1.51352196
1.24604697
0.19286722
0.20950122
0.9439423
-0.56636445
-2.14325539
-0.639977
1.60467225
2.30373761
0.97148291
-0.94678097
-0.27481347
0.4037901
1.28938843
-2.32378476
-0.65048412
-0.02070011
-0.02646431
-1.437889
-0.5688339
-0.52925714
1.48455773
-0.22585359
-1.03174381
-0.12140001
-0.94172983
-0.75050604
-3.13951809
1.99589159
-0.55652935
-1.21726519
-0.48346727
-1.13560722
-1.43128694
1.43189567
-1.07366419
0.02831655
0.2158803
0.84150753
1.80799727
-1.44250522
0.22993965
-1.56657235
0.62291613
0.6235264
-0.29109206
-1.63459386
0.17033781
-0.71824718
0.54539543
0.99738609
-1.05905869
-0.04976421
1.86461
0.74267229
1.990919
-1.14213151
0.51965688
1.33897853
0.20417959
1.72533289
-0.43570176
-0.74134709
0.35150337
-0.19058884
-0.49820765
0.54085968
0.08013808
-0.14732726
0.4057316
-1.18977576
-0.1621899
-1.44987061
-0.06405523
-0.56321304
-0.67914676
-1.33782465
-0.96123556
0.65665417
-0.01610422
-1.44130557
1.4442856
-5.33304983
-1.99821639
0.74153839
0.45709282
-1.74882078
-0.77660321
-1.57739048
-0.69437469
-0.17683068
-2.58122979
-1.05069543
1.15480318
-1.14538637
0.25422278
-0.48206682
-0.12519954
-0.99654597
0.54154654
0.60010589
-0.17524077
0.42060701
0.66789843
1.4115573
-0.11468383
1.71117264
-0.25651958
0.60583244
-1.22797931
-0.96699608
-0.33521748
0.82151382
0.15822354
-2.044239
0.40280542
-1.45079481
0.64632164
-1.03588994
1.27719034
0.7417572
0.62003924
0.1137784
1.67852653
-0.95306452
1.95965989
-0.64913648
0.96409516
3.84917567
-2.33436834
-2.79706335
-1.68615049
1.61484436
0.90609632
0.82473786
0.30403064
-1.85675798
0.96337548
2.15851794
0.23003023
-0.93165329
1.00275031
-1.25234498
-0.87023476
-1.60410625
0.72819069
0.53064689
1.78408047
1.15840734
1.64241262
-1.32806565
-0.7171183
0.572083
-1.51355226
-1.10276579
0.55496049
-1.54910335
0.68649985
0.75305124
-0.28271554
-1.28865209
1.2725153
-0.33888558
0.00620661
0.87786243
2.06824726
-0.22637903
1.29190096
0.05129136
1.43764045
0.16530251
0.39232619
0.4895934
-1.96010413
-0.2907316
-0.51407641
-1.21100197
-0.54717048
-0.64863509
0.68388927
-1.68030723
-0.61713427
-1.59507061
2.49842852
-1.88778704
0.65319623
-1.3309565
0.03090312
1.44999356
1.10405628
0.3777049
-0.29293376
-0.08480726
1.02866134
0.50868517
-0.43251163
0.02405712
-0.76515451
-2.1913774
-2.05150395
-1.83217022
-0.10653615
0.07811007
1.56523162
-0.23743532
-1.0280013
0.47689979
1.23542159
1.01595964
-0.89854387
-3.08739913
-1.90343327
1.41278952
-1.75126612
-0.70188167
0.29676395
0.22221473
1.35728158
-1.37855259
1.53140986
1.40757234
0.82251782
-0.46846821
1.19733582
-0.73252669
0.17096918
-0.55388771
1.87477084
-0.06852032
-1.99629599
1.71135279
0.98139158
0.61385529
-0.39285886
-0.02717695
-0.97014396
-0.9297958
0.90969003
1.1938245
-0.05536712
-0.01311414
-1.0048253
-1.60174924
-1.32498983
1.45615807
2.34631957
0.22203897
0.04395428
0.6223947
-0.5233696
1.85038071
0.04568543
0.80773747
0.51427741
-0.75233319
1.50644092
-0.70104976
-1.33918258
-1.04610523
-0.13371526
1.69471939
0.26528941
-0.39527539
0.90229665
-0.93624374
1.38612019
0.13629821
0.28366069
0.20767679
0.91309455
-1.70087167
1.74560997
-1.65039601
0.93847374
-0.37465917
0.3285108
-0.66948128
2.72430552
0.51535023
-0.98668418
1.58381642
2.97887104
-0.5578416
0.12243371
-0.47965385
0.1085433
-0.80316347
-0.14010045
0.72176761
-2.33341877
0.01652263
-0.77907202
-1.48451451
