#Number of photons observed douring the burst: 267159
#Average flux [c/s]: 1241.9588026646707
#Average variability: 0.004677736410540041
#GRBbn100413732 temporal parameters: 
#                                   T_detection(MET)= 292872813.924316 s
#                                   T_start= -15.059999999999999 s
#                                   T_end= 200.05100000000002 s
#                                   CCF campionation= 1e-6 s
#                                   Fit amplitude= 0.01 s
#                                   Used detector= 5 GBM
#                                   Variable bin size= 10 ph/bin
0.0021975
0.00591669
0.00122316
-0.00085855
-0.00018538
0.00039936
0.00468516
-0.00167404
-0.00042936
-0.00034853
-0.00168957
0.00096153
0.00313315
0.00111968
0.0042129
-0.00124911
-0.00036358
0.00041767
0.00076867
0.00114626
7.193e-05
-0.00089796
-0.00565987
0.00053223
-0.00275746
0.00167565
0.00104828
0.00105693
-0.00066805
-0.0015599
-0.00026407
0.00195353
-0.00252802
-0.00020075
0.0026485
-0.00189811
0.00153693
3.788e-05
-0.00100773
-0.00250394
-0.00147521
0.00329378
0.00221261
-0.00367702
0.00173702
0.00250762
0.00103138
0.00091961
0.00141214
0.00217744
0.00034352
0.00156432
-0.0025453
-0.00377252
0.00161931
-0.00290542
0.00219064
0.00146393
0.0017529
9e-05
0.00229296
0.0004138
0.00124766
0.00165063
-2.91e-06
0.00416761
0.00374752
-0.00071288
-0.00086673
-0.00241769
-0.00232231
0.00141785
-0.00130728
-0.00174211
0.00173005
-0.00239036
0.00359265
0.00044647
0.00142913
0.0050601
0.00132495
0.00142249
-0.00053367
-0.00044733
-0.00079276
-0.00172415
-0.00229461
-0.00374938
-0.00122294
-0.00102595
0.00058479
-0.00188712
0.00063563
-0.00067306
-0.00055609
-0.00377442
0.00037977
-0.00323151
-0.00011294
0.00260813
-0.00195261
0.00098013
0.00047175
0.00085932
-7.258e-05
-0.00183482
0.00171803
-5.434e-05
0.00385417
-0.00077801
-0.0002607
-0.00121981
0.00034915
-0.0014578
0.00229839
0.00093744
0.00147826
-0.00400932
-0.00094869
-0.0018789
0.00451141
0.00295137
0.0027545
0.00049609
0.00032292
-0.00025234
0.00422238
0.0018596
0.00285999
0.00045866
0.00372107
-0.00026834
-0.00222409
-0.00380952
0.00210883
0.00088943
0.00228505
-0.00367657
0.00144818
0.00126696
1.326e-05
-0.00049272
0.00013774
-0.00251392
-0.00048755
0.00293684
-0.00181853
-0.00087915
-0.00400802
-0.00042951
-0.00230786
0.00202258
-0.00067264
0.00084826
-9.51e-05
-0.00273657
-0.00054699
-0.00366978
-0.00075017
0.00011468
0.00047375
-0.00030577
-0.00105379
0.00367803
-0.00181617
-0.00136386
-0.00199745
-0.00149206
-0.00029408
-0.00057716
0.00166698
-0.00157137
-0.00017864
0.00074668
-0.0010008
-0.00209835
-0.00192746
-0.00083677
-0.00043197
-0.00089137
0.00216661
-0.00016139
0.00366452
-0.00061779
-0.0005448
-0.00027733
0.00164585
0.00200388
0.00055618
0.00203048
-0.00039333
-0.00163381
0.00251899
0.00059885
-0.00082943
0.00128037
0.00135441
0.00046745
-0.00057801
-0.00259244
-0.00021988
-0.00153401
7.838e-05
0.00424332
-0.00067423
0.00258513
-0.00303092
0.00256062
0.00256857
0.00187044
-0.00033252
0.00191537
0.0002725
-0.00141022
0.00022217
-0.00109118
-0.00364951
0.00534116
0.00307748
6.106e-05
-0.00117898
0.00046343
-0.00230412
-0.00266227
0.00391345
0.00041297
0.00092765
0.00020518
-0.00158087
-0.00035048
0.00060635
0.0019683
-0.00307716
-0.00076502
-0.0017713
0.00100706
0.00010582
0.00162502
-0.00133135
0.00017495
-0.00142324
-0.00089159
-0.00140848
-0.00084732
0.00177239
0.00233768
7.73e-05
0.00208655
0.00224021
0.00153353
0.00281651
-0.00111201
-0.0018377
-0.00250402
-0.00469433
0.00188113
-0.00179764
-0.00011243
0.00409919
0.00474618
0.00348383
-0.0012817
-0.00172133
-3.383e-05
-0.00139466
2.288e-05
0.00249571
-0.00244421
-0.00231507
-0.00256887
-0.00138763
0.00221292
-0.00081079
-5.894e-05
-0.00209717
0.00158693
0.00219402
0.00064596
-0.00147823
-0.00030184
-0.00365058
-0.00058474
-0.00158862
4.562e-05
-0.00051209
-0.00089937
7.517e-05
-0.00136175
0.00148394
0.00257291
0.00036415
0.00016979
-0.00331172
-0.00034916
0.00033375
-0.00356135
0.00194415
-0.00134444
0.00202
0.00261506
-0.0023156
-0.00134797
0.00015398
-0.00143884
-0.00141897
0.00133339
0.0002618
0.00150885
0.00082123
-0.00103485
7.359e-05
-0.0040009
-0.00169933
-0.00328071
0.0006984
-0.00045519
-0.00076728
0.00101382
-0.00395412
-0.0043912
-0.0020037
0.00173967
0.00213328
0.00161963
0.00113288
-0.00027693
-0.00022504
-0.00063932
0.0018554
-0.00159242
0.00024955
-0.00166772
-0.00133635
-0.00028963
-0.00023744
-0.00131373
-0.00243473
0.00391179
-0.00373916
-0.00197352
0.00219682
0.00133196
0.00437887
-0.00232998
0.00184229
0.00170234
0.00510354
-0.00010213
-0.00383677
-0.00018978
-0.00135646
0.00084967
-0.00108595
0.00037337
-9.12e-05
0.00084285
-0.00247089
-0.00050896
0.00151118
0.00213178
0.00638519
-0.0015843
0.00511907
-0.00182168
0.00482561
-0.00011418
-0.00357706
0.00337951
-0.00172324
-0.00402716
-0.00129092
0.00071812
0.00106757
0.00026373
-0.00377141
0.00146471
-0.00233401
-0.0004639
-0.00176299
-0.00014883
3.602e-05
-0.00079917
0.00079876
-0.00109531
-8.292e-05
0.00343308
-0.00161128
-0.00082079
-0.00118967
-0.00225298
0.00206797
0.001301
0.00355357
0.00357557
-0.00146444
-0.00153757
0.00251992
-0.00034445
-0.00499088
0.00491688
-0.00075532
0.00144026
-0.0029977
-0.0029398
0.00183506
0.00080338
0.00013117
0.00241082
0.00253799
-0.00177398
8.48e-06
-0.00041012
-0.00096023
-0.00067244
-0.00333504
-0.00031428
0.00174677
0.00099399
-0.00363073
-0.00336868
0.00092911
-0.00474069
0.00025264
-0.00246848
-0.00259159
0.00227596
0.00468481
-0.00127075
-0.0018361
-0.00254827
-0.00219922
-0.00279192
0.00191109
0.0039005
-4.054e-05
0.00253872
0.00564811
-0.00011618
0.00449562
0.00020737
0.00443428
-0.00120462
0.0004578
-0.00013192
-0.00106483
-0.00106576
0.00060879
0.00152368
0.00083352
-0.00093878
-0.00133858
-0.00271912
0.0007906
0.00189438
0.00429543
0.00492688
-5.215e-05
0.00208088
-0.00250778
-0.00257815
0.00046567
-0.00022728
-0.00103987
0.00200536
-0.00446247
-0.00213091
0.00075795
0.00241014
0.00055187
0.00011278
-0.00459894
-0.00069953
-0.00031689
5.128e-05
-0.00187912
-0.00094113
0.00076883
0.00199023
-0.00012566
0.00024981
-0.00082534
-0.00073689
-0.00502811
-0.00035944
-0.00129257
0.0001396
-0.00036241
-0.00232597
-0.00077392
0.00353265
0.00032718
0.00119228
0.00164122
0.00016128
-0.00149026
-0.00270148
-0.00105089
-0.00044637
0.00068532
6.121e-05
0.00117754
-0.00159466
-0.00024477
-0.00094817
0.00078218
0.0021596
-0.00064118
0.00050606
-0.0057798
0.00413276
-0.00334499
0.00131701
-0.00084381
-0.00071016
0.00023313
-0.00127089
7.232e-05
0.00273787
-0.00025543
-0.00353659
0.00027207
-0.00042632
-0.00093281
0.00050853
-0.00176238
0.00283493
-0.00391815
0.00061168
-0.00284232
-0.00161276
-0.00419852
-0.00093208
0.00168043
0.00139597
-0.00055038
4.59e-05
-0.00131615
0.00255766
-0.00055468
-0.00040026
0.00066637
-0.00025143
-0.00096773
-0.003112
-0.00012278
0.00073857
0.00225536
6.03e-05
-0.00052358
0.00147691
0.00114511
0.00282915
0.00097309
-0.0002266
0.00345219
0.00127384
-0.00066822
0.00531834
-0.00134216
0.00268939
-0.001815
0.00018946
-0.00390011
-0.00010434
-0.00173862
0.00021803
-0.00023846
0.00157875
0.00109231
0.00184504
-0.00068489
0.0013072
-0.00141572
0.00070899
-0.00046946
0.00043006
-0.00115469
-0.00068891
0.00218322
0.00107036
0.0002206
0.00142222
-0.00045833
0.00038848
0.00013034
-0.00211598
0.00309104
-3.91e-05
0.0039886
0.00093344
-0.00140664
-0.00020587
0.00111032
-0.00290269
-0.00239537
-0.00084585
0.00264504
0.00016344
-0.00124954
0.00073354
-0.00124501
0.00059462
0.00431792
0.00023812
-0.00148326
-0.00024721
-0.00155143
0.00160022
-0.00139237
7.889e-05
0.00073453
-0.00082504
-0.00040654
0.00216978
-0.00206656
-0.00352439
-0.00209791
0.0032617
-0.00096664
-0.00062811
-0.00313998
0.00280856
-0.00297687
-0.00339133
-0.00257267
-0.00039348
0.00034517
-0.00223297
0.00352652
0.00363429
0.00419656
-0.00094503
0.00032826
-0.00250536
-0.00412499
0.00034067
0.00283936
-0.00189551
0.00078297
-0.00171588
0.00437964
0.00202843
-0.00277246
0.00045495
-0.0001006
0.00167152
0.00058243
-0.00125569
-0.00486748
-0.00245601
-0.00219183
0.00171602
-0.00097249
0.00029425
-0.00094459
-0.00431402
-0.00089488
0.00088704
0.00181409
0.0001427
0.00017403
-0.00089424
0.00052407
-0.00185128
0.00191773
-0.0015208
-0.00029935
-0.00075508
-0.00191687
-0.00116721
-0.00174437
0.00041495
0.00278727
-0.00228008
0.00178213
-0.00079201
-0.00085355
0.0021423
-2.559e-05
-0.00117706
-0.0018599
-0.00423377
-5.102e-05
0.00016763
0.00065136
0.00058222
0.00042938
-0.00140882
-0.00322419
0.00181067
0.00382336
0.00098568
0.00274898
-0.00246355
-0.00069883
-0.00040997
-0.00344349
0.00050299
0.00314159
-0.00040707
-0.00075467
0.00286437
-0.0041143
-0.00061619
-0.00388533
-0.00031023
-0.00015973
-0.0023977
0.00305647
-0.0002611
0.00026758
0.00090027
-0.00377912
-0.00238151
-0.0013835
-0.00043252
-0.00084575
0.00157461
0.00220777
0.000731
-0.0025431
0.00300788
0.0034396
0.00049361
-0.00357527
0.00366281
0.00299357
-0.00082679
0.00116168
0.00319991
-0.00324533
-0.00031964
-0.00318229
0.00429254
-0.00138226
-0.00067121
0.00107159
-0.00437109
-0.00019079
-0.00203644
-0.00020544
-0.00086105
0.00179059
-0.00169203
0.00111305
-0.00204555
-0.00177188
-0.00113782
-0.002242
-0.00092895
0.00397019
0.00150888
-0.00181508
0.0025728
-0.00190564
-0.0008233
0.002791
0.00048706
-0.00085997
0.00229278
-0.00164326
0.00010465
-0.00294837
-0.00143557
-0.00163387
0.00213668
-0.00043207
-0.00247597
-0.00021384
-0.00021874
-0.00122356
0.0028481
-0.00176313
-0.00133421
0.00307059
0.002243
-0.00020225
-0.00257358
0.00013245
0.00194636
-0.00191728
0.00116554
0.00167313
0.00050875
-0.00062118
-0.00248671
-0.00041997
0.00028613
0.00365478
0.00347099
0.00074969
-0.00094544
-0.00210733
-0.00108651
-6.75e-06
0.00356158
0.00151469
0.00057213
0.00222186
-0.00077457
0.00102068
-0.00124686
0.00190904
0.0027377
0.00114209
-0.00224801
-0.00253572
0.00255755
0.00059408
-8.97e-05
0.00047823
0.00044538
0.00224465
-0.00374924
0.00190623
0.00016629
0.00174942
0.00129061
-0.00040001
0.00122823
-0.00160687
-0.000426
-0.00107534
-0.00038331
0.00107328
-0.00437136
-0.00055054
0.00051234
0.00293353
0.00099267
-0.00312344
0.00194662
0.00363037
0.00465543
-0.00183933
0.00091306
0.00030539
-0.00229722
-0.00027549
-0.00436445
0.00064479
0.00096314
-0.00021978
0.00154186
0.00075733
0.00045053
0.00214048
0.00311037
0.00271892
0.00050573
-0.00059935
0.0026777
-0.00051016
0.00122344
0.00404894
0.00114866
-0.00037937
-0.00190561
-0.00010913
0.00084774
-0.00055493
-0.00039545
0.00149193
0.00074016
-0.00434275
-0.00092231
0.00019986
-0.00355451
-0.0031876
-0.00134404
0.00041421
-0.00078346
0.00204726
-0.00184015
0.00157785
-0.00090485
0.00051936
0.00226333
-0.00461382
-0.00073121
0.0041073
-0.00475385
0.00112878
-0.0011462
-3.227e-05
-0.0008579
-0.00029708
-0.00250762
-0.001086
-0.00033837
0.00292867
-0.00490542
0.00514194
0.00400825
-0.00328835
0.00102728
0.0018698
-0.00011948
-5.319e-05
0.00073075
-0.00111668
-0.00052857
-0.00025751
-4.152e-05
-0.00149389
0.00134394
-0.0038067
0.00235382
0.00021411
0.00120384
0.00114201
0.00322643
-0.00033914
-1.666e-05
-0.00098143
-0.00188272
-0.00012107
0.00273173
0.00036717
0.00092744
0.00130706
0.00258667
0.0021095
-0.00031792
-0.00150926
-0.00079202
-0.00263019
0.00186147
0.00246439
0.00177787
0.00109782
-0.00068156
-0.00093244
0.0025166
-0.00342232
0.00195493
0.00125991
0.00221222
0.00216863
-0.00320096
-0.00223391
-0.00272024
0.0009454
-0.00046361
-0.00042636
-0.00130931
0.00018367
0.00051203
-0.00170336
-0.00043597
-0.0004966
0.00207463
0.00361729
-0.00130536
-0.00053711
2.17e-06
0.00195742
0.00124142
-0.00086294
-0.00256854
-0.00107426
-0.00116474
0.00309727
-0.0001994
0.00118989
0.00109891
2.931e-05
0.00038329
0.00173537
0.00071891
-0.00037716
-0.00099264
-0.00548715
-0.0033234
-0.00017604
-0.00176604
-0.00156844
0.001156
0.00186307
0.00089272
-0.00223925
0.00292815
-0.00053298
-0.00207449
0.00127445
-0.00133463
-0.00259747
0.00437547
0.00204331
0.00089408
-0.00186936
0.00038868
-0.00024197
0.00062637
0.00078412
-0.0027307
0.00090306
-0.00340243
-0.00404658
0.00308663
