#Number of photons observed douring the burst: 79112
#Average flux [c/s]: 2056.5130364709244
#Average variability: 0.04872343453301316
#GRBbn100322045 temporal parameters: 
#                                   T_detection(MET)= 290912711.64258 s
#                                   T_start= 0.30000000000000004 s
#                                   T_end= 38.769 s
#                                   CCF campionation= 1e-6 s
#                                   Fit amplitude= 0.35 s
#                                   Used detector= 5 GBM
#                                   Variable bin size= 10 ph/bin
0.00374823
0.00416965
-0.00452073
0.00831925
-0.00899047
-0.0523508
0.01812396
-0.0406763
0.01740935
-0.00726119
0.01705514
-0.01630459
0.00558855
0.00329188
-0.02407537
0.02292803
-0.02258745
-0.00126866
0.01403919
0.01757965
0.02546135
0.01236561
-0.03900811
0.02352827
0.01401686
0.00930524
0.0174185
-0.03318338
0.01664972
0.01934498
-0.00308383
0.03236998
-0.01098329
-0.01034825
0.01070285
-0.00843698
-0.00331982
0.00427234
-0.00085388
0.02514499
0.02409891
0.00431011
-0.02313677
0.01733402
-0.00485126
0.01034037
0.04764465
-0.0375591
0.02224199
0.04392709
-0.0110544
0.02161257
0.00011727
-0.01919652
0.00774261
0.00498148
0.02878708
0.01354962
-0.01037773
-0.01775233
-0.0085382
-0.01468939
-0.00061038
-0.00619586
-0.00407103
-0.0325272
-0.02200019
0.02054596
-0.01179067
0.01627313
-0.03009237
-0.00385264
-0.01249266
-0.0188506
0.00349805
-0.02339502
0.00021117
-0.01593618
0.02275953
0.01748868
-0.00112614
0.00037908
-0.01866736
0.01205371
-0.03838991
-0.02148068
0.01124821
-0.04114495
0.02894599
0.00177331
-0.04348104
-0.00508284
-0.01212047
0.0068431
0.00724735
0.02453785
0.00958612
-0.02264924
-0.01735437
0.00849888
0.02051332
-0.03241412
0.00891935
#999
-0.01209496
-0.01695894
0.00056719
0.04539784
-0.00514072
0.01544958
-0.01733913
-0.01613513
-0.02284743
0.00278689
-0.01066643
-0.01458156
0.00215572
0.04508493
-0.00174288
-0.06336938
0.00182296
0.00574832
-0.00472228
0.01870986
0.00317796
-0.00442376
-0.03546618
0.02436364
0.01337512
-0.00758784
-0.01071667
0.01015215
-0.01477225
-0.00686113
-0.02738259
0.0154183
0.00388477
0.01601145
-0.02510912
0.01841416
-0.0153134
0.01591584
0.00622062
-0.00612099
-0.00745267
0.02292649
0.01484558
0.02776116
0.00294964
0.00492346
-0.01899074
-0.02599065
0.02002595
0.01490052
0.036751
0.01170351
-0.02463516
0.04651135
0.00377244
-0.00936676
-0.02267959
0.00879925
-0.01023244
0.01525941
-0.00891679
0.0118379
0.003714
0.00176833
0.0215544
0.01596465
-0.0099822
0.0182336
0.00051641
0.00615359
0.04356518
0.02279814
-0.00732489
0.0104455
0.0136258
-0.00355492
0.02131696
-0.00988072
0.00369221
-0.0087575
0.00130592
0.01895922
-0.00078303
0.00672189
0.03035376
0.01467248
0.00683892
-0.00639654
-0.01626937
0.01949446
-0.05108388
0.00762946
0.00102808
-0.01789812
0.00351118
-0.01420423
-0.01423004
-0.00960819
0.01098717
0.02295392
0.00095535
0.03607234
0.00502533
0.02342229
-0.01358037
-0.02105392
0.01327668
-0.01677535
-0.00978891
-0.00980446
-0.02537175
0.00436913
0.01568046
-0.01993101
-0.00079175
-0.03527674
-0.00346572
-0.00205256
-0.03681394
-0.0007168
-0.00883344
0.00283192
-0.01021431
-0.00995269
0.01813393
0.01609687
-0.0066792
-0.02138638
-0.00970613
0.01629447
0.02362729
-0.00624827
0.01034588
-0.01888187
0.01285493
0.02080904
0.05010127
-0.00308188
0.00574491
-0.00074614
-0.0071916
-0.01852493
-0.01852808
0.0419262
-0.01720181
-0.03390837
0.01267662
-0.02357863
0.01243871
-0.00480609
-0.03405598
0.00097591
-0.01701119
0.01981327
-0.00239475
0.00109617
-0.03858286
0.01491646
-0.00969263
0.00532803
0.00698869
-0.02195595
0.03698518
0.0123255
-0.01322184
-0.03806049
-0.03241501
0.02775924
0.02134977
0.01371169
0.0049524
-0.00453331
-0.00940725
-0.03618252
-0.01025472
0.00456517
0.02121705
-0.03642507
-0.01914586
-0.00185668
-0.02355966
-0.00201004
0.02672475
-0.02724128
-0.02170584
-0.00154483
0.00413236
-0.01843287
0.00735474
-0.00094353
-0.00070415
-0.03158753
-0.01405884
-0.01328781
0.00862171
-0.03056847
-0.03445823
0.03995176
-0.00469463
-0.0240902
0.01276015
0.01144918
0.01584057
0.01455583
0.00400194
-0.00782131
-0.02586063
-0.02151905
-0.00975977
0.01039136
0.00274445
0.01911981
-0.01122131
-0.01102239
0.00960606
0.00286182
-0.00744933
0.02178466
-0.03146502
-0.00834644
0.00316726
0.02209975
0.02159672
0.01813684
-0.03132186
-0.03336657
0.00332366
-0.01650252
0.00039817
-0.00210406
0.01686252
-0.02703288
-0.01945866
0.00826807
-0.00201921
0.00450247
0.02162931
0.00788217
-0.01173022
-0.02594154
-0.00023931
0.03616322
0.02002336
-0.00792303
0.00482152
0.03418387
0.00189321
-0.00387009
-0.01783278
0.02307978
-0.00781473
-0.00924934
-0.0101659
0.00898171
0.00583312
-0.02133958
0.03088887
-0.00795479
0.01176418
0.04969126
-0.02495153
-0.00172376
0.04670556
0.01811001
-0.00919181
-0.00677
-0.00670435
-0.00590988
0.03948684
-0.02190508
0.00291322
-0.04550297
-0.00849147
-0.03224016
-0.02299596
0.02161952
0.00795624
0.01298349
0.00936062
-0.00671433
0.00056679
-0.02920888
0.00260196
-0.03480551
-0.00576325
-0.01292922
0.00501271
-0.0195287
0.01475882
-0.00435839
0.01988813
0.00212849
0.03741642
0.00531366
-0.00050885
0.01636087
0.02388282
-0.05278457
-0.00814469
0.00392643
0.00174146
0.02590563
0.00549159
-0.01320345
0.01570769
-0.00135378
0.02905561
0.00294097
0.02274734
0.01195456
0.00916369
-0.01661278
0.00824558
0.01834589
0.02207597
0.00948225
-0.00738579
-0.01449693
0.01659979
-0.01704828
-0.01575308
-0.04522992
0.01414518
-0.00266947
0.00727349
0.03749892
0.01465143
0.02599863
0.01889996
-0.02075046
-0.00075339
0.01844984
0.02571215
0.01283129
-0.02296087
0.01920008
0.00864928
0.01856074
-0.00076723
-0.01076286
0.01014335
-0.03185001
0.0207642
-0.01852339
0.03859821
0.02656588
0.02218598
-0.0352358
0.0072119
-0.01492181
-0.01020661
0.01566427
0.01760419
-0.00377832
0.02047212
0.03354215
-0.00668272
-0.01942518
-0.00115557
0.01390377
0.00840912
0.01032017
0.01929963
0.01572026
-0.00414111
0.01602677
-0.01648846
0.00257487
0.01591342
-0.00398768
-0.0290112
0.02058858
-0.0044856
-0.00788627
0.00367934
-0.01342908
-0.00045637
-0.00435368
0.00227215
0.00054612
-0.03193921
-0.01967496
-0.00468207
-0.01295274
0.02502567
-0.01863775
0.01980573
-0.00745512
0.01779984
-0.00694369
-0.00172244
0.01093807
0.01392474
-0.01367851
0.00099256
-0.00523117
-0.00076395
0.02851319
0.02259027
0.02307711
-0.01626881
0.03918707
0.00471233
-0.01608968
-0.00053363
-0.04116944
0.00564217
0.01794363
0.02095525
-0.00993843
0.00383528
-0.01135956
-0.01178797
0.02048981
-0.00508339
-0.03415471
0.03455824
-0.02192442
-0.0209821
0.0202216
-0.00626317
-0.01156816
-0.02198122
0.00701967
-0.00966614
0.00436438
-0.01301218
-0.02815362
0.04476835
0.02249566
-0.00979697
-0.01674369
-0.00387692
-0.00728181
-0.00863259
-0.00123633
-0.00869024
0.00622079
-0.00649944
0.00301572
0.01409552
0.01282116
-0.0220298
0.03278943
0.02248967
-0.00890525
-0.01387362
0.03525323
-0.02888717
0.02606834
0.00629534
0.01344171
-0.01083824
0.00917491
0.00324018
-0.02370838
-0.01101142
-0.0268342
0.02261481
0.02334996
-0.01764252
-0.00143101
-0.01955591
-0.01658064
-0.00469456
0.00068981
-0.00935229
0.01475992
0.01328858
-0.00438052
-0.00073648
-0.02659252
0.00342807
-0.00117081
-0.02133264
-0.01399661
-0.03647371
-0.00899321
-0.0382375
0.0157699
0.01619809
0.00644039
0.01535444
-0.01923022
-0.02619441
-0.03756946
0.0118231
0.00272339
0.01666263
0.00104706
-0.00268086
0.03232605
-0.00558929
0.03269669
0.00279472
0.0259876
0.00116619
-0.01882623
-0.00751189
-0.0132064
-0.01239863
0.00809913
0.02047671
-0.00324583
-0.00958191
-0.00487793
0.00543233
-0.04148386
-0.04454466
0.0253319
0.02983327
0.01508417
0.02018557
-0.00940032
-0.03661966
-0.01474778
-0.01376648
0.00744884
0.03462211
0.00745717
0.00449477
0.01488078
-0.01279865
0.05368897
-0.00137225
0.0229347
-0.00774127
0.00725943
-0.01459759
0.02296235
0.00806592
-0.00715579
-0.02220798
-0.00768014
-0.00547472
0.02090485
0.04392052
0.00696904
-0.00630626
-0.01186075
0.01835744
-0.00504281
-0.00736225
0.00406926
-0.02139081
0.00492642
0.0365948
0.00019129
0.00273599
-0.02355081
-0.00145074
0.009675
0.01993669
-0.03542805
-0.00443926
0.01820151
-0.00930365
-0.01621089
-0.02184451
0.03041223
-0.00496434
-0.03009946
0.00747102
0.02746647
-0.01359163
0.00395559
-0.01535187
-0.02997895
0.00184299
-0.00242831
0.02860408
0.01855864
-0.02422931
-0.01174363
0.02701345
0.04375855
-0.0056248
-0.0222157
0.00440463
-0.0344108
0.00603542
0.01456663
0.02420877
0.02800101
-0.00146512
0.03186905
-0.0151629
-0.02199223
0.03638229
0.01684629
0.01740146
0.01987763
0.00304373
0.02083236
0.00394833
-0.03361335
-0.01324284
-0.00557534
0.01208843
0.01093903
0.02521011
0.00646253
0.01017847
-0.00850338
0.02889684
-0.01206612
0.00721677
-0.02565031
0.01944992
0.05433882
-0.00772107
0.00919461
0.00497877
0.02020422
-0.0374555
0.01826264
0.00319688
-0.00711199
-0.01548326
-0.02922804
0.01403563
0.02319928
0.02212323
0.00085273
-0.04833801
0.01403268
0.01042669
0.01915404
-0.01884039
-0.0088239
-0.00887265
-0.0511553
0.020019
0.00083647
-0.00049475
0.01000266
0.03578167
0.05103942
0.00114584
-0.02739567
-0.0118706
-0.01253444
0.01331281
-0.01247953
0.02583686
-0.01827094
0.00266867
-0.00358907
-0.02029657
0.03687829
-0.0184797
0.03271503
-0.03216679
-0.01509431
0.00822919
0.01825195
-0.00352686
-0.00930858
0.02584688
-0.00419817
0.00105779
0.00059802
0.04099583
0.00262351
-0.02287517
-0.01031991
0.00524362
0.02394025
0.0002539
-0.0101154
0.01384909
0.00627833
-0.01047929
-0.02973216
-0.0127666
0.00991508
-0.01755063
0.01866522
-0.00022347
-0.0079487
-0.0359506
0.00248804
-0.00637436
-0.01996323
0.02171628
-0.02499619
#999
-0.01466435
-0.0085125
-0.00160264
-0.00955396
0.0072504
0.00253004
-0.01752787
-0.01348448
0.00992521
-0.01449661
0.02288564
-0.00885195
0.00407343
-0.01498778
0.00674306
0.00508571
0.03724449
0.00750388
-0.00272154
-0.00964881
-0.03832744
0.00267721
0.00446588
-0.00993404
0.00436705
-0.00319514
-0.00291167
0.0054728
0.01687398
0.01819526
0.02810607
0.0080165
-0.00315942
-0.0206673
0.02956861
-0.00842269
-0.02210188
0.01171698
0.0076397
-0.01934171
0.00590717
0.00987793
0.02799095
0.03849573
-0.00807553
0.01165571
0.02106655
-0.03731756
0.03159888
0.06263391
0.01335007
0.01775735
-0.02335219
0.00196824
-0.00847289
-0.01717865
0.0044182
0.00909817
0.01521517
-0.01610304
-0.01269963
-0.02362658
0.02463403
0.03464839
0.01440887
-0.00738017
-0.031689
0.00246002
-0.01878084
0.02977617
-0.02478298
-0.00032437
-0.03287143
0.03360214
-0.02182684
-0.00142727
-0.00428694
-0.02320394
0.00907927
-0.00303128
-0.00521909
0.00960627
-0.00611685
0.0399264
-0.00221374
-0.05045347
0.00606573
-0.01182039
0.00353803
-0.00494349
-0.01146452
0.01372976
-0.01313404
0.00469399
0.02823549
0.03795749
0.02326187
0.00384164
-0.0132547
-0.00254944
-0.00245565
0.0069545
-0.01229137
0.03010435
-0.02147486
0.00437902
-0.00086764
0.00295319
-0.01590665
0.01976729
0.02464406
0.00467645
-0.01070471
0.0182194
0.03528774
0.02676282
-0.04884567
0.00420339
0.01276155
-0.01053023
0.00868125
-0.01985194
0.00867474
-0.0098545
-0.00288474
-0.00414984
0.00383272
-0.00851144
-0.01858963
-0.03401468
0.0226587
0.00023854
-0.01837326
-0.00110764
-0.0159684
3.968e-05
0.02182153
0.0241151
-0.00257606
-0.02059402
-0.00974839
0.00926961
-0.00206144
0.02047059
0.00257803
0.02038108
0.02950264
0.00183762
-0.01487892
-0.00609548
-0.00694878
0.00454352
-0.00182045
-0.02828644
0.01682904
0.01428598
-0.00064229
-0.01343637
-0.01012858
-0.00295973
0.02226744
-0.03077283
-0.00698331
0.02000238
0.00283579
0.0417136
-0.02431976
-0.0293051
-0.01302823
-0.00075933
-0.00703872
-0.00489331
0.03683737
-0.01451128
0.03502733
0.02828489
-0.01814119
0.03940133
0.01835679
0.00345775
-0.00277492
0.00467356
-0.01973249
-0.00986267
0.00641023
0.03313148
0.00880113
0.01700094
-0.00430783
0.01986244
0.01925272
-0.00650525
-0.02691561
-0.00592894
0.00894105
0.00945443
0.01676653
0.01696251
-0.02741678
-0.00453319
-0.01347978
0.00751174
0.02375971
-0.01981807
0.00582827
0.02599428
0.02968568
-0.01164288
0.01154027
