#Number of photons observed douring the burst: 23641
#Average flux [c/s]: 2105.5397221232633
#Average variability: 0.23364967753634214
#GRBbn210803497 temporal parameters: 
#                                   T_detection(MET)= 649684549.40352 s
#                                   T_start= -0.8640000000000001 s
#                                   T_end= 10.363999999999999 s
#                                   CCF campionation= 1e-6 s
#                                   Fit amplitude= 1.0 s
#                                   Used detector= 2 GBM
#                                   Variable bin size= 10 ph/bin
-0.0227623
0.00401659
-0.05218875
0.011665
-0.05222423
0.01120162
0.02119564
-0.01828162
-0.00662492
-0.01155401
-0.06484036
-0.02251029
-0.00515117
0.01003506
0.02323762
-0.05949294
-0.01942653
0.00456519
-0.00078376
0.00902577
-0.02645585
-0.06665306
0.06522058
-0.00373543
-0.00699481
-0.02059139
-0.00274266
-0.0354445
0.04328055
0.04334305
-0.01842842
-0.03177074
-0.04670365
-0.0006605
0.00113762
0.02368187
0.01427909
0.01165164
0.06267094
-0.02886957
-0.01980025
0.00183909
-0.06125431
-0.0084383
0.01393408
-0.02447593
-0.02870039
0.01727056
0.07351038
0.00288645
-0.01476288
-0.00841261
-0.04215881
0.01994733
-0.02365301
0.02928555
-0.01846014
0.01004748
-0.00572903
0.03815461
0.03322756
-0.03545505
-0.00512773
-0.00010306
-0.01565707
0.02258968
0.01576596
0.05117304
0.03018698
-0.00232766
-0.06801955
0.01334166
0.03227457
0.02098906
0.024507
0.00808542
-0.00859147
0.00613202
0.03017072
0.01689018
-0.01517425
0.03492381
-0.01362046
-0.04694629
0.05757976
0.02660209
-0.03315783
-0.01934836
-0.00722441
0.01365714
0.00183531
0.01279557
0.00199103
0.05560882
-0.02237355
-0.00931789
0.00257963
0.00840084
0.01568223
-0.04193693
-0.00842339
-0.01842967
0.00336643
0.0217726
0.06558394
0.00057502
0.0125293
-0.0168754
-0.00511353
-0.01467512
-0.00404252
0.00449958
-0.00712053
0.03276619
-0.00850419
-0.00830335
-0.00162514
-0.00851858
-0.01203014
-0.014123
-0.02543105
-0.00181658
-0.04849537
-0.03862845
-0.00156792
-0.01969908
-0.0144417
-0.05090701
0.01018621
0.02026797
-0.01179266
0.02201394
-0.03102968
0.01522574
0.0031955
-0.01404923
-0.00069854
-0.0270366
-0.00587214
-0.04146754
-0.03073477
-0.02810771
0.05339321
0.03473886
-0.00423045
0.00859919
-0.00049772
0.01728974
-0.01417101
0.00658157
0.08088647
0.06426787
0.00523443
0.00757179
0.02009942
0.01896847
0.0471984
0.00384
-0.05176937
0.01558595
-0.01510656
0.02387722
0.01233156
-0.02618189
-0.0001
-0.01950301
0.00748614
0.03731644
0.01303617
-0.00316945
-0.04429907
-0.01915929
-0.03679283
0.02785801
0.02043062
0.03296391
-0.04030484
-0.05376837
0.00871719
0.0319111
0.06172323
-0.01078876
0.00086003
-0.0388508
0.02278063
-0.01482387
-0.00898053
-0.00225712
-0.01396171
-0.02962839
0.01832701
-0.014136
-0.05293507
0.04919636
0.04418831
0.01807216
0.04279416
-0.00426195
-0.04047912
-0.03757704
-0.02019422
-0.03830881
0.02821748
-0.01646271
0.03074551
-0.04065952
0.0340808
0.01197974
-0.00662197
0.01353109
-0.02647727
0.03674729
-0.01125925
-0.01531928
0.01883648
0.03708471
0.03053526
-0.00449136
-0.01850526
-0.00487403
-0.01119153
-0.02615958
-0.00320917
-0.03810903
0.06419558
-0.04443077
0.01868812
-0.02372389
0.03528261
0.0339183
-0.01330452
-0.00546725
0.02308428
-0.02028579
0.00627216
-0.00990633
0.00573767
-0.03654571
0.0212811
-0.03117183
0.03237881
0.01054382
0.01354074
0.01263009
-0.0228277
0.04636443
-0.01148998
0.00188517
-0.01608609
0.03216635
-0.01257351
-0.00206042
0.01272185
0.05144218
-0.00437726
0.01604341
0.0165952
0.03097547
-0.06834625
0.02188753
0.02097638
-0.02547749
0.03788095
-0.00981083
0.03406139
0.0033459
0.01760134
0.05123293
0.03534496
-0.04285917
0.00216905
-0.00514304
-0.00214152
0.00986718
-0.02920204
0.04112671
-0.00048692
-0.02965297
-0.00869568
-0.0131252
0.03508028
-0.01984942
-0.01092972
0.06959975
-0.00493134
-0.0311326
0.01233456
0.00244863
-0.00024943
-0.02031219
0.0087471
0.0065745
-0.01762363
-0.00699115
0.01841802
-0.00450896
0.06954408
-0.02440464
0.01573614
0.02141635
-0.01613434
0.05033473
0.0493143
-0.00909384
-0.01322068
-0.01349676
0.03693316
-0.01839132
0.01424333
0.00426759
0.01094582
-0.01221907
0.01312893
0.03766589
0.02917547
-0.00262766
-0.01168655
-0.06479891
0.01782228
0.02182127
0.0141422
-0.05340132
0.01782168
0.00407371
0.00923247
-0.03374482
-0.01587167
-0.03428883
-0.03486178
-0.00473879
-0.02161474
0.00027139
-0.01423956
0.00307037
0.00788851
-0.00042216
-0.03520132
-0.03279985
0.03171807
-0.00397317
0.02148972
-0.00176646
-0.02216065
-0.01099873
-0.00922324
-0.0365498
0.00915471
0.03772055
0.00095936
0.02315403
0.0047185
0.0180265
0.00324487
0.00048574
0.02402399
0.01182164
-0.0239492
-0.03235547
0.01018565
0.00970536
0.01555259
0.048841
0.03656353
0.00867501
0.04271546
0.01163322
0.01521582
0.00964094
-0.01934085
0.01474303
-0.01821757
-0.00717866
0.04149025
-0.02135689
0.01006541
0.00380333
-0.00604908
0.0794413
-0.00956048
-0.00413364
-0.0179665
0.02273646
-0.04904391
0.06958096
-0.08693152
0.02910528
0.02815291
0.0296734
0.03336244
-0.00479022
0.00480043
-0.03235804
0.04145668
0.02076735
-0.02458813
-0.00898435
0.03261655
-0.00659543
0.01104496
-0.00302331
-0.00969542
-0.04603858
0.01121964
-0.0007737
0.03415756
-0.0113162
-0.00986423
0.01157833
0.01447191
0.01953109
0.02500857
0.0122449
0.01766603
0.01878711
0.01251759
-0.01141769
0.00093923
-0.03212053
-0.05213828
-0.00286084
0.03479201
0.0094713
-0.01886198
0.0237198
-0.00772101
0.00055438
-0.00023156
0.01365032
-0.06483968
0.00933591
0.01501852
-0.0377186
0.04488542
0.01903331
-0.01735341
0.02572372
0.00873948
-0.03271341
0.00527703
-0.04340791
-0.0069288
-0.01906242
-0.01109276
-0.00599543
-0.01143714
-0.02697469
0.02906892
-0.02139134
-0.01065126
0.04041353
-0.01371063
0.0086962
-0.03488285
-0.01763153
0.05437827
0.00626622
0.00297216
0.03233092
-0.03779709
-0.01361668
-0.02366396
-0.01152402
0.0175112
-0.00986033
-0.01154946
-0.04056381
-0.03600573
-0.00440446
0.01972872
-0.00950088
0.00521891
0.01382901
0.0352508
-0.02619084
-0.01439758
-0.0676147
-0.026131
-0.00335029
-0.02833149
-0.01257552
-0.03625833
0.04360012
0.04294895
0.03363246
0.01474283
-0.01002574
0.01891533
-0.02213764
0.01245252
-0.00705011
-0.06064254
0.04114954
0.01972352
0.03552006
0.01449633
0.02505036
0.02395672
0.03839192
-0.04605915
-0.01919028
-0.03506222
-0.00347809
-0.00581323
0.01205743
0.0070326
0.04462103
-0.00503197
-0.01286714
0.016124
-0.00478226
0.01759458
0.02233836
-0.03996591
0.05616294
-0.02353104
-0.02444713
-0.0308386
0.00183225
0.04049428
0.02979711
0.02494671
0.00321468
0.0064578
-0.04486343
0.01362187
-0.05586238
0.00650325
0.06129314
0.03057474
0.00669603
0.06716784
-0.0518509
0.04349463
0.01600242
-0.038633
0.01785393
0.00678555
-0.04528452
0.00570815
0.01942303
0.00879456
0.00763015
-0.01127058
-0.00958345
-0.00814605
-0.06308505
-0.0195184
-0.01096498
0.0334765
0.04181711
-0.07958702
0.00139407
-0.04907937
-0.05166594
0.0599626
-0.04791538
0.03699658
-0.03476228
-0.03447033
0.03280225
0.00605249
0.00014302
-0.01199353
0.06092168
0.02634238
0.02381226
0.01783709
-0.07259134
0.00477473
-0.00462203
-0.03046221
-0.03387383
0.01408582
-0.01196922
0.00233254
0.00638578
0.05839587
-0.01350872
0.01613245
-0.04217529
-0.0180238
-0.02766002
0.01452436
0.0293273
0.02492583
0.01842967
-0.04109717
-0.04160485
0.01720028
0.02176606
0.08306601
-0.00432228
-0.00513034
0.00122256
0.00198713
0.03766589
-0.03690042
0.00507387
0.00385777
0.00344234
-0.03497211
0.01479911
0.01681093
0.04302153
0.02713833
-0.08500493
-0.03415669
0.01645948
0.04543523
0.01775052
0.02034952
-0.04957224
0.05167889
-0.0015457
0.03903575
0.01874331
0.02367845
-0.00974934
-0.05883933
0.01871909
-0.01204582
0.0068752
0.00152877
0.02913999
-0.02808404
0.03774009
-0.02800837
0.01955485
-0.02602835
-0.03124722
-0.00552283
0.05876642
0.0055396
0.03468698
-0.02445025
0.00162796
0.03867091
0.01559601
-0.00012896
0.04793223
-0.01182039
-0.03564261
0.00362834
-0.01498574
-0.00536816
-0.01570174
-0.02157646
0.05163218
0.00421898
-0.0035319
0.03711023
-0.02389067
0.04602514
0.0198876
0.07031155
-0.00768127
0.02132085
0.00385323
-0.00768032
-0.04290665
0.00891559
0.01774698
-0.0312198
0.02897009
0.01087679
0.02671452
-0.00136173
0.01573824
0.02210868
0.00618095
0.04890463
0.02837704
-0.02783262
0.00581294
-0.01089243
-0.04207552
0.01622861
-0.00750525
0.01846422
0.01523122
-0.0235782
-0.02272897
-0.01523644
0.03259847
-0.05724493
-0.01758254
0.03200217
-0.0012331
-0.01188938
0.01879698
-0.01056993
0.06547591
-0.02040179
-0.00249676
0.02277375
0.0283311
-0.01962467
0.02082442
0.01347587
-0.03587272
0.00150198
-0.00368876
-0.00978938
-0.04534255
-0.03388786
-0.00345694
-0.01124705
0.05107364
0.01671083
-0.01903778
-0.01818366
0.0503429
0.01445338
0.00968971
-0.01479746
0.01883795
0.00342313
-0.03717377
-0.02271256
-0.03360343
0.01092573
0.05128754
-0.01937654
0.00169729
0.01715881
0.04365794
-0.05736921
0.05259931
0.00822067
-0.01862164
-0.03508908
0.02252859
-0.01956609
0.02852747
-0.01687209
-0.03049904
-0.06970027
0.0229853
-0.03680021
-0.0436086
-0.00582811
-0.01920681
-0.00705646
-0.03478203
-0.01915029
-0.00060158
0.01446758
0.00265699
0.03820838
0.0803067
-0.00697855
0.00795169
0.04240789
0.02765936
0.00289992
0.04693956
0.06370777
0.02366995
0.00379035
-0.04108193
0.00617959
0.01105486
-0.01694337
-0.01641724
-0.02223016
0.03158972
0.02647332
0.00852004
-0.02518846
0.00022897
0.05481947
-0.02115495
-0.04631812
-0.04093866
-0.02498963
0.01645943
0.01274444
-0.00829487
-0.00245247
-0.0328121
0.02936585
-0.01392135
0.03570567
0.01364742
0.03074644
0.05286435
-0.03755646
-0.03293076
-0.02886755
0.01037593
0.00900227
2.53e-05
-0.04345735
0.03816505
0.01638026
-0.00862029
0.00572693
0.0064559
-0.04396279
-0.04759514
-0.01400485
-0.03823142
-0.01781122
0.02622035
0.00646611
0.0042678
0.00700442
-0.00177222
0.04761047
0.02233209
0.03498717
0.0085224
-0.00020952
-0.00744811
-0.02203887
-0.01349774
0.01266448
0.01128134
-0.01132627
0.04142977
0.00527822
-0.01279301
-0.032028
-0.05213618
-0.0120141
-0.01171723
0.03854333
-0.05487526
-0.01657828
0.03100133
0.03988258
-0.04293847
-0.00118495
-0.03595946
-0.02972358
0.01327058
-0.02558206
0.00050242
0.0029308
-0.03728942
0.01689859
0.03557382
-0.01457536
-0.00374405
0.03029793
-0.00142809
0.03717887
-0.00292169
0.03508611
0.02842955
0.01622109
0.03887115
0.01377008
-0.01993215
-0.06051936
0.00904736
-0.03974071
-0.04514048
-0.012945
0.01048915
-0.03567363
0.05781524
0.0042851
0.00836545
0.01632773
0.00657274
0.01018502
0.01394539
-0.03180534
-0.02446862
0.04038345
-0.01144715
-0.00965559
-0.03030095
-0.00621947
-0.00488162
-0.00154798
-0.01759507
0.01382004
-0.0553956
-0.05048812
0.02498039
-0.0182306
0.0110226
-0.03072992
0.00814476
0.00096713
-0.03102722
0.05250772
0.00605944
0.046784
-0.00647834
0.00534015
-0.02029022
0.0239629
0.02196411
-0.01354957
0.02831034
0.01923792
-0.01560115
0.0061524
-0.06113814
0.02524379
0.02815431
-0.00646534
-0.0073182
0.02028487
0.00673131
-0.04195704
0.02341223
0.01524292
-0.01549487
0.06551936
0.00369379
0.01500546
-0.00226008
-0.03216955
-0.01754326
-0.00746522
-0.00154867
0.00744963
-0.04123553
-0.01492482
0.05187638
-0.00946494
0.01281061
-0.05055479
0.01605355
-0.03421562
-0.02220351
0.05361352
0.0054373
0.02694131
-0.05126435
0.01374384
-0.01490071
-0.01947938
0.04723777
0.03327123
0.02870326
-0.00714166
0.03711168
-0.0074412
-0.00919987
0.0480029
-0.03471756
0.07183047
0.04536251
0.05748891
-0.0442262
0.00995987
-0.01434415
0.0128873
-0.02265375
-0.02218617
0.04143305
-0.03875756
0.04565151
-0.01797355
0.01599889
-0.03195443
0.04758601
-0.0296263
0.03878262
-0.02996945
-0.01876827
0.00964673
-0.01138333
-0.03110222
-0.02252817
-0.00148376
0.02220864
-0.003511
0.001525
0.02324744
-0.0559097
0.00556533
-0.03173512
0.00443255
0.00743725
-0.00635789
-0.0239661
-0.00571519
-0.000552
0.03680251
0.02904196
-0.04296654
0.05070447
-0.01112476
0.00720776
0.01978618
-0.04464652
-0.03013057
-0.02152771
-0.02359712
-0.01025551
0.03344669
0.01647575
0.00296942
0.01145445
