0  4.323754  5.2504387
1  5.2504387  6.1521697
2  6.1521697  7.0335064
3  7.0335064  7.8990107
4  7.8990107  8.7532425
5  8.7532425  9.600764
6  9.600764  10.4461355
7  10.4461355  11.464164
8  11.464164  12.493545
9  12.493545  13.54216
10  13.54216  14.617865
11  14.617865  15.723962
12  15.723962  16.853935
13  16.853935  17.999992
14  17.999992  19.346987
15  19.346987  20.69326
16  20.69326  22.039156
17  22.039156  23.399828
18  23.399828  24.791306
19  24.791306  26.22962
20  26.22962  27.951324
21  27.951324  29.77907
22  29.77907  31.736788
23  31.736788  33.82859
24  33.82859  35.30236
25  35.30236  36.84765
26  36.84765  38.43768
27  38.43768  40.070118
28  40.070118  41.742626
29  41.742626  43.645134
30  43.645134  45.59103
31  45.59103  47.577114
32  47.577114  49.60019
33  49.60019  51.864468
34  51.864468  54.165367
35  54.165367  56.498623
36  56.498623  58.859978
37  58.859978  61.463036
38  61.463036  64.08893
39  64.08893  66.732124
40  66.732124  69.608696
41  69.608696  72.49205
42  72.49205  75.375145
43  75.375145  78.471664
44  78.471664  81.55095
45  81.55095  84.60517
46  84.60517  87.84916
47  87.84916  91.06699
48  91.06699  94.26198
49  94.26198  97.648506
50  97.648506  101.016815
51  101.016815  104.370926
52  104.370926  107.9236
53  107.9236  111.46959
54  111.46959  115.222244
55  115.222244  118.97853
56  118.97853  122.95366
57  122.95366  126.942764
58  126.942764  131.15704
59  131.15704  135.38683
60  135.38683  139.632
61  139.632  144.1059
62  144.1059  148.5965
63  148.5965  153.31874
64  153.31874  158.27495
65  158.27495  163.25075
66  163.25075  168.46356
67  168.46356  173.69734
68  173.69734  179.17126
69  179.17126  184.6675
70  184.6675  190.40701
71  190.40701  196.39232
72  196.39232  202.40286
73  202.40286  208.6624
74  208.6624  215.1735
75  215.1735  221.71272
76  221.71272  228.50673
77  228.50673  235.55806
78  235.55806  242.86937
79  242.86937  250.21323
80  250.21323  257.82022
81  257.82022  265.6929
82  265.6929  273.83392
83  273.83392  282.01163
84  282.01163  290.46063
85  290.46063  299.1835
86  299.1835  308.1827
87  308.1827  317.46066
88  317.46066  327.01987
89  327.01987  336.86267
90  336.86267  346.99136
91  346.99136  357.40826
92  357.40826  368.1155
93  368.1155  379.11526
94  379.11526  390.4095
95  390.4095  402.00015
96  402.00015  413.88904
97  413.88904  426.32712
98  426.32712  439.06885
99  439.06885  452.11554
100  452.11554  465.46848
101  465.46848  479.12866
102  479.12866  493.3515
103  493.3515  507.88513
104  507.88513  522.73
105  522.73  538.1436
106  538.1436  553.87036
107  553.87036  570.169
108  570.169  586.7814
109  586.7814  603.9672
110  603.9672  621.4658
111  621.4658  639.5376
112  639.5376  658.1823
113  658.1823  677.1355
114  677.1355  696.658
115  696.658  716.74756
116  716.74756  737.40094
117  737.40094  758.6142
118  758.6142  780.11676
119  780.11676  802.1679
120  802.1679  824.7606
121  824.7606  847.8871
122  847.8871  871.53796
123  871.53796  895.96826
124  895.96826  920.89996
125  920.89996  958.4805
126  958.4805  997.2431
127  997.2431  2000.0
