#Number of photons observed douring the burst: 37843
#Average flux [c/s]: 1477.7226756218517
#Average variability: 0.05049360318655205
#GRBbn231124360 temporal parameters: 
#                                   T_detection(MET)= 722507896.88707 s
#                                   T_start= -3.382 s
#                                   T_end= 22.226999999999997 s
#                                   CCF campionation= 1e-4 s
#                                   Fit amplitude= 0.5 s
#                                   Used detector= 4 GBM
#                                   Variable bin size= 10 ph/bin
-0.06832304
0.00651104
-0.06747462
0.00031598
0.00974642
0.01028657
-0.01754885
0.0181704
-0.06268544
0.05140668
-0.00742051
-0.03098163
-0.06605763
-0.00463335
-0.02109771
0.03343914
0.0014471
0.05954528
-0.04449439
-0.00816425
0.04209491
-0.00546939
0.01892107
0.00903868
-0.06808735
0.0111125
0.01277937
-0.03769062
-0.02371245
0.03112611
-0.01048648
0.04457167
-0.02408008
-0.05116744
-0.01800245
0.05847806
0.00484542
0.02749234
0.00448847
-0.02512495
0.01436475
-0.06968783
-0.01493751
-0.05749377
0.00712395
0.01973257
-0.00054267
0.02834643
-0.0891449
-0.02715446
-0.02785073
-0.00498709
0.00546806
-0.03471729
0.05077534
0.05724483
-0.00839542
-0.04806291
0.01468838
-0.02275838
-0.05230334
-0.01775783
0.02632567
-0.06480942
-0.01012067
0.05789061
0.00548847
-0.0004607
-0.00365153
-0.01671243
-0.07488258
-0.00065392
-0.0058408
0.01322887
0.05068788
-0.02482051
-0.00893822
-0.03213321
0.00372679
0.00225872
-0.01696024
-0.00767009
-0.03005561
-0.00993701
0.01248303
-0.00886857
-0.03339203
-0.03028643
-0.06048251
0.01901068
0.0317902
0.00791584
-0.06289669
0.05146349
-0.06159837
-0.01908722
0.03331915
-0.01162953
0.01213607
0.00017057
0.05502086
0.00075884
0.0090688
0.00857923
0.05888069
-0.02521674
-0.01422321
-0.04277671
-0.02615723
0.06275943
-0.00741675
0.0733995
0.04023084
-0.0641707
0.01239435
0.04355827
0.06391793
-0.0045626
-0.00606034
-0.00643839
-0.01246868
-0.03454394
0.01528086
-0.01391864
-0.04023074
-0.0348613
0.00034425
0.04339955
-0.03484968
-0.06861369
-0.04957917
-0.02925337
0.02741072
-0.02121478
-0.0049457
0.00768337
0.04061532
-0.00822003
0.01257361
-0.03175152
0.01184058
0.03856181
-0.0442534
0.05519568
-0.02764409
0.03035691
-0.00853683
0.01677737
-0.04581408
0.00859967
0.00346
-0.033523
-0.01940123
0.04830653
-0.04334014
0.01049668
0.00268027
0.04995482
0.04268361
0.01772941
-0.02049406
0.01305229
0.06106124
-0.04580873
-0.01165208
-0.03886607
-0.02002644
0.01324854
-0.03374353
-0.0641742
-0.04963086
0.04197645
-0.03121606
0.01380086
0.01627754
0.02021883
-0.01682365
-0.02421635
0.0029347
-0.0211009
-0.00304146
0.03648746
0.02387841
0.0812918
-0.03671593
-0.01361937
-0.04056367
-0.05459976
0.00303137
-0.02967961
0.10763453
-0.06465786
0.07945454
-0.01475543
-0.05987545
-0.01274231
-0.00915453
0.06085959
0.03203547
0.05320678
0.0177201
-0.08182322
0.07990173
-0.06436151
-0.02033124
-0.0211076
0.05698016
0.05911528
-0.00369339
-0.01684595
0.01837975
-0.03235751
0.06221037
0.00904825
0.05255774
0.01762834
-0.04575044
-0.0291266
0.01922552
0.03104283
0.01780795
-0.02683843
0.0297542
-0.05441564
-0.00054977
-0.01116669
0.03726569
-0.00299447
0.01608943
0.01553084
0.00531487
0.02177479
0.02761899
-0.04993363
-0.00664617
0.00019292
0.00275303
-0.00120187
0.02690852
-0.04188827
0.04331888
-0.01575413
0.01220128
0.01881844
0.00574425
-0.04558936
0.01608861
-0.00659023
0.00844984
-0.01087251
-0.01208228
-0.04648775
0.05363424
0.03973385
-0.07584274
-0.03343202
-0.06824424
0.00257385
-0.00949827
-0.03186614
0.05331943
0.04288188
0.06994259
-0.05170899
0.06003993
-0.04218546
-0.03666872
0.02773923
-0.01682166
-0.03338173
0.0253199
-0.03967388
0.08311326
-0.03157438
0.02696151
-0.00839214
-0.02327725
-0.02600885
-0.02823115
-0.02952521
0.00569793
0.04818363
-0.01043251
-0.00278002
-4.777e-05
0.0317755
-0.00444695
-0.01488905
-0.02843759
0.01152401
0.02717729
-0.0096648
0.08909219
0.02427973
-0.01033465
0.06370023
0.00686837
-0.04165084
0.02665361
-0.00498466
0.05188016
-0.0058743
0.01162586
-0.01971506
-0.00850454
-0.01640571
-0.0268328
0.04655217
-0.01946734
0.00449369
-0.00901781
-0.02673382
0.03913805
0.06714627
-0.00089606
-0.04956755
-0.03886785
-0.01550608
-0.05012155
-0.0378056
-0.02344276
0.03327599
-0.05795535
0.07776617
-0.00511095
0.0288857
-0.00368699
-0.0318883
0.05213322
0.04311221
0.02206897
-0.01127041
0.01226589
-0.04337601
0.00809993
-0.02511472
0.02076005
-0.06605274
-0.02839059
-0.04749339
-0.02557949
0.0187262
0.03542826
0.03846726
0.03511774
0.06108827
-0.01702882
0.00446893
0.05500067
0.01384068
-0.09693299
0.01358504
-0.02060298
-0.00438583
0.0244876
-0.00849827
0.08606236
-0.00100743
-0.04038452
-0.0030312
0.00977581
-0.01343963
0.01215863
0.04718895
0.05041475
-0.04369237
0.04206214
-0.0243317
0.00753454
0.02667169
0.03867285
0.00502502
-0.02184415
-0.00822798
0.01437678
0.00829775
0.02170804
-0.00309206
-0.01974929
-0.00776383
0.05612777
-0.03390899
0.0287887
0.05194587
-0.02974524
-0.05557984
0.02159017
-0.01492461
-0.03422785
0.01873121
0.03071057
-0.0342496
0.00664926
-0.00089349
-0.02595102
0.01742596
-0.02432837
0.04498592
0.02896069
0.03321908
0.0343931
0.01361011
-0.04690817
0.00078658
-0.02002835
0.03439548
-0.00094698
-0.00553574
-0.00938364
0.02273367
0.01869404
-0.04078248
0.06009603
0.0131702
-0.05101122
-0.01797555
0.03400439
-0.04270811
-0.02326986
0.03390687
0.04538617
-0.04685293
-0.00839589
-0.03138814
-0.03554248
0.03642019
-0.00759382
0.03256137
-0.02404623
-0.02990828
-0.03090868
-0.04204351
-0.01263645
0.06604131
0.02589174
-0.0315792
0.0451878
0.02305114
-0.02713664
0.01613075
0.04001933
-0.04282652
0.0103674
0.0459519
0.02577387
0.00815969
0.01563833
-0.0306002
-0.00344943
0.00541566
-0.01335886
-0.01216542
0.06843504
-0.01323432
-0.02301048
-0.01791047
0.02651665
0.02043934
-0.0160149
0.00400046
-0.03787356
0.02759114
-0.06109268
-0.08185638
-0.02601728
-0.04177944
-0.02695163
0.01515378
0.01569097
-0.02660706
-0.0190526
-0.00891635
-0.02086998
0.01577799
0.00554591
-0.0601983
-0.02848039
0.04092177
0.00321556
0.00845552
0.03696531
0.0321445
0.06999565
-0.0695656
-0.02042542
-0.01719122
-0.00629429
-0.03517313
0.06626056
-0.00423453
-0.00571503
-0.05909659
0.00996155
-0.02535881
0.0100095
0.01856093
-0.09018902
-0.04334615
0.004985
-0.02783172
-0.00571468
0.01245149
0.02328827
0.01606876
0.04201917
0.00601904
-0.00488098
-0.02661888
-0.03274195
0.00453053
0.07197781
0.04280737
0.09118939
0.0012518
-0.04312502
0.01665825
-0.07504741
0.06820354
0.04531589
0.04723315
0.0009128
-0.0255108
-0.04470963
-0.0158106
-0.00943293
0.04069605
0.05077963
0.03356883
-0.02305731
-0.05225279
0.00743573
0.00587229
-0.05295138
-0.03551268
0.02590489
-0.02970487
-0.03400367
0.01769821
-0.01074624
0.05072804
0.05777366
-0.04940977
0.00944608
0.0116431
-0.03660493
0.02971394
0.01708413
-0.04399141
-0.00763255
-0.06067684
-0.03468483
-0.02954267
-0.00472158
-0.01750531
-0.01902757
-0.04899268
-0.04241472
0.00097546
0.01893591
-0.01167598
0.05388126
-0.02415829
-0.02174109
0.02550958
0.01358794
0.05359937
-0.05087028
0.02287691
0.00034545
0.03504147
-0.04184614
-0.0388193
0.01563338
0.02668495
0.07827312
0.01557019
0.01519036
0.02339746
0.02778449
-0.05244932
-0.01457987
-0.0135608
0.02330887
0.01448426
-0.0029069
0.02098816
0.01653783
-0.00652652
-0.01557616
0.00070382
0.02488168
0.02034402
-0.01890954
0.00810076
-0.02508898
0.0441158
0.0558209
-0.02572104
-0.00989929
-0.04319035
-0.05180712
0.01577239
-0.02085662
0.00042674
0.0391081
-0.0216892
-0.03968472
-0.02223136
-0.01571907
-0.02649108
0.00533122
0.00496398
-0.03438094
0.00940305
-0.03295835
0.05685261
0.06583064
-0.03783678
0.02447651
-0.00445565
0.02294809
0.03426923
0.03394968
0.06652865
-0.04978922
0.04212064
-0.01956078
0.00497888
0.00551303
-0.03417573
-0.00744095
-0.01380404
-0.0047413
-0.04547368
-0.02102124
0.0127789
0.01451485
0.01996576
0.0230395
-0.04302383
0.01471634
0.04325062
-0.00014047
0.06365625
0.03190229
0.01134818
0.02962575
-0.05714442
-0.01610687
-0.00458633
-0.01334404
-0.0416465
0.03069766
-0.02016381
-0.01918584
-0.05925283
0.00594951
-0.02329738
-0.03247597
-0.02007485
0.04184664
-0.00617009
0.01858174
0.02171859
0.03250298
-0.0534234
-0.03324203
-0.05830652
0.06057176
-0.02377026
-0.0009601
-0.01436781
-0.01006523
-0.00780875
-0.05238322
-0.0120396
-0.00655536
-0.00096845
0.01772516
-0.00138825
0.01178346
-0.00586224
-0.0551522
0.03234186
-0.01756582
-0.00792742
-0.05548252
0.00304325
0.05169925
-0.02634979
0.04587241
-0.01878185
0.05151838
-0.04788231
0.02469685
0.02427782
0.00022624
-0.01969499
-0.00600381
-0.05095491
0.05574916
-0.03217125
0.02224932
0.04392326
0.05138281
-0.03156692
0.03557593
0.0120981
0.00124792
0.02047557
-0.02964812
0.02845994
-0.05420712
0.03102628
-0.00171302
-0.00519914
-0.06932723
-0.04089743
0.0102505
0.04354764
0.00804871
0.02293912
0.00355003
-0.00611702
-0.01781773
0.02261508
0.00343113
0.01855184
0.00715314
-0.01503126
-0.0343728
0.0249544
0.04334644
0.00913969
-0.04671312
-0.05438586
-0.02109927
0.00394763
0.04281695
0.02333096
0.00108369
-0.04641281
-0.08079161
0.00823811
0.01967286
0.00684739
0.04445374
-0.01525298
-0.00714672
-0.04071348
0.0095284
-0.00673493
-0.02226408
0.02860467
0.08385312
0.00364315
0.04750569
-0.03545297
-0.05063117
-0.06814024
-0.00087345
-0.07137969
0.03185459
-0.04009771
0.02733274
-0.04922725
-0.00196387
-0.00447241
-0.00203489
0.00859595
-0.06953316
0.01037223
-0.07600581
-0.03646521
0.01845951
0.03565144
0.02378203
-0.06053106
-0.02786965
-0.03841052
-0.00983935
0.02790846
-0.01773322
0.01390739
-0.02743933
-0.02853343
0.03865728
0.05185954
-0.02468663
-0.00391274
0.01077046
-0.02741812
0.03016147
0.0064616
-0.00952385
0.00265307
0.01194877
0.01972775
-0.01211344
0.00401487
-0.00716477
-0.05913545
0.04075123
-0.01522992
-0.0243294
-0.06125489
0.01717736
-0.06847115
0.02584139
-0.01744536
-0.06133907
0.02491854
-0.03571684
-0.01918088
-0.00328626
-0.07277835
0.04070118
0.04150971
-0.0520093
0.02959064
-0.01538838
-0.00492645
-0.05049436
-0.00670215
0.03287293
-0.01276389
-0.00019376
0.07938011
0.01017707
0.03349642
0.00489277
-0.01127063
-0.04037611
0.04448605
-0.00365522
0.06692302
0.04483114
-0.02367493
-0.0040324
-0.01452443
-0.01742727
0.02469511
-0.05813467
-0.01070813
-0.02334563
0.00602683
-0.01926163
-0.06155768
0.00215147
0.01441364
0.05403298
-0.04840678
0.00629089
-0.01456009
0.04617695
-0.0029181
0.06066435
0.06900701
0.02885299
-0.00157846
0.01320431
0.03428107
0.04500983
0.07777744
0.06224277
0.02385735
0.03821116
-0.00329127
-0.05678789
0.01073663
0.0710745
0.03941578
0.00684295
-0.02912492
0.05510401
-0.03303645
-0.03759769
0.06313915
-0.00452978
-0.02193568
-0.01729669
0.00920377
-0.01302657
-0.00889241
-0.00045339
0.04569505
-0.04199968
0.02419818
-0.02560384
-0.05188555
-0.0369979
-0.01322353
0.03158014
0.02304715
-0.0808964
0.05548505
-0.03926122
-0.01461453
-0.02413008
0.01771339
-0.01039932
-0.01052277
0.03571357
-0.00504521
0.03060244
0.02440969
0.06313566
-0.00066139
-0.05610477
-0.01372245
0.01092747
0.02490162
0.01832423
-0.01668343
-0.0124074
0.00881527
0.03802598
-0.04214284
-0.04699518
0.01385585
-0.04293182
-0.00846973
0.01689294
-0.02407173
-0.03409963
-0.00799321
0.01830111
0.024396
0.0056076
0.01014479
-0.04135158
0.03492321
0.00130172
0.02054192
-0.03290011
-0.02479858
-0.08729754
-0.02763373
-0.00254158
-0.000136
0.00248063
-0.00147755
-0.02992767
0.02547565
-0.0221037
0.02697489
0.05360451
-0.02045791
-0.03379733
0.01733163
-0.01978201
-0.01235498
0.03144478
0.02281024
0.01957269
-0.00868665
-0.00685338
-0.01483937
-0.02875007
0.05312504
0.0201709
0.00832973
-0.01563103
0.00174265
-0.05370758
-0.03601774
0.00731959
-0.06134605
-0.03048261
-0.02805924
-0.06451935
-0.01704917
0.02428157
0.03541413
0.04012023
0.02964674
0.02795463
0.00530921
0.05641888
0.00575179
-0.00627333
-0.00589601
0.09527802
-0.00033022
0.01907623
0.01224457
-0.02517407
0.01400411
0.00339306
0.03135817
-0.01997445
0.00770334
0.01644444
-0.0053344
0.02295726
0.00121846
-0.02640862
0.06899252
-0.05407741
-0.01807569
