#Number of photons observed douring the burst: 116773
#Average flux [c/s]: 1399.9376595974247
#Average variability: 0.011991615006425248
#GRBbn100816009 temporal parameters: 
#                                   T_detection(MET)= 303610363.41522 s
#                                   T_start= -32.316 s
#                                   T_end= 51.097 s
#                                   CCF campionation= 1e-4 s
#                                   Fit amplitude= 2.5 s
#                                   Used detector= 4 GBM
#                                   Variable bin size= 10 ph/bin
0.03736119
-0.35647366
0.27523193
0.04197776
0.22813466
0.14378011
-0.1057437
-0.04802933
-0.11330166
0.16333098
-0.00580897
-0.05758065
-0.02442509
0.04616098
0.34862703
-0.10646966
-0.04225273
0.40935101
-0.00318598
-0.18841043
-0.27774978
-0.12381814
0.6647239
6.61726068
0.17502325
0.04929391
-0.00975897
0.08704414
0.12771747
-0.10422449
-0.3057053
-0.0039036
-0.02676491
-0.06203258
0.15505412
0.21712794
0.02282672
0.1108108
-1.42171106
-0.0687808
0.1217366
0.06244159
0.06991278
0.83149438
0.06018285
0.26963901
-2.09793565
-0.18221244
0.21665722
0.04815833
0.03012945
0.06430775
-1.49313842
0.06494148
-0.07005284
0.03276645
-0.03150315
0.10660461
0.02675585
-0.12329258
-0.00963211
0.04747855
-0.0931278
0.00794021
-0.01810601
-0.3795509
0.14514247
-0.04268154
0.03953256
-0.10846022
-0.14251289
0.04932503
0.06006951
0.2413318
-0.03812606
0.06319886
0.13199072
0.09298892
0.14305599
0.04897195
-0.02083595
0.2217308
-0.05784275
0.10530757
0.14950588
0.03282214
0.02185557
0.16074633
-0.02982021
0.01261223
0.04495348
0.26498071
-0.0757586
0.01338265
-0.02508752
-0.54688955
-0.14239022
-0.06780285
-0.12845313
0.09335932
-0.38650878
0.42127826
0.51080967
0.07795133
0.11965513
-0.08034981
-0.16959111
0.05489266
-0.03680714
0.09637617
0.06557735
-0.27430241
-0.01246078
0.00758133
-0.08861191
0.03717825
-0.0258649
-0.03163234
-0.06144413
0.12091871
0.03365243
-0.05549805
#999
0.00337385
-0.13797804
0.08162262
-0.3853647
0.01687551
-0.06081841
0.02545541
0.18530446
-0.08752101
-0.06423878
-0.01348345
-0.02532766
0.08562251
0.06350384
0.13901529
-0.19398857
-0.26745454
-2.387e-05
-0.02133693
0.34617373
-0.04692014
-0.13641476
-0.15082324
0.07384758
0.04006101
#999
0.00372189
0.39094355
0.20425397
0.06961807
-0.03021995
-0.0818344
-0.08577946
-0.1669959
-0.0197748
-0.0386592
0.10681763
-0.08397029
-0.34438461
0.05158217
-0.20389482
0.33683181
0.04640311
0.72421679
0.11066844
-0.00753831
-0.02053859
0.05747843
0.06899058
0.01194079
-0.01671143
0.01741658
-0.14981216
-0.17461571
0.12797798
-0.37506664
0.20517653
-0.17259495
4.24917249
-0.02291574
0.30049981
0.01891138
-0.1337109
0.04746227
0.06673911
-0.37457103
0.03591593
-0.07519786
-0.04232071
0.14594982
0.06712333
-0.17454964
-0.10042099
0.30126829
0.18121233
-0.02476797
-0.35023168
-0.2404207
-0.11369001
0.05582527
-0.02376284
0.03950692
0.08888537
-0.0865727
0.24057029
-0.03954081
0.0645902
-0.32573874
-0.019576
0.171842
-0.00836747
-0.37519478
0.03668791
-0.00370457
-0.11743612
-0.32075817
0.04046752
0.04804522
-0.10881675
-0.02417894
-0.09866621
-0.01114537
-0.03890485
0.00087546
0.17299032
0.1106199
0.04858385
0.03761698
-0.00680762
0.06989003
-0.10650306
0.03789141
0.08701671
0.30013629
-0.05155407
0.38773205
-0.41367281
0.20150224
0.03659497
0.00553668
0.04495799
-0.01463654
0.13989373
-0.02335367
0.12419915
-0.06334961
-0.07505387
-0.08080522
-0.14829216
0.07573086
0.71832711
-0.05746007
-0.1869333
0.05933156
0.15480338
0.07212397
0.07301767
0.12786139
0.0718529
0.22992241
-0.21486604
0.04123101
0.04838454
0.08803409
0.00179591
0.26355823
-0.01901056
0.1243468
-0.14025799
0.0178596
0.05265445
-0.07158767
0.0632926
-0.07998226
-0.01274461
0.13306333
-0.05852597
0.32773314
-0.01387432
0.07964989
-0.11238716
0.08674714
-0.14360809
0.04641626
0.35604447
0.1952564
0.08919954
-0.03869741
-0.03438633
-0.0534052
-0.15510419
-0.18708234
-0.04157297
-0.07622527
-0.01331677
-0.15314421
0.05167568
#999
0.02539502
-0.09250617
-0.0018841
0.01849495
-0.02810616
0.04424189
0.06476013
0.14306491
-0.10443026
-0.61904038
-0.20542518
-0.13114794
-0.06042537
0.04617913
0.11528426
0.09695609
0.07297514
-0.04102997
-0.09142373
-0.15741703
0.08397435
-0.1693294
-0.05985045
0.11814585
-0.06871437
-0.0325891
-0.03718861
0.24101943
0.02633737
0.02368227
0.17415965
0.08576694
0.00041694
0.7357437
0.03416324
-0.11047216
-0.02976992
-0.23731963
-0.04152129
-0.09051183
0.0936231
0.0910725
0.0561725
-0.04765203
-0.04096252
-0.13425136
0.37732574
0.07415874
-0.01252878
-0.15354249
-0.10022163
-0.21920564
0.64199661
0.27347435
-0.14262133
0.08294408
0.15401616
-0.03045371
0.12040195
-0.17890074
0.15836552
0.33299952
-0.09217357
-0.06545839
0.029766
-0.04204301
0.03650112
0.16464532
-0.10458615
-0.28342399
0.02305219
0.00504875
0.13911069
-0.14108503
-0.10272874
-0.01256407
-0.10346444
0.29376921
-0.01881308
0.07865406
-0.11946196
0.12336167
-0.07592449
0.2933655
0.34217625
0.00525651
0.23051226
-0.03847424
-0.1669874
0.18963317
-0.27459262
0.01300605
-0.0384991
-0.0952041
-0.00418751
0.11292472
0.17261921
-0.08567987
0.01960085
-0.1172707
-0.2442221
0.12178522
0.03769674
0.20417148
0.11595034
-0.13946496
-0.37741612
0.1393802
0.19070428
-0.00796446
0.00224065
0.0604026
0.04214453
0.59836925
-0.05605143
0.07551855
0.10400028
-0.05818643
0.08279322
-0.02294887
-0.29884632
0.25073075
0.03803267
-0.11512623
-0.24780897
-0.05755263
-0.19980737
-0.1345303
0.06794614
-0.06873283
-0.1422202
0.12659685
0.15303131
-0.10008411
-0.09632482
-0.06227597
0.13444791
0.06164383
-0.06908217
0.04106218
-0.03797243
0.00393196
-0.03058965
-0.10780087
-0.24614857
0.12917683
-0.04280153
-0.14761412
0.15960373
-0.23694308
0.19300764
-0.22212154
0.01844752
0.06555798
0.13934181
-0.28066
-0.31203326
0.01526665
-0.51765848
-0.03723375
0.19657202
0.10348647
-0.375786
-0.11732107
-0.11970956
0.02939942
0.11770286
-0.05327906
0.0102455
-0.22109283
1.10178932
0.01784117
0.0597585
-0.06786872
0.04096488
-0.12793886
0.03350798
0.05901422
0.08382864
0.37442515
-0.10113617
-0.3359015
0.1029393
-0.15637649
0.84530694
0.02429139
-0.01641541
0.06535946
-0.1654461
0.09365759
0.15403255
-0.10703218
0.01318879
0.35214724
-0.03505275
0.19036913
0.07083032
0.09389566
0.32566859
0.09926541
0.0019807
-0.17162367
-0.21075064
-0.04243146
0.06047616
-0.31159603
0.02625615
-0.26785523
0.22086805
0.23613736
0.09978696
0.08450849
0.24636533
-0.05385977
0.06507667
-0.01597304
-0.23018028
-0.07465378
-0.11165307
0.25419076
0.03496981
-0.50886145
0.04851661
0.13161336
0.04525237
-0.14744204
-0.08028881
0.27414395
0.04523785
0.01777145
-0.11091262
-0.06866404
0.20019392
-0.06349253
-0.01853827
0.22615955
0.02280268
-0.06411031
0.10488424
-0.09876951
0.54310368
-0.16656975
-0.13794395
0.03067057
-0.09285953
-0.02782283
-0.00087185
0.24205467
0.15878996
-0.25053399
-0.01284339
-0.01219795
-0.15364795
0.20775417
-0.04747167
0.24956758
0.08426239
0.16765683
-0.74194705
0.17513519
0.14605734
0.18752071
-0.03965499
-0.00102114
0.03840492
0.0622417
0.06211604
-0.1211567
-0.0306713
-0.03291416
0.35713839
0.00154118
-0.12206519
-0.14759656
0.18013003
-0.05129235
0.29685586
0.04315825
-0.06609932
-0.24208137
-0.44867095
0.23347337
0.08993401
-0.00833649
-0.05441106
-0.27745885
-0.07097877
-0.03408869
0.20837459
0.10918226
-0.08082475
0.16095143
-0.09225581
0.50142639
-0.51035747
0.0162577
-0.30746814
-0.09821562
0.05774175
-0.33133903
-0.03953493
0.48376049
-2.12298031
-0.29658594
0.08006324
0.02941064
-0.21113381
0.21946424
-0.08778815
0.29036107
-0.26367713
0.05483355
-0.05636795
-0.00714925
-0.21565346
-0.00714018
0.12878657
-0.09097485
-0.05204053
-0.29279685
-0.11717775
0.01318265
-0.02653098
-0.21156502
0.10202454
0.1430901
0.06759238
-0.04780741
-0.32974342
0.13006621
-0.05178927
-0.07861259
-0.21788912
-0.03378967
0.09952464
0.03967171
-0.01184923
-0.07619729
0.00753075
-0.11234515
-0.17619062
0.06188552
-0.02967325
0.03484652
-0.0322547
0.08137233
-0.03626197
-0.01428555
0.00569716
-0.14070874
0.28988623
0.12434387
-0.0219008
-0.09972944
0.34211477
-0.09871143
-0.65054902
-0.09210327
0.10647751
0.19854899
-0.02237181
0.05535092
-0.04629794
-0.05783819
-0.15737957
0.18553731
-0.2258049
-0.0598923
0.05856131
-0.0251956
-0.3363095
-0.35425108
-0.04587072
-0.08791176
0.06664166
-0.08295427
-0.06736371
0.05099603
-0.01713103
-0.02774001
0.08620442
-0.21713524
-0.20226099
-0.04011684
0.03998012
0.27357374
0.0657594
-0.02196562
1.23828804
-0.1318979
0.03048735
0.1076317
0.3511065
-0.0646527
-0.10789103
-0.14178407
-0.03572278
0.07851629
-0.03687946
0.03987819
0.04534643
0.08338039
0.02676963
0.0995739
0.02848256
-0.48035094
0.1219574
-0.0971801
0.0877888
0.16000648
0.18987333
-0.0290571
-0.11836897
-0.07792587
0.01889718
0.00954429
-0.06584674
0.04320325
0.36098713
-0.04864805
0.04799303
-0.17479272
-0.05939577
-0.71249012
-0.116842
-0.04305807
-0.47958771
0.20706155
-0.20738237
0.10788068
-0.20920464
-0.02497426
-0.04090087
-0.04534528
0.1212654
0.05855172
-0.0374478
-0.00168841
0.01011559
-0.05670743
-0.01773832
0.21464577
0.00991024
-0.49024018
-0.28709425
0.36517081
-0.07756603
0.17638435
0.30725379
0.12264388
0.18436303
0.11560314
-0.0128101
-0.45562929
0.41543036
-0.21786517
-0.05219893
-0.22329238
-0.03355269
-0.06743828
0.11798201
-0.31948349
0.02300028
0.02734733
0.05007623
-0.04407197
-0.01764282
-0.27070914
0.09019379
-0.24874312
-0.11147254
0.1853668
0.01066741
0.04771807
-0.06685005
-0.10578125
-0.09104562
0.04066093
0.21868995
0.11116557
0.05785663
0.01810935
-0.01809219
0.1130534
0.01325149
0.09478118
-0.05372937
-0.04639699
0.3477359
-0.20378074
0.11941811
-0.06367618
0.13279917
0.0801983
-0.01243071
0.06218727
0.02143645
0.01701995
-0.00966876
-0.24763363
-0.07915262
-0.13648539
-0.02282157
0.07951869
0.03360794
-0.17947451
0.17181121
-0.04265038
0.00506068
0.12168282
0.2240991
0.02554718
0.0394495
-0.04427343
0.06717335
-0.26341249
-0.02233696
-0.27405829
-0.00468343
-0.01176833
0.14431937
-0.12300239
-0.27050747
-0.20564842
-0.00525954
0.18475243
-0.05471737
0.0539023
-0.27527767
0.10227057
-0.04321937
-0.25222094
-0.13839362
-0.25916694
0.35205728
0.08091822
0.04066747
-0.00724947
0.07778716
-0.03869062
0.10698767
0.02191623
0.25751274
0.53672431
-0.11319494
-0.04804072
-0.01084857
0.46754677
-0.1644537
-0.0587118
0.18790652
0.39233707
0.21730827
-0.24077073
0.06719802
-0.08757954
-0.26670483
0.20618716
-0.04469892
0.03110766
-0.08692966
-0.14800789
-0.27692043
0.072454
0.08472936
0.23536996
0.00242422
-0.13666158
0.01021081
-0.12035556
-0.32268696
0.16747427
-0.01474952
0.14873038
-0.36077926
0.26955186
0.06716999
0.13722134
0.08773356
0.22005626
0.05602884
-0.00237713
-0.19880042
0.08279979
0.04794659
-0.14580489
1.82591809
-0.15742147
0.08553462
0.0387335
0.03196943
-0.18447404
-0.21558708
0.09018921
-0.00837939
0.03795996
0.16519115
0.39055876
-0.02824623
0.05708194
1.92995772
0.06847287
0.1932222
0.14802266
-0.0002671
0.11657908
-0.04148342
0.00075584
-0.10483894
0.02393923
0.18847446
0.0422352
0.02502602
-0.3370221
0.12564655
0.03002558
-0.04018229
-1.19578209
-0.07807927
0.01415644
-0.03918497
0.01415212
-0.01552443
0.32048773
0.43782862
0.35091152
0.13936486
0.29441043
0.30228293
-0.0455102
-0.05378367
0.01205834
-0.0663337
0.02265457
0.00352692
-0.0735257
-0.09314057
0.01275916
-0.03191293
-0.24640508
-0.02742782
0.32990904
-0.15428284
-0.02065402
-0.17593717
-0.0463619
0.19010162
-0.03001173
0.40895024
-0.12271836
0.07986185
0.18009347
-0.02048002
0.00723697
0.0157568
0.18254951
-0.23701504
-0.15143112
-0.31790129
0.068965
-0.13743627
0.1305736
0.00708891
0.04700444
-0.36890521
0.1105976
0.0114724
-0.01891261
0.04234892
0.03385342
0.15054629
-0.09882772
-0.00353995
-0.00726059
-0.33909331
0.00436504
0.20695412
-0.07879612
0.01259355
-0.04969527
-0.26411559
-0.02968847
-0.38691494
0.01634424
0.05376608
-0.05577326
-0.08401731
-0.07586185
0.00981992
-0.18952098
-0.03425918
0.1282564
-0.03589475
-0.13494259
-0.16789411
-0.0860384
-0.12075421
-0.085722
0.20043522
