#Number of photons observed douring the burst: 39641
#Average flux [c/s]: 1757.4481291009047
#Average variability: 0.06361761326793662
#GRBbn190202069 temporal parameters: 
#                                   T_detection(MET)= 570764371.209898 s
#                                   T_start= -0.5760000000000001 s
#                                   T_end= 21.979999999999997 s
#                                   CCF campionation= 1e-4 s
#                                   Fit amplitude= 0.4 s
#                                   Used detector= 9 GBM
#                                   Variable bin size= 10 ph/bin
-0.03435989
0.01704694
0.01410046
0.03754826
0.03118526
-0.03973966
0.00523044
0.01898339
-0.09908169
-0.03752115
0.08060835
0.00676779
-0.05596496
0.07919824
0.02495921
0.03039999
0.06707697
0.06268014
-0.07636467
-0.02325836
0.00626949
-0.02114896
-0.02011612
0.02915062
-0.07881893
-0.04425415
0.03768707
0.03417779
-0.01762829
-0.01897668
-0.07280968
0.00448218
0.01112139
0.07812961
0.00714867
0.05504615
-0.06099941
0.06534377
0.01546829
0.0018459
0.09630013
0.02179968
0.09011014
-0.02323341
0.01391276
0.00569566
0.03139755
0.01992714
0.08478538
0.00106344
0.01327337
0.03995011
-0.00293848
0.0220386
0.01403014
-0.03204006
0.02761706
-0.07073011
0.05014089
0.02733164
0.01746644
0.02885703
0.03405585
0.00759208
-0.00353548
-0.0393373
0.08459281
-0.02449288
0.05843777
-0.05051055
-0.03062572
-0.01546146
0.00949788
0.08293034
0.0043551
-0.0097447
-0.02703934
0.0509216
-0.05268574
0.00266111
-0.00030337
-0.01854199
-0.06248779
0.00399495
-0.02340311
0.05935091
0.01173837
-0.05681608
-0.31233495
0.00579599
0.04135011
-0.03077758
0.00417591
0.03851566
0.03907991
0.02285299
-0.04508284
0.07288258
-0.06572471
-0.05811482
-0.04962768
-0.04032596
0.00671607
-0.01330168
-0.02414361
-0.01700885
-0.07806069
-0.03958751
0.0187193
-0.03937039
0.02028192
0.00967131
0.05580766
-0.0187571
0.04860717
0.04652025
0.03262687
0.29100444
-0.05428555
-0.01611284
-0.06424631
-0.07598747
-0.02271672
0.00580518
0.03676216
-0.34104841
-0.01478716
-0.02814652
0.06086042
0.04224531
-0.05817633
0.0212457
-0.00429322
0.03456953
0.04991711
-0.03212704
-0.01190101
-0.04325959
0.03307617
0.04361685
-0.04894709
-0.05455374
-0.00084839
0.07441095
-0.02529702
0.01943416
-0.03391609
0.03596687
0.01456327
-0.02397683
0.0102431
0.07201983
-0.000397
-0.05892148
0.02478679
0.05394933
-0.02071355
-0.02257636
0.01233282
-0.05381921
0.02434941
0.05151806
-0.00840811
-0.03054616
0.03634391
-0.04075635
0.05763337
-0.02917616
-0.02388726
-0.01068544
0.04364778
-0.02092331
0.00577751
-0.11726267
-0.05785205
-0.00890391
-0.02809153
-0.03565768
-0.02054457
0.04212174
0.06080621
0.06454656
-0.05190939
0.03813342
-0.03964748
-0.05290521
0.01084602
-0.01084705
-0.07301203
-0.02496989
0.02547566
0.04023533
0.01196487
-0.057067
-0.03140981
-0.02758025
-0.0194289
-0.00592292
0.0512572
0.00632255
0.30601537
0.10544932
0.04880183
0.05325852
-0.03846548
-0.07634225
0.04429592
0.02790116
0.03842127
-0.0707954
0.05072805
0.05177419
-0.02077009
0.00323129
-0.0168623
0.03650408
-0.05754814
-0.0267365
-0.00180182
-0.01396654
0.03706959
0.03860693
-0.07663741
0.03614425
-0.04045928
-0.01278603
-0.04661198
-0.01822693
-0.00377738
0.0366907
-0.33800192
-0.01713627
-0.02472945
-0.00602777
-0.04809551
0.00451876
0.03196432
0.01923352
-0.03877597
0.02868014
-0.01646241
0.02421661
0.03878983
0.01290873
-0.02641379
-0.00235793
-0.01681052
0.09800549
-0.02981889
-0.0274086
0.027548
-0.02856078
-0.11685359
-0.01632931
0.00982923
-0.00660989
0.0763106
0.02495854
-0.0209154
-0.02915378
-0.03189198
0.00644254
0.02864848
0.01096406
-0.00441974
-0.07947553
0.08488417
-0.03789999
0.04514632
-0.01699128
-0.01890467
-0.03840246
-0.01948304
-0.08244707
0.00262926
0.04687164
-0.03427851
0.01868821
0.00025438
-0.08039526
-0.05925289
-0.01799205
0.01921532
0.0278731
-0.01235259
-0.00497294
-0.02923766
0.00715972
0.05368637
0.01852717
-0.04851721
-0.00855297
0.03860185
0.02477152
-0.06397407
0.03361183
-0.03637427
-0.01891776
0.02182053
-0.07925343
-0.05684803
0.04018395
0.01405634
-0.02565888
-0.00900644
-0.00368695
0.02517666
0.05383034
-0.02417546
-0.04183229
-0.00687895
-0.00934573
0.02038751
-0.07106745
0.02035487
0.00860337
-0.0014383
-0.02273212
0.00856757
0.04467667
0.06897479
0.0235562
-0.05663306
-0.03647633
0.02421626
-0.05557642
0.0858696
-0.01445793
-0.00465734
-0.04195437
-0.02612269
-0.07584994
0.03862523
0.03004413
-0.05427878
-0.03806442
0.01547385
-0.03274005
0.03283555
-0.02609125
-0.32729313
0.03767619
-0.0019087
0.04923958
0.02509885
-0.02059845
-0.01281485
-0.0315813
-0.0225596
-0.03880793
-0.01511387
-0.04850703
-0.03579907
0.02649821
0.00519435
0.06268986
-0.01947224
0.04084255
-0.03597013
0.02916424
-0.04926256
-0.09338754
0.00327683
-0.01541382
0.01890093
0.02421727
0.03505804
-0.0210787
-0.02054619
-0.02508996
0.03351631
0.00475609
-0.00517718
-0.04616152
0.00275787
-0.03544014
-0.03298032
0.07048324
-0.00237049
-0.0221543
0.05307407
0.05229803
0.0326001
-0.03366009
0.0474123
0.00604107
0.00223558
0.03320408
-0.06542761
0.04888096
0.05166569
0.04661367
0.02311433
0.06404175
0.07213327
0.01202984
0.03886441
0.0148426
0.02437572
-0.02021499
-0.01888361
-0.03089011
0.00677095
-0.01114069
0.02388265
-0.05770983
-0.0802799
0.04292982
0.02934456
0.04107382
0.03330995
-0.10113657
0.03938322
-0.04756292
-0.03023803
-0.02699568
-0.03382738
0.06402439
0.05032905
0.00321638
0.03170943
-0.02822585
0.01836003
-0.03552961
-0.01304376
0.09178232
-0.009719
0.01611221
-0.07396224
-0.06099767
0.02889623
-0.0361956
0.01068001
0.0192969
-0.0738966
-0.00112431
-0.07811426
-0.00353352
0.01402668
-0.04135015
0.01365136
-0.0374546
0.01137913
-0.02478217
-0.03043679
0.01629037
-0.00503773
0.01913023
0.0703
0.00481521
-0.04012304
0.00476086
0.04325369
0.01268327
-0.04275768
-0.00633058
-0.04406538
-0.00698575
0.08655428
-0.02736516
-0.03835945
-0.01501405
-0.02519735
-0.05261956
0.04133135
-0.10638082
-0.06868758
-0.00048987
0.02762191
-0.00415289
-0.03842411
0.01022115
0.03006323
0.04333766
-0.03102281
0.08975087
0.02721086
0.0589355
-0.01640553
0.00762582
0.00832001
-0.03269992
0.01769829
0.02770386
-0.1020882
-0.00865004
-0.00063734
-0.01567957
0.01742371
-0.02015333
0.00541653
0.01633769
-0.02281826
0.05307653
0.00391422
-0.05322912
0.02342533
-0.03403218
0.02197156
-0.00974984
-0.03257331
-0.02833989
0.04056082
0.03037219
0.0132842
-0.09358314
0.01936314
0.03594533
-0.00766611
-0.00511936
-0.05272296
0.0196094
-0.03218292
-0.04032145
-0.0300726
-0.04087491
-0.02576303
0.00495517
0.00837082
0.02191329
-0.00706516
-0.07378893
0.00135546
0.04443714
0.05600581
0.00343042
0.01592212
-0.00170854
0.04113726
-0.02758233
-0.03514553
-0.034596
0.00770024
-0.05797125
-0.06459539
-0.05202271
0.02310722
-0.02502055
0.01333869
-0.06427277
0.03029447
0.0211353
-0.05951958
-0.00055666
0.03559095
-0.05909163
-0.03734417
-0.0790228
-0.01022655
0.00533235
-0.03942909
0.01454927
-0.05416366
0.01093043
-0.01389655
0.02752481
0.01917537
-0.04459718
0.06026313
0.03480732
0.02035824
-0.02800582
-0.03884721
-0.01772158
-0.05358372
0.01756651
-0.00045844
0.04132284
-0.13793577
-0.01504291
0.04959834
0.05249994
0.02149388
-0.01089725
0.01330449
0.07490104
0.00766284
-0.01010662
0.04411401
0.09555295
0.02171686
-0.04319668
-0.02109763
0.02017724
0.28724122
-0.0003991
-0.02882212
0.03834138
0.01170895
0.00770539
0.05793561
0.02892434
-0.01166875
-0.00249666
0.04252176
0.07966614
0.00261572
0.06285063
0.00844535
-0.00477873
-0.0289891
-0.04310294
-0.03133454
0.00131239
-0.02765467
-0.01998479
-0.02265431
0.04880062
-0.3339314
-0.01114328
0.01731147
0.0544663
-0.00678635
0.02469772
0.08431947
0.0475299
0.0561037
0.00354684
-0.01001047
-0.00525681
-0.0111146
-0.03667657
-0.03681242
0.01019521
0.02173561
-0.0191249
-0.02005254
0.05847425
-0.0091132
0.02969083
-0.06376657
0.0275416
0.03683718
-0.03313477
0.00687586
-0.05424834
-0.02141402
-0.05606122
0.02234215
-0.05440146
0.04395028
-0.06074598
-0.03067731
0.00800507
0.01939903
-0.01864772
-0.01214308
-0.05688889
-0.01378795
-0.03108425
-0.00792274
0.01848621
-0.05455312
-0.04266079
0.01684194
-0.04637441
-0.03327036
0.0343218
-0.06959051
-0.01079498
-0.0240912
-0.00599618
-0.02816691
-0.02834345
-0.00691059
-0.01293568
0.07199642
-0.00230969
0.02178853
-0.01418276
0.02698393
0.01654729
0.0204023
0.02175758
-0.04457273
-0.01215057
-0.02868488
-0.0047674
0.009729
0.00129183
0.06828541
-0.0103543
-0.03274564
-0.01109168
-0.01959137
0.01050786
0.06447383
0.09274101
0.09653045
0.05484787
0.01775541
0.08910083
-0.05572589
0.06603811
0.06790127
0.05354623
0.02555966
0.01087917
-0.02727534
0.00408359
-0.02682983
-0.00249945
-0.00149012
0.0492202
-0.03621613
-0.02421005
0.04240854
-0.0449469
0.06264612
-0.02585382
0.05691202
-0.0185252
-0.02605989
0.01094187
0.05330564
-0.00742246
0.0360193
-0.0077129
-0.07935134
-0.07678221
0.01955452
0.05223533
0.01942128
0.03014318
-0.02054718
-0.0407654
-0.03078831
0.06463677
0.05490368
0.05413908
-0.07071381
-0.06708651
-0.00230102
0.00797941
0.03678955
0.0231942
0.01725547
0.01702947
0.00296032
0.03332297
0.03002251
-0.03151703
-0.01706833
0.00419709
-0.02884634
-0.02485406
0.00719448
0.01737078
-0.00718863
0.05141662
0.03359042
0.05694645
-0.00798395
-0.29313666
0.06846995
-0.01798417
-0.02383099
0.02305931
0.03637102
-0.04022923
-0.03465123
0.01099663
0.01533884
-0.01175931
0.04749859
0.03932041
-0.00974868
-0.0197443
-0.06545719
0.01920525
0.01033526
0.02862689
-0.03021654
-0.02132898
-0.08095119
0.00443499
0.02249171
-0.04632971
-0.05673772
0.00438314
-0.02499158
-0.00436861
0.03507009
0.03090644
0.04672992
0.01219311
0.03123192
-0.05020215
0.00038047
0.00797061
0.03267001
0.01535121
0.03726651
0.02652193
0.05469381
0.02884015
0.00815432
0.05888183
0.01931836
-0.02648952
-0.05410589
-0.00618342
0.02853941
0.03952545
-0.03074398
0.01839771
-0.01660651
0.00689004
0.00779129
0.00455819
0.00517946
0.11708977
0.00582938
-0.01288844
-0.05360421
0.00897092
-0.01065507
-0.00460364
-0.02671393
0.05884899
-0.05615504
-0.01512814
0.02433142
-0.02044938
0.02577202
0.01146457
0.01689166
-0.00026855
-0.00962859
0.05489012
0.00789795
-0.02348306
-0.02304859
-0.00934686
0.06055373
0.07183869
-0.00999861
-0.0402575
0.02991494
-0.01442603
0.05413376
0.0098059
-0.00334356
0.02974296
0.03289296
0.01031647
-0.01987666
-0.0681694
-0.03068159
0.04274633
-0.04061401
-0.02227611
-0.00929612
0.01170564
-0.07227722
0.00628666
0.00989171
-0.00029992
-0.02087802
0.07453611
0.01419999
0.07347325
-0.01858641
-0.03479545
0.04561659
-0.04112831
-0.02106865
-0.00433185
0.03856385
0.00045246
0.03654228
-0.03697463
0.02296545
-0.04754427
0.03145293
-0.02891839
-0.0398547
0.03223532
0.01114242
0.00243796
0.01409455
-0.0523564
-0.06075709
-0.02479646
0.03667002
0.0324663
-0.05465296
-0.03525002
0.00182068
-0.05517936
0.02745612
-0.009586
0.02007863
0.1054623
-0.03883759
-0.01229917
0.00841045
-0.01642025
-0.0012956
0.01287415
0.04851081
-0.02225146
-0.00338364
-0.05036518
-0.03286693
0.05836621
0.01623841
0.06113345
0.04197346
0.01488425
0.03902417
0.02253184
0.00247481
0.04415133
-0.00252804
0.05900981
0.01679376
0.02749526
-0.03657806
-0.0254114
0.04599069
0.08368216
0.02783488
-0.07641006
0.06599896
0.00783234
-0.00155381
0.00637827
0.04233635
0.00103918
0.03686131
-0.0505795
0.02283627
-0.03851602
0.04248922
-0.00813636
0.00039825
0.03185833
-0.03487995
0.01055631
0.02728432
0.0074038
0.05840596
-0.01371838
-0.02001017
-0.04168443
-0.03701327
-0.01649912
0.03533699
-0.0283506
-0.0315389
-0.04784784
-0.07367604
-0.01622407
-0.03580637
-0.01153209
0.02636368
0.01444895
0.03529351
-0.0485333
0.03253826
0.03984888
0.01467991
-0.01069688
-0.31034604
-0.03925794
0.02384624
0.02547213
0.01975205
0.01604504
-0.09732112
-0.01898124
-0.00545008
0.00479056
0.00669145
-0.03198706
-0.01954852
0.01253048
0.02665717
0.01605357
0.01862804
-0.0687736
0.00493
-0.02090307
0.00181954
-0.01951927
-0.02905497
-0.00853407
-0.04999488
-0.03032647
-0.01748173
-0.0668497
0.04330304
-0.02509382
-0.02439544
0.03339016
-0.00081041
-0.06759725
-0.03388122
-0.01580745
