#Number of photons observed douring the burst: 36628
#Average flux [c/s]: 1451.6487000634115
#Average variability: 0.043452085177450965
#GRBbn200207058 temporal parameters: 
#                                   T_detection(MET)= 602731380.598244 s
#                                   T_start= -6.394 s
#                                   T_end= 18.837999999999997 s
#                                   CCF campionation= 1e-4 s
#                                   Fit amplitude= 999.0 s
#                                   Used detector= 4 GBM
#                                   Variable bin size= 10 ph/bin
0.04443677
0.16168169
-0.12353383
-0.03289604
-0.14885767
-0.43347617
0.44647279
-0.3681282
0.69369
-0.39405759
0.16815289
0.816902
-0.23648234
0.18307708
0.20954352
-0.60560647
-0.24569076
-0.09194084
0.05455796
-0.05227812
-0.48054403
0.07998824
-0.1435584
-0.28466491
0.33413323
0.1504192
0.30457363
-0.15277393
0.16562557
0.02356611
-0.64166479
-0.52901549
0.17499324
-0.34078012
0.33861995
0.05742293
0.1770556
-0.09529587
-0.18022605
0.99664678
-0.12069611
0.02116101
0.15911094
-0.24474782
0.35749215
0.00274353
0.01416937
0.09533235
-0.07012485
0.23794893
0.27445422
-0.2693138
-0.01675217
0.15677997
-0.02686683
0.14098403
0.13606649
-0.14161979
-0.00943183
-0.14369246
-0.47940173
-0.25278615
0.05169237
-0.35500604
-0.16388031
-0.25877915
-0.08612809
-0.49740851
0.2334608
-0.21958607
-0.25436907
0.22589634
-0.02170164
-0.14072402
-0.03317849
-0.15833441
0.15634651
-0.27180817
0.38427081
-0.03872947
-0.38478394
-0.57254308
0.52619641
-0.48633129
-0.1084725
-0.2406162
0.23276143
0.00701016
0.32312183
-0.24651736
-0.10763493
0.4371675
-0.27439579
0.56313726
0.39335986
-0.26500459
-0.00657381
0.20139016
0.36703103
-0.25759813
0.34213178
0.0478987
-0.15799845
-0.64980052
-0.02669723
-0.14510922
-0.28895087
0.0942638
0.2520647
-0.4464004
0.15236872
0.01127316
-0.14664984
0.00486014
-0.50629117
-0.32592017
0.5818913
0.43207735
0.09395855
-0.02347311
-0.34063673
0.05001257
0.40552172
-1.0021162
0.34359253
-0.43874361
0.04424471
-0.45757268
-0.25654959
-0.4195808
0.1219529
-0.45661224
0.27852796
-0.07373329
-0.45081294
-0.20976635
0.43514239
-0.03839708
0.07808895
-0.49869457
0.10462008
0.09038564
-0.07349077
0.38390099
-0.20119477
0.33151327
-0.0053688
-0.16380497
-0.89774361
0.0687886
0.29377995
0.1864742
0.45364765
0.0645109
0.14710238
-0.16694219
0.28288103
0.12952701
-0.12586431
-0.60340489
0.2950098
-0.57115748
0.02785017
-0.14883656
0.04971057
-0.13294062
-0.27350189
0.08532113
-0.51047283
0.06104979
-0.20923612
0.09711329
0.55153669
0.45921143
0.01909664
-0.26036868
0.3812081
-0.2334109
0.38298115
-0.65056553
-0.05431031
-0.22548575
0.3821744
0.35215994
0.12052397
0.3325146
-0.04087133
0.33664508
-0.07153771
-0.12950025
0.44035864
-0.1297959
-0.25599017
0.08349978
0.41349577
0.56789556
-0.12745951
-0.0838074
-0.6333676
-0.61321356
-0.53046804
-0.17098305
-0.19188222
0.59344598
0.26835455
0.04029975
0.28671366
0.466607
-0.02275013
0.1699622
0.17380846
-0.11058325
0.4072617
-0.26286238
-0.32855957
0.19069873
0.03959584
-0.15123295
0.19593686
-0.17864161
0.54781176
-0.30554293
-0.3161247
0.05249894
0.323887
0.02333971
0.27355845
-0.17150562
-0.02477175
-0.18319502
0.28339849
0.15272959
-0.06389665
0.08197882
-0.31181448
-0.07848941
-0.1568039
0.01796039
0.01492759
-0.25776953
0.52247051
0.33847511
-0.21268819
-0.77965807
-0.56607379
-0.15641652
-0.05733934
1.01255563
-0.05947145
0.3194085
0.2908329
0.10728752
-0.59528559
0.03330312
-0.15172956
-0.35561785
-0.09955932
-0.06556024
-0.06049323
0.39801077
-0.0656429
-0.17226302
-0.05955808
-0.17145759
-0.12603089
-0.63612483
-0.25917666
0.00030652
-0.00634928
0.35141625
0.36041799
-0.20527818
0.32708073
-0.01653258
0.06019074
0.06909471
-0.09227896
0.39404058
-0.07173967
0.12882919
0.07268402
-0.40223093
-0.67003348
0.02658096
0.63908468
0.09168788
0.72548384
0.26927958
-0.06058385
0.57579013
0.10678337
-0.45457798
-0.02686851
-0.00921004
0.12163166
0.36582525
0.03150024
-0.03361282
0.21427834
-0.18108103
0.21412781
0.20869113
0.14980112
0.00288888
-0.18984832
-0.30894292
-0.19281739
-0.56134027
-0.38663341
-0.41453976
0.05858627
0.07657317
0.0658774
0.02734039
0.01811087
-0.3496356
0.26345389
-0.01898363
0.40171362
-0.60082841
0.00215201
-0.24954865
0.27554899
-0.50341396
-0.21540813
-0.35395873
-0.0442484
0.1251041
-0.29343239
0.02182829
0.10160137
-0.24828628
-0.27663714
0.39715461
0.49280248
0.2109648
-0.48122528
-0.39405455
-0.0258125
-0.20773164
0.20443017
0.2277849
-0.04458589
-0.21434219
0.08562328
0.22580367
-0.18225992
-0.09967748
0.49285687
0.36371029
0.5019422
0.35636659
0.02685915
0.36987867
-0.28969576
0.10368928
-0.12141587
0.09308811
0.22075396
-0.22155099
-0.20377316
-0.04405218
-0.08528025
-0.36397697
-0.20367196
-0.25377822
0.22574159
-0.29798268
0.63817772
-0.077356
-0.04429473
0.00551661
0.04885094
0.1946221
0.0914675
0.42999947
0.28992646
-0.02278857
-0.03938865
-0.27150517
-0.08731764
-0.15945638
-0.03188731
-0.09746455
0.17823541
-0.4975134
-0.56191982
0.31540746
-0.0059413
0.23325636
0.38920951
-0.23590699
-0.16348589
0.30449874
-0.33016508
-0.18898735
0.03595945
0.01813126
-0.27775636
-0.34192701
0.20405099
0.01918894
-0.09089732
-0.05079476
-0.52436695
0.09119324
-0.17258921
-0.56275433
-0.35619422
0.33192041
-0.17049983
0.11280346
0.02113139
0.18739805
0.4652657
0.50305478
-0.02966621
-0.00137674
0.15607256
-0.28674673
0.35718913
0.21632587
0.69706897
0.27295125
-0.00591239
0.21314187
0.29160537
0.0156277
-0.19717934
0.17114331
-0.36692309
-0.64126588
0.2296289
0.25143824
0.04456189
-0.14202335
-0.25662869
-0.4376909
-0.26619673
-0.04176359
-0.16914442
-0.08008965
-0.29700985
0.07455365
0.22053119
0.23166012
-0.38928221
-0.20023116
0.41494105
-0.28115085
0.60428855
0.27557159
0.26993638
-0.41161222
-0.04384018
0.42260887
0.11649095
0.31875819
-0.16714202
0.44562827
-0.19385845
0.32503011
0.05747211
0.37026154
0.04663156
0.22519655
0.10399311
0.08607839
-0.09781367
-0.29463306
0.12967311
-0.09071338
-0.15038298
0.45957176
-0.35801592
-0.69710553
-0.1425678
-0.05090137
-0.34572254
-0.23001097
0.07073291
-0.42538824
-0.16424667
0.11971109
-0.0052052
-0.24083227
-0.10270368
-0.26510438
0.38840272
-0.14522205
-0.13442959
0.35237777
-0.70050062
-0.6502
-0.23511657
0.13896465
0.07092337
-0.40823182
-0.20308508
-0.34929932
-0.18904753
0.00195188
-0.33377582
-0.02561444
-0.48847102
0.17247227
0.30006142
0.0862099
-0.19307388
0.8377474
0.47031226
-0.00805921
0.20579652
0.19115327
0.49916379
0.38502534
0.15597007
0.34645624
0.01062803
0.15782847
-0.46887578
0.59771102
-0.60818424
0.34735235
-0.09566117
-0.07982708
-0.11521868
0.12015842
0.57953728
0.32346067
-0.16891435
0.38763458
-0.18017159
-0.26167107
0.13177818
-0.2116539
-0.01435744
0.62411593
0.83642573
-0.29722232
-0.38168897
0.47082588
-0.18589506
0.04920376
-0.11908735
0.03935266
0.126899
-0.15638409
-0.63878927
0.14569894
0.23176756
0.66053742
0.05441746
0.08469306
0.49415226
0.34832309
0.41138422
-0.20105915
0.08698176
0.17416945
-0.11604083
-0.34751253
0.28468754
-0.03751228
0.12691457
0.72221008
0.01654624
-0.00188783
-0.06487208
0.21653652
0.25340035
-0.63102494
0.18704799
-0.50767962
-0.29349051
-0.05723906
0.28706567
-0.23455639
-0.08622935
0.15891576
-0.29681274
0.3406581
0.4383149
-0.07358031
-0.15768873
0.02273997
-0.12751702
0.06871698
-0.21059167
0.58063789
0.1723711
0.0716491
0.02480241
0.36231534
0.00973707
-0.42523038
-0.27415209
-0.58580242
-0.33677296
0.01808864
0.1117399
0.22055287
0.36809681
-0.07953537
-0.65597398
0.06486811
-0.40379902
-0.72102745
-0.59374157
0.4376829
0.04072326
-0.31528958
0.28399904
-0.60401825
0.242504
-0.66252993
0.18653386
-0.04978725
-0.25883438
-0.08072908
0.1303204
0.26750695
-0.09734476
0.27964692
0.09032569
0.20390596
-0.52022105
0.25814055
0.54054573
-0.18124068
0.24824586
0.6374907
0.01559485
0.37960714
-0.26933705
0.05839286
-0.0344104
0.1700333
0.82332602
0.37222545
-0.16634343
-0.48148967
0.33274179
-0.22597767
-0.01649078
-0.42627633
-0.01406191
0.21726718
0.69354067
0.10510817
-0.53911808
-0.02432187
-0.03710015
-0.05380603
-0.13983395
-0.06929578
-0.1210074
-0.42995327
-0.08554741
0.58181584
0.17860412
-0.13995358
-0.62861859
-0.06390866
0.37565558
-0.28969565
-0.01136697
-0.07349783
-0.19089189
0.27088666
-0.08614024
-0.23729106
-0.02724784
0.07590826
-0.0479553
-0.30994603
-0.26640344
-0.12701409
-0.52732615
0.12365352
0.19618593
-0.21863192
-0.08742718
-0.27496409
0.17563436
0.30460542
0.3769027
0.67001495
-0.41000801
-0.04658784
0.28045742
0.11491953
-0.08457682
0.08718354
-0.51348273
0.12703355
0.44590745
0.18900104
0.30405397
0.27413679
-0.24532768
0.11434842
-0.31120244
-0.35669975
-0.70101875
-0.08144802
-0.08779658
0.0144782
0.25662188
-0.16287269
-0.39909952
0.17851901
0.28234452
-0.36347976
0.2654043
0.07544724
0.14313387
0.01765589
0.41733341
-0.20338051
-0.51812901
-0.2691142
0.31129548
-0.56913582
-0.04274235
-0.22761274
0.2806164
-0.10368347
0.67721151
-0.02888212
-0.76945165
-0.05433684
-0.19975401
0.20989291
-0.20508161
-0.48092799
0.41867407
-0.21644067
-0.40616964
-0.32808451
-0.17955238
-0.25466616
0.40864177
-0.1027689
-0.13865868
-0.03010207
0.03065121
-0.09652364
0.63637816
-0.09696916
-0.19761244
-0.00113281
-0.12943695
0.02792055
0.54428796
0.20950625
-0.12444291
-0.73941704
0.12909497
0.02328989
0.01507626
0.52314378
-1.09587197
0.0858403
0.19665317
0.29814029
-0.2429071
-0.24428879
0.16195077
-0.24157254
-0.00921066
-0.32765723
-0.50348352
-0.11023966
-0.32685491
-0.18790713
-0.06967071
0.10472078
-0.08244668
0.39200442
0.08842684
0.30525168
-0.45550287
0.20847003
-0.02886032
0.06616191
0.11434793
-0.13639383
-0.29545631
0.50287903
-0.41437763
0.11155953
0.15363008
0.00628247
0.26165298
-0.14745669
-0.09655746
0.18238872
0.32207419
0.91735747
-0.34506867
0.05927906
0.23840011
0.21005392
0.26849784
-0.1588291
0.34292504
0.19216778
-0.23675028
0.00658074
-0.23446137
0.29973207
-0.00920183
0.16828781
-0.22787327
-0.12594296
0.15756862
-0.32016891
0.34073995
0.1226233
-0.10296903
0.12926125
-0.45981307
-0.08197488
0.15318187
-0.28032777
-0.18990571
-0.18696776
-0.69786403
0.23332856
0.31715051
0.05036476
-0.36660475
-0.37837967
0.22529263
0.51283026
0.0961745
-0.14771102
0.33738651
0.45720309
-0.00524541
0.29131515
0.05093003
0.02305179
-0.30134715
-0.02690486
-0.51728507
0.15751783
0.15952121
0.07422182
0.80913276
0.25488244
0.12144839
-0.61269517
0.03766747
0.01776527
-0.37231201
-0.1140207
0.22380595
-0.40402022
-0.51106297
-0.37838065
0.07671495
-0.53509583
-0.50938344
0.73315617
0.06394122
0.39178897
0.32784274
0.2525968
-0.00894989
0.22876612
-0.44196342
0.66097217
-0.76929162
0.35873331
-0.09363705
-0.14931744
0.02668045
-0.3094187
-0.01508789
0.17858969
0.23323116
0.23919232
-0.17672387
0.01641406
0.08974438
0.2606259
0.08188576
-0.00098504
0.00823171
0.32198639
0.1087902
0.04342006
0.32472508
0.20199747
0.00655717
0.49622755
0.3504165
-0.4358192
0.34739877
-0.03346748
-0.26441265
-0.00297575
0.55916107
-0.03657154
0.37544064
-0.78397885
-0.66630095
-0.304674
-0.21060342
0.30021199
0.17920864
-0.26983509
0.35493477
-0.28615085
-0.12311655
-0.31422872
0.2063289
-0.30783217
-0.48142844
-0.31758804
-0.40841004
0.3487381
0.42877164
-0.13527786
0.10959238
-0.34597382
0.15233689
0.04872317
-0.12288188
-0.4463432
0.22413882
-0.092344
0.34061942
-0.06257601
-0.00446151
-0.19708821
-0.21719433
0.48652219
-0.08043327
-0.57722848
-0.23060662
-0.35619007
0.17036652
0.56521604
0.0845074
-0.13643861
-0.49595666
-0.1846832
0.82362324
-0.05573271
-0.44275099
-0.0916388
-0.167763
-0.33937137
-0.3140773
-0.37653908
-0.01239735
0.42226791
-0.05001809
0.22264478
0.19252442
0.05019904
-0.12800848
-0.08424556
0.04189355
-0.07086284
-0.32549549
0.26970486
-0.08611831
-0.02023319
0.05096783
0.09505055
0.35804992
0.13932916
0.69552046
0.69830737
-0.40438955
-0.02551645
-0.02688697
0.28798373
-0.09024053
0.06602666
-0.7091263
-0.27794228
-0.17355484
-0.67104637
-0.04605876
0.44093847
-0.40205403
-0.26602895
-0.01986177
0.34741705
0.0128686
-0.51667508
-0.15846048
0.16381037
0.12336523
-0.12568
