#Number of photons observed douring the burst: 82937
#Average flux [c/s]: 1987.1337182835377
#Average variability: 0.053803585177436525
#GRBbn190531840 temporal parameters: 
#                                   T_detection(MET)= 581026217.141598 s
#                                   T_start= 4.874 s
#                                   T_end= 46.611 s
#                                   CCF campionation= 1e-6 s
#                                   Fit amplitude= 0.25 s
#                                   Used detector= 0 GBM
#                                   Variable bin size= 10 ph/bin
0.00842127
-0.0066144
0.02612161
0.03130042
-0.00388958
#999
#999
0.00607643
0.02877319
-0.02730106
-0.01357623
0.01052425
#999
#999
-0.01068797
9.689e-05
#999
-0.02285823
-0.01702149
#999
#999
-0.00928151
0.00199635
0.00905302
0.0029816
-0.00650417
#999
0.01145971
-0.00305029
-0.00170304
-0.00337345
0.00621107
-0.00514755
-0.00160001
-0.00150619
-0.01939149
#999
-0.01162782
-0.01459396
#999
#999
-0.00309173
0.01166764
#999
-0.00012989
0.00915888
-0.01670158
0.00359948
-0.0012385
-0.02778175
0.0070991
-0.00551537
0.0066815
-0.0009105
#999
-0.03169925
0.00584759
#999
0.0030074
#999
-0.00138789
-0.00382994
-0.01783136
#999
-0.00402281
0.01307921
-0.00351131
-0.00030953
-0.02169789
0.00202656
0.02472143
0.03083332
-0.0024234
-0.00056162
0.01478104
-0.00314994
#999
-2.7e-07
-0.01074555
-0.0014684
-0.012773
-0.003392
-0.00714948
#999
#999
0.02108031
0.00901459
0.00166181
9.287e-05
-0.00562731
#999
0.00648563
0.01179576
-0.00317183
-0.01873307
#999
-0.00539116
0.01277863
0.01053457
0.03090775
#999
-0.01359752
0.00414045
0.00667299
0.02194647
-0.02106318
-0.01923993
0.01470514
#999
0.00726575
0.00413664
#999
0.00709735
0.01138593
0.00368183
-0.00585685
0.00756823
#999
-0.00505603
-0.01316919
-0.00567727
-0.01523471
-0.0108923
#999
#999
-0.00102629
0.01472829
-0.02682981
#999
-0.00517298
0.00221915
0.00823805
0.00589265
-0.02185571
-0.01429673
0.02025154
-0.00138321
0.00971964
0.00052829
0.00747519
0.00709288
0.02105061
0.00726215
-0.02175902
0.00347
0.00993418
0.02590326
0.01753526
-0.00037687
-0.01229237
0.01943459
#999
0.01236119
-0.0099285
#999
#999
-0.00615608
0.00890215
0.02261689
-0.00317401
0.0289312
-0.02728063
0.0134098
-0.00807951
0.01104231
-0.02967681
-0.01402144
-0.01380821
0.01694688
0.02910079
0.0060613
-0.01914151
-0.01510057
-0.00473132
-0.01902631
0.01192295
-0.0128733
0.00764582
#999
-0.00396759
0.00841285
-0.00515661
-0.00407603
0.00575066
#999
0.01429895
-0.00045722
-0.01496162
-0.02829597
-0.02089302
-0.00053526
-0.00516065
-0.00344111
-0.00503361
0.01723128
-0.01080101
-0.00845321
0.0087527
0.01032809
0.00351076
-0.00621736
-0.00323295
#999
-0.0140389
0.00429723
-0.00452993
-0.01677679
0.00305689
-0.00200937
-0.00976721
-0.00958928
0.0045891
#999
0.00129744
0.01315212
-0.00038896
-0.00666688
-0.01417826
-0.00702003
#999
0.0269548
0.01802091
-0.02029418
-0.01258699
-0.01353571
#999
-0.00599555
-0.00697699
#999
-0.01643022
0.01690249
0.0079943
-0.00218822
0.00873325
-0.0179249
0.01323834
0.0130127
0.00336567
-0.00225993
0.00080421
0.01445297
#999
0.00948197
-0.02106185
-0.02850008
0.00733462
0.00106088
-0.00540716
0.00479746
#999
-0.00811919
0.00476273
-0.00365316
0.02622833
-0.01301062
-0.01164714
0.00358698
0.01909276
-0.00616254
0.00874668
0.00096837
-0.01402036
-0.00499541
-0.00308544
0.00144151
0.00118185
#999
-0.00529776
0.02269877
-0.00928399
0.0019409
0.02861193
-0.01106826
-0.02007631
-0.0002333
0.00544028
-0.00836371
0.00481963
-0.01005467
0.00999019
-0.02394306
-0.00468738
#999
0.0034022
0.00288733
#999
-0.00353458
#999
-0.00542527
0.00581889
#999
0.02080543
-0.03401807
0.01061713
-0.0109733
-0.00177432
#999
-0.00193123
-0.03123201
#999
-0.02564134
0.0208734
0.01077834
0.00056083
-0.01125624
0.00274097
-0.02371641
-0.00093739
-0.01384238
-0.0177131
-0.00967049
#999
0.00479421
-0.03028986
-0.00438325
-0.01466983
0.00996136
0.00637509
-0.02031923
#999
#999
-0.0245316
0.00825656
-0.00314373
-0.0023939
0.01966446
#999
-0.00253646
0.01912831
-0.00836021
-0.01255388
-0.00292023
-0.00939114
0.01468435
-0.00239987
#999
-0.02042916
#999
0.02819918
0.01460074
-0.01828972
-0.00254314
-0.00038545
0.01225588
-0.01481295
-0.01737565
-0.00309417
0.00764187
0.00228286
-0.00417349
0.0045847
-0.00352678
-0.00189745
0.0160809
0.02258653
0.01201934
0.00748905
-0.00060085
-0.00724105
0.00451948
#999
0.02016485
0.02304947
#999
0.00302619
-0.01262823
-0.00775478
0.01498701
-0.01119161
-0.01523544
0.0109647
-0.00564615
0.01360358
-0.00037747
0.00302695
0.01452484
-0.00245613
0.01350072
#999
-0.00293479
-0.02608143
-0.01384281
-0.01359451
0.00213383
0.00605024
0.00754166
0.00611277
0.01715961
-0.00683119
#999
-0.02044754
0.00089885
0.01062441
-0.00078694
0.00493462
#999
#999
0.00276712
0.03309644
-0.00485205
0.02412794
#999
-0.00897644
-0.00294331
0.03667282
-0.00101684
0.01766382
0.02456622
-0.02174945
0.01190772
0.01101956
0.02245891
0.00203681
-0.01000595
0.00959182
0.00180098
-0.0019929
0.01434891
-0.0103624
-0.00557637
#999
-0.01254067
0.03865952
-0.00395769
-0.02090286
0.00729682
#999
0.02444656
-0.00226135
-0.00402005
-0.02059259
-0.01200621
0.00551919
-0.01847137
-0.00300768
-0.01047632
0.01195331
0.00491938
0.00084869
-0.00403452
-0.00781986
0.02234695
#999
0.01469185
0.03276175
#999
0.00240147
0.01075293
-0.01233432
0.00369283
-0.00246372
-0.00287706
0.00025056
#999
#999
#999
-0.0036541
0.00712267
-0.00290242
-0.01465869
#999
0.01460097
-0.01115424
0.02831562
0.00582371
0.00107574
0.02062411
0.0123442
-0.00845323
0.00515268
0.00604422
0.02047471
-0.03141788
0.0011076
#999
-0.01657818
0.00365376
-0.02761662
0.01681452
0.03162261
#999
0.01459584
0.00583695
-0.01423312
0.00520194
#999
#999
0.03101573
0.00485105
-0.00763336
0.0016858
#999
#999
#999
-0.02167399
-0.00900717
#999
#999
-0.00309518
-0.00364243
0.01298355
0.00482039
#999
-0.00374926
#999
0.00311269
0.00752344
#999
0.00893215
-0.01107097
0.01579289
0.00687258
0.0038111
-0.02640897
0.0096297
0.00649863
#999
0.0105122
-0.02039957
0.03785563
-0.00272772
-0.0231377
0.0150972
#999
0.00722286
0.01379016
-0.00540155
-0.00486634
-0.01454347
0.00671141
0.02268047
0.00561292
0.00587418
#999
#999
0.0105319
0.01442706
0.00649238
#999
-0.01809887
0.00910989
#999
-0.01716873
-0.01288364
-0.0022952
0.00116623
0.00215442
0.0206744
0.00074259
#999
-0.01612895
0.01038324
0.00769317
0.00737037
0.00948555
0.00625833
0.01658447
0.00909154
0.00157243
-0.00124217
-0.01842562
0.02136377
0.01642516
-0.00346303
-0.00165447
0.00059611
#999
-0.01171411
0.01390906
0.00391931
#999
-0.0116468
-0.01442845
#999
-0.00743468
#999
-0.00476915
0.01501402
0.00225101
-0.01761706
#999
0.00291137
-0.00481411
-0.03134063
0.01299485
#999
-0.01244096
-0.00144369
0.01433819
0.01219191
-0.00811301
#999
-0.01188911
-0.01463763
0.00929876
0.00795417
-0.00081285
-0.01520256
-0.0104675
-0.00638458
-0.01624347
-0.00451212
0.00313347
#999
0.01180847
-0.02952568
-0.01340198
-0.0016588
-0.00501582
0.00818742
0.01288733
#999
0.01031253
-0.01274987
0.01575403
#999
-0.01655732
-0.00200855
0.00658167
0.01565666
#999
#999
-0.00028281
#999
0.00469123
-0.04925775
0.00686539
#999
0.0059152
0.00831852
0.01009153
-0.01776182
-0.00466949
0.01791131
0.01975691
0.00427169
0.02317366
#999
0.00622517
0.00796408
-0.0067176
-0.00174503
0.00386231
-0.01003832
-0.00303807
0.01609625
-0.01253652
-0.01897882
0.0337808
0.01224536
-0.01173967
-0.01228207
0.00804563
0.02212929
-0.00615725
0.01321677
0.01318284
0.01367387
0.0002784
0.00010902
-0.01479203
-0.00090579
#999
0.00216278
0.02880977
0.00095635
-0.01130301
-0.01412767
-0.01410077
-0.01140636
-0.00153552
-0.00264437
0.00970354
0.01537706
#999
#999
0.01369662
0.01970684
0.01997435
0.00222055
-0.00416831
-0.00516273
#999
0.01087
0.00272191
-0.00932031
#999
0.00959224
0.01467117
#999
-0.00920566
0.00206229
-0.00062445
0.01060222
-0.00244007
0.00109867
0.00562636
0.00911754
0.02420003
0.01200923
#999
0.00169914
0.00406731
-0.00518883
-0.01392202
-0.00833862
#999
0.00159091
#999
#999
#999
-0.0333188
-0.0277245
3.52e-05
#999
-0.01191574
-0.00482012
0.0211489
0.02273191
0.02770925
-0.00174922
#999
-0.02096954
0.01078622
0.01217051
0.00328955
0.00116967
0.02037319
0.00482825
-0.01909744
0.01043999
-0.01974683
0.02364814
#999
-0.00958147
-0.0078655
0.00518026
-0.01955386
-0.01092335
0.00932364
0.01222254
0.0123785
-0.01436222
0.00149005
-7.197e-05
#999
-0.00804529
0.0001285
0.01372025
0.01265403
-0.00934637
0.03954829
0.00113976
0.00040835
#999
0.01073376
6.427e-05
#999
0.00405788
0.01209029
#999
0.01683664
0.00926089
0.00520346
0.0155105
0.00365107
-0.01854335
0.00452476
-0.02150232
-0.02051923
0.00493612
0.02344419
-0.04020531
0.0165779
-0.00240396
0.00706296
0.0114071
0.0146276
0.00090045
#999
-0.01034793
0.00383737
-0.00032156
0.00669346
#999
0.00392723
0.01492384
0.00336771
-0.0078582
#999
#999
#999
-0.00446918
-0.02475539
0.00527184
-0.01589872
0.00581118
-0.00964156
0.00014922
0.00506902
0.00429816
-0.01246818
-0.00175196
-0.00800865
0.01261764
#999
-0.00919814
-0.01557553
0.0093703
-0.00834573
0.01922345
0.00754238
0.00311619
0.01899129
-0.00097257
-0.0449623
0.000943
0.0158344
0.01991772
-0.00974268
-0.01479232
#999
#999
0.0022072
0.0235604
#999
0.02287327
#999
0.0168479
-0.02343915
#999
0.02228456
-0.00376578
0.01261807
-0.00923581
0.00490741
0.03420322
#999
0.00700908
0.00045482
0.01173113
0.00693095
-0.01315616
-0.01664138
#999
0.00996875
0.00234461
0.00600701
0.02785817
-0.00440231
-0.00097815
-0.01219772
#999
0.01171825
0.00405101
0.02299734
0.01290418
0.00260549
#999
-0.01683572
-0.01912918
0.01391087
-0.00500188
-0.00302747
0.00874177
-0.03363557
0.00236132
-0.00486483
-0.00120119
0.01074256
#999
-0.02131994
#999
-0.00361991
#999
#999
-0.0134842
-0.00994963
0.00984703
#999
#999
0.00251458
0.00188164
-0.00364057
-0.00495589
-0.0086858
0.02291702
8.161e-05
-0.00625374
#999
0.00304548
-0.00431699
0.00114435
#999
0.02376272
0.00704867
-0.01820608
-0.01977582
0.00636556
-0.01059772
0.00464465
#999
0.01045293
#999
#999
0.01117365
-0.01430018
#999
-0.00239272
#999
#999
0.00011965
0.01731755
-0.00918977
0.00182916
-0.00554373
#999
0.00010035
#999
0.00211805
-0.00066674
#999
-0.0116587
-0.00952286
#999
-6e-08
0.00766774
0.01043162
-0.00080252
0.00978408
0.01846813
0.02632834
0.01430815
-0.00283158
-0.00149822
#999
#999
0.0002675
0.0041667
0.0040856
0.00723771
0.00503796
-0.0111438
-0.00985388
0.01195847
-0.00520366
0.00498733
0.01700406
#999
-8.598e-05
0.00784704
-0.01525997
-0.00068468
-0.01425548
-0.00798383
0.0016017
-0.00415399
-0.00105422
-0.00042086
0.00089067
#999
-0.01164609
#999
-0.00291829
-0.00033162
#999
-0.01863489
0.00863009
0.00364972
-0.00678175
-0.01294453
-0.01672747
0.00406923
#999
-0.00758992
-0.00423644
0.00777343
-0.01627195
0.00020363
-0.01466511
-0.02428447
#999
0.01913769
0.00248553
-0.02093868
0.03706983
-0.01135349
-0.01753627
-0.00487482
-0.00308929
#999
-0.01505231
0.005263
0.00047423
#999
0.0055884
0.00222333
0.01188828
0.02706866
0.03270046
