#Number of photons observed douring the burst: 161368
#Average flux [c/s]: 1278.4864282431981
#Average variability: 0.008272511049372233
#GRBbn100621452 temporal parameters: 
#                                   T_detection(MET)= 298810280.259504 s
#                                   T_start= -7.478 s
#                                   T_end= 118.74000000000001 s
#                                   CCF campionation= 1e-4 s
#                                   Fit amplitude= 9.0 s
#                                   Used detector= 5 GBM
#                                   Variable bin size= 10 ph/bin
-0.95818377
0.15781539
-0.07155754
0.16945448
0.15996377
0.57029003
0.58446256
-0.48063308
0.6463807
-0.36214215
0.82482447
-0.3955981
0.24974714
0.62892379
0.6931585
-0.01563289
-0.40613219
-0.49038961
0.06755168
-0.36162291
0.10088292
-0.25176418
-0.04068073
0.77353668
-0.09570265
0.25041628
0.29925223
-0.14480989
0.05539335
0.64697634
-0.74597359
-0.20287611
-0.64930515
0.65754139
0.20267449
0.53221015
-1.17058466
0.89222952
-0.00302076
-0.29811877
-0.04586283
0.53228689
-0.02925295
0.29515512
-0.20651822
0.33287792
0.08261223
-0.37522444
-0.17458078
-0.75149477
0.219877
0.60054477
-0.22704099
-0.21937654
-0.10863887
-0.93500236
-0.60469694
0.22193627
-0.7122637
0.33737185
0.51379885
0.37413813
-0.70291451
0.31520788
0.08498247
0.41946822
-0.15689951
0.63421874
-0.25584463
-0.31701629
0.4223646
-0.27572163
0.29548494
0.19778553
-0.00301992
-0.31174664
0.14372322
0.07514866
-0.09799012
0.19444234
0.66467517
-0.04884134
0.04614939
0.10189042
0.26198466
-0.48332259
0.66748358
0.6318082
-0.49480488
0.21566475
-0.63931375
-0.01803499
0.16317376
-0.81076121
-0.13628722
-0.58359526
0.58582566
-0.25320022
0.35492617
-0.72655179
-1.7949116
0.23380852
-0.01539105
0.61839007
-0.11825429
0.27968453
-0.06730538
1.14462512
-0.30537062
0.04935585
-0.28899875
0.28755204
-0.44051788
-1.01984518
-0.95901965
-0.20115488
0.34643161
0.17705585
0.34565332
0.64404956
-0.13909002
-0.59430726
-0.32894207
0.63285783
0.99155479
-0.86841486
0.88965991
0.07006602
0.18414772
-0.76724225
-0.6136123
0.0859633
0.39357974
0.04603275
-0.31970897
-0.19243775
-0.04165733
-0.08939619
1.22886807
0.08470271
0.14673169
0.42812647
0.2030704
0.16301446
0.19996638
0.05110066
-0.29797369
-0.46762485
-0.8143788
-0.37660935
0.12358392
-0.29369032
-0.34493092
0.0320964
0.2090066
-0.59221593
-0.23807775
0.46919239
0.38866022
1.27791051
0.46473907
-1.08924669
0.04710985
-0.10347385
-0.43895863
-0.19311982
-0.18360989
0.01163791
0.03464573
0.7038866
0.01729131
-1.31938472
1.12726338
0.35892258
0.28598073
0.65432365
0.68882941
0.09116574
0.3147515
0.56779084
0.14689076
-0.42519344
-0.5156898
-0.41371381
-0.44097487
0.20066166
-0.66566163
0.25494049
0.52655306
-0.82815209
0.27708751
-0.21772339
-0.26663818
-0.76962989
-0.55057277
0.08143336
-0.34299769
0.24356465
-0.51161619
-0.69731971
-1.07362067
-0.34132222
-0.76784652
0.03621478
-0.42827196
-0.26204802
-0.57022055
0.14031347
0.52361782
0.05493586
0.22548856
-0.44458419
0.25217718
-0.04805575
1.26578921
0.40429576
-0.29337901
-0.37568087
0.28545995
-0.22804385
0.53612152
0.27064877
-0.03453659
-0.41586437
-0.25308172
0.65514448
-0.18489604
-0.76201547
-0.23224771
1.58173061
0.64294374
-0.9875845
-0.72538953
0.58605831
0.13197742
0.65722856
-0.05786893
-0.05282635
0.99201833
-0.12410442
-0.09144833
-0.82881212
-0.26260996
-0.42929145
0.27248721
0.01037029
-0.12151272
-0.64644985
-0.4135848
-0.28456319
-0.26580065
-0.67433862
0.37688157
0.35609753
0.67359059
-0.2656266
-0.15796512
-0.87775858
-0.64661388
-0.04205193
-0.88053313
-0.68261462
1.15698708
1.33335307
-0.02020027
-0.54954708
-0.42194793
-0.16902284
-0.18536365
0.10548718
-0.59424975
-0.63040935
0.77039076
-0.09651285
-0.1705361
-0.14798303
-0.03008257
-0.13147211
-0.20403369
-0.32269238
0.06048566
-0.30422509
0.26989693
0.02572924
-1.02204624
-0.02009292
-0.27437871
0.29258146
0.52016242
-0.75853915
-0.23153461
1.17890613
-0.47367898
-1.01622874
0.1500478
-0.47890877
-1.23536021
0.47725754
0.35213358
0.08574411
-0.0196408
-0.1654728
-0.11646236
0.10911998
-0.53894746
-0.16925835
0.35611333
0.11318904
0.61131842
0.54895886
0.37202248
0.11727954
-0.09443912
-0.20513081
-0.32617859
-0.05682051
0.39162466
-0.35709608
0.06939149
-0.20141058
0.06886992
-0.78784416
0.07263207
0.11486948
-0.47405196
0.39468637
0.14331574
0.1639216
0.33420304
1.02454422
-0.29260831
0.12276892
-0.92521087
-0.02813553
0.90929508
0.36960613
0.06515157
-0.51879507
-1.45974243
-0.28589659
0.32499564
1.32268647
-0.28373145
0.70608881
0.17637656
0.95898888
-0.57662662
-0.57555226
-0.05617634
-0.59927358
0.20006791
-0.09900892
0.26343258
0.52264781
0.36063202
0.12450319
-0.21481305
0.31826528
-0.30119896
-0.06668556
0.16409083
0.37215926
-0.3133928
1.15004365
-0.39276599
-0.31579621
0.32562085
-0.58067179
0.60016367
0.2206018
-0.46226593
0.93483371
-0.16799617
0.25543599
-0.14026237
0.12664621
0.29309871
-1.07672435
-0.18770803
-0.32802418
-0.47313843
-0.10884853
0.26971484
0.22310347
-0.0428479
0.41597102
-0.06351161
-0.41293708
-0.32426423
-0.16534386
-0.01059123
0.24057234
-0.24670626
-0.02122651
-0.35590211
0.24453571
0.1881403
0.1031544
-0.34642231
0.05429643
-0.2216423
0.19474736
-0.4242688
0.76983601
0.52315099
-0.07554042
0.09953874
-0.67826068
0.06243928
-0.02959964
0.18218935
0.50591135
-0.14500581
-0.71821398
-0.19429983
0.18928143
-0.22825044
-0.62137082
-0.26165981
-0.11818533
-0.34598408
-0.18386375
-0.20016387
0.57619975
-1.00344074
-0.04814447
0.17593561
-0.16069883
0.0914162
0.36345796
0.60106567
0.87399656
-0.13604426
0.31438529
-1.13897757
0.0583814
-0.05161647
-0.43458407
0.83175426
0.20594464
0.0942005
0.34258542
1.01050479
0.1695956
0.15202017
-0.20415984
0.02680142
0.07714113
0.17133591
-0.24919933
-0.43581407
-0.12299362
-0.95622723
0.99150394
-0.08406519
0.63044189
-0.31767009
-0.26725112
0.4006454
-0.75794262
0.28423753
0.36749569
-0.3505325
0.64790508
0.09458274
-0.02166759
0.72160096
-0.47852715
-0.95434792
0.40903319
0.37969895
0.76729975
0.31473535
-0.18219773
-0.1789382
0.95890616
-0.25932383
-0.00271875
-0.67973531
0.37053638
-0.16880548
-0.3884429
-0.85901173
-0.23101172
-0.82064757
-0.92620974
-0.32899565
0.25209688
-1.22724456
0.66172157
-0.4990131
-0.07783466
0.78183966
1.42331338
0.35853767
-0.30461763
-0.3045166
-0.32892252
0.51747238
-0.18644348
-0.52810986
0.0747567
0.32036125
-1.14435158
0.23032932
0.51801465
-0.22844013
0.24923951
0.30969894
0.23339089
-0.12847966
0.68982574
0.04501681
-0.0297853
-0.28216264
0.15231024
0.30214986
0.30489904
-0.20155388
0.85037851
-0.33407595
0.63499396
0.58441908
0.25652967
-0.81305882
1.04395427
-1.06485949
0.16530802
-0.84377398
0.39838085
-0.72222233
0.50589065
0.76853182
0.44940679
-0.85056847
-0.49102448
0.01631977
0.42672692
0.03624024
-0.0974462
-0.79584657
0.51283019
-0.23822593
0.47420122
-0.31534155
-0.39990729
0.36472614
-0.88181226
-0.24057679
0.2961551
1.05096837
0.56276232
-0.20851656
-1.54710923
0.27455339
0.19727631
0.29341823
0.52322169
0.66135682
-0.4328072
-0.29004694
-0.43033114
0.45479694
-0.06261217
-0.90270397
0.26277952
-0.39403987
-0.09705575
0.49112197
0.36240914
-0.42038625
0.77788177
0.12542132
0.05357703
0.05218986
-0.0303108
-0.04308722
0.68734625
-0.23925629
-0.86490013
-0.50945395
0.30843691
-0.26998351
-0.02744252
0.25163718
0.02379621
0.96759948
-0.05921975
-0.78577795
0.08963337
0.4161426
0.04653291
-0.25956069
0.34237725
-0.20489974
0.94483075
0.19716232
0.07001013
-0.49072874
-0.83126197
0.0565309
-1.09133298
-0.17723221
1.30140664
-0.19951257
0.55048968
0.28074807
-0.39904933
0.91398296
0.41096015
0.17069457
-0.3046747
0.74566836
0.14529771
-0.43159745
-0.32160886
-0.02461099
-0.45300372
1.18656356
-0.24007516
0.25606821
-0.39553241
-0.15582318
-0.02776005
0.49161305
0.37899843
-0.37426515
-0.61844187
-0.4787372
0.13492849
-0.66102019
0.01977206
0.06470353
1.36154131
0.08870908
0.40617585
0.1227733
-0.13258964
0.05136945
0.82136657
-0.21962677
0.05137649
0.21383541
0.10876913
-0.12044728
-0.19434998
0.36915358
-0.17094241
0.93462132
-0.04777451
-0.32859611
-0.49757591
-0.5682902
0.40946092
-0.58434419
-0.79116428
-0.20682974
-0.03493026
0.55526041
0.32093429
0.92787333
0.02067173
0.19005323
0.74887061
-0.74576514
0.75610083
-0.30543675
-0.09358959
0.04879249
-1.07726404
0.23467222
-0.68861403
-0.11798573
0.86065196
-0.32442719
0.79162648
-0.409206
0.56297115
0.60465413
-0.5895696
0.00847371
-0.40604383
0.19583477
-0.13502755
0.72506287
0.14369467
0.76884656
-0.48397009
-0.70414419
0.17183253
0.54222772
0.61509305
0.430984
-0.08266872
0.92051936
0.72560376
-0.82213801
0.39716845
-0.35598959
-1.0432082
0.35692512
0.01729273
0.11659033
0.36198703
0.13660262
0.78598399
0.31667783
0.05723015
0.13484179
0.17676393
0.35723109
-0.16786404
-0.40472455
-0.17328363
-0.0116077
0.0408604
-1.16777414
-0.5801633
-0.16740103
0.22616658
-0.39401975
-0.26020088
0.35421425
0.00797959
-1.68591923
0.23397012
-0.08674177
-0.71109447
0.5122665
0.92180025
0.68963244
0.02074237
-0.04426794
-0.3910131
-0.75802388
0.71024488
0.21190634
0.53390735
-0.27687863
0.20163486
0.22941174
0.47347531
0.79029303
-0.11227108
-0.46354469
-0.16564323
0.73792016
-0.25440993
0.48736582
-0.71638962
0.6227619
0.11115611
0.26845007
0.02634179
-0.30843956
-0.86802207
-0.48135513
-1.33144324
-0.0025787
-0.79420601
0.77575209
0.75390937
0.68551181
0.44865694
-0.5513162
0.30642429
0.28617899
0.46480332
0.83934066
1.02859863
-0.26819147
0.56932018
-0.31627952
-0.47557119
-0.36107827
-1.19908749
-0.22240318
0.09506952
-0.87914196
-0.00442006
-1.15368574
-0.09690043
-0.54247676
0.06782715
-0.43773345
0.54614813
-1.16206427
0.15945772
-0.70062585
-0.1238018
-0.95594874
0.9496647
0.07723996
-0.17435924
0.13100045
0.87503334
-0.07548855
0.89108215
-1.03837207
-0.01498016
-0.79764714
-0.26923607
0.32132916
-0.45304404
-0.7858203
-0.64989409
0.86223827
0.52453701
-0.4845219
0.19002731
0.30727248
0.30560511
-0.43732921
0.90445879
0.48095019
0.39067214
0.29963069
0.27001444
-0.06338097
-0.16293003
-0.04607771
0.2427528
-0.68539034
0.35725403
0.39938598
0.16291197
-0.077192
-0.34337269
0.7602371
0.50494457
-0.16176448
0.83759553
-0.01583348
-0.57783891
0.19912607
-0.83487166
0.06976075
-0.3476326
1.16201145
0.89928013
0.14588708
0.39506248
-0.10434477
-0.87908217
-0.31320906
0.10348638
-0.54480649
-0.09358438
0.66245406
0.48039047
-0.95050142
0.85488259
0.25888857
0.41526478
1.06141196
0.30401981
-0.09483566
0.38141609
-0.00515717
-0.21442617
0.13727894
0.07368562
0.17620551
-0.68446999
0.57537773
0.35491633
-0.34141152
0.54902077
-0.90266228
-0.72077351
-0.05188714
0.19953895
-0.27212527
-0.84902381
0.10559242
-0.06452368
-0.76480155
-0.46386647
0.24228789
0.05151734
0.12400531
0.6293724
0.06729694
-0.13350646
0.63567105
-0.53480541
0.42521981
-1.14454438
0.73461262
0.59773078
0.46813061
0.42789503
-1.26637273
0.23880272
-0.06002091
-0.73028466
0.45539345
0.48860674
0.60008142
0.31257143
0.10428681
-0.46377285
0.56006361
1.22934445
-0.30221426
0.19612788
-0.48540152
-0.21611738
0.76092239
-0.39353501
0.45056059
-0.5754783
0.01220377
0.26786076
-0.56620731
0.52087618
0.08634355
0.47262645
0.76596141
0.40035896
-0.19733427
0.48677941
-0.16745814
0.03781836
0.79514584
-0.36154014
1.22977874
0.23072284
-0.94910336
-0.34627285
-0.50125982
-0.07338146
0.16809771
0.05197304
-0.59815899
1.30320147
-0.05962819
-0.01336182
-0.17105891
0.27983137
0.32071724
0.1145084
0.82887164
0.59343753
-0.49075467
0.39221195
0.36840306
0.07230919
-0.03713158
0.43148497
0.05107779
0.13749894
-0.51877891
0.11903949
-0.68775902
0.60130983
-0.1611644
-0.44037818
0.8632674
-0.78323835
0.2895081
0.00511702
0.73428964
-0.39696691
-0.8067534
-0.00182351
0.16438762
0.42182496
-0.42747188
-0.09082429
0.45485507
0.55220387
0.12040956
-0.39249073
0.25388631
-0.37399327
-0.08737962
-0.72309732
-1.16815527
0.09882271
0.34081459
0.20832596
0.18573833
0.46404995
-0.39997028
-0.17931998
-0.72411348
0.9471675
0.54107286
-0.13001342
-0.05457538
-0.17158559
0.64643421
0.08114917
-0.40306347
-0.66147437
0.13302887
0.99153291
-0.33863179
0.3888981
