#Number of photons observed douring the burst: 25048
#Average flux [c/s]: 2219.5835179441738
#Average variability: 0.23099490359782815
#GRBbn100722096 temporal parameters: 
#                                   T_detection(MET)= 301457919.241842 s
#                                   T_start= -2.1069999999999998 s
#                                   T_end= 9.178 s
#                                   CCF campionation= 1e-6 s
#                                   Fit amplitude= 0.4 s
#                                   Used detector= 0 GBM
#                                   Variable bin size= 10 ph/bin
-0.00394993
0.0034845
-0.00034197
-0.0013029
-0.02070644
-0.04529259
0.00149662
0.01178661
0.00118689
-0.01999739
0.01250561
0.00951227
-0.01346115
-0.01049979
0.00754847
-0.02425557
-0.00020242
0.00547531
0.02802019
-0.01336857
0.01498914
-0.00841707
0.01881109
0.00569737
0.00362624
-0.01053005
-0.02209468
-0.00458523
0.00312351
-0.00982784
0.00282518
-0.01412125
0.00568907
-0.00704337
0.00206583
-0.00840784
0.03121037
-0.00471112
-0.00120882
-0.01179156
-0.00923878
0.00628217
-0.01170466
-0.00067868
-0.00857837
-0.00102173
-0.01588039
-0.01782414
-0.0162633
0.00437914
-0.00490771
-0.0093367
0.00234262
0.00632373
0.0034328
-0.00872427
0.0077464
-0.01966943
-0.00539005
-0.01505388
0.00437613
-0.00206627
0.00783736
-0.00599527
0.00891
-0.01802168
-0.00882193
-0.0029149
0.02054134
-8.642e-05
-0.00558882
-0.0161586
0.01509348
0.01480135
0.0036279
0.02113013
0.00455312
0.02346039
0.00512215
0.01446687
0.01187517
-0.00329891
0.0180816
-0.01751427
-0.0081677
-0.01751819
0.00581074
-0.00374627
-0.02372205
-0.00108955
-0.0123285
-0.0118988
0.00336222
0.00023509
-0.00429165
0.00122157
0.02606749
0.01942062
0.03664312
-0.01588646
-0.01765768
-0.00206292
0.01689897
-0.01078088
-0.00832792
-0.00071394
-0.01150279
0.0112398
0.00170095
0.00133508
-0.00275307
-0.00996637
0.01284795
0.00513171
0.00806877
-0.0096313
-0.00729037
0.00800788
0.00321336
0.02381383
-0.01219097
0.00978684
-0.01250994
0.02927167
-0.01229568
0.01205849
0.01000466
-0.02445301
-0.03127187
0.00278096
0.01256386
-0.00715887
0.00574311
-0.01152198
-0.00900396
-0.00589759
0.00903487
-0.00354149
-0.00626852
-0.00981957
-0.00266554
-0.02256855
-0.00834066
0.00910015
0.01326028
0.02062122
0.00111475
-0.00406432
0.00684118
-0.00253575
0.00027267
0.0020183
-0.00073319
-0.00805947
0.02090328
-0.00288116
0.01926752
0.01692378
0.00283009
-0.01670216
-0.01515847
-0.01191502
0.00500524
0.00192005
0.01332979
0.0089643
-0.01364295
0.01839195
0.02119065
0.01549116
0.00920426
-0.0092804
0.01527209
0.03332941
0.00575579
-1.103e-05
-0.01314011
0.0163034
-0.01840185
-0.00263328
-0.00433697
0.01374927
0.02415485
-0.01521173
0.0007232
0.00135075
-0.00267237
-0.01269489
0.02527789
0.00663629
0.01413407
-0.00801479
-0.00856121
-0.01551445
0.00440945
-0.0122568
0.01141457
-0.01208966
0.02645198
-0.00994118
-0.01458741
0.00244197
0.0001919
-0.0102727
-0.0023998
0.00437933
0.01356568
0.01181705
-0.00597857
0.01441435
-0.00657259
0.01962471
-0.01116299
-0.00172059
0.00344828
-0.0094572
-0.00528419
0.00908323
0.01784345
-0.00577055
-0.02397754
0.00496213
-0.01964667
0.01446988
0.01114378
-0.00493684
0.00893989
-0.0052854
-0.01568189
-0.00075235
0.01469738
-0.0243738
-0.00045204
0.01240679
-0.00040574
-0.01267199
-0.00107782
0.02744674
0.00520121
0.00192306
0.00666352
0.00331516
0.01095283
0.00660754
-0.0017343
0.00648214
0.00415566
0.00506041
0.01900047
-0.00690585
0.0128626
0.00926176
0.00116085
0.02411946
0.02558297
-0.00056869
0.00983235
-0.00552771
0.0268342
0.01543807
0.01770919
0.01327913
-0.00759332
0.0045974
0.02439141
0.01949627
0.0004701
-0.01989926
-0.00164168
0.01386756
-0.01558896
0.00239842
0.00621728
-0.00221229
-0.00378548
0.00778248
-0.02253928
-0.00267973
-0.01783472
-0.01777001
-0.00226759
0.02476375
-0.00614839
-0.01356225
-0.01842833
-0.01406955
-0.00670936
0.01048884
-0.01023008
-0.03065104
0.01880099
-0.01868283
-0.00612273
0.00521536
0.01329413
-0.00046247
0.00782296
0.00745389
-0.0089407
-0.03231083
-0.01917756
0.02125336
0.01024582
0.0055764
-0.0050127
0.00810856
0.01763469
0.00947168
-7.23e-06
-0.00136252
0.00940601
-0.01396286
0.01075197
0.00713041
0.00410585
-0.00589492
0.00484683
-0.0091352
-0.02149477
-0.00937433
-0.01122789
-0.00770468
-0.00750867
-0.00070922
-0.01486773
0.00480869
-0.01565413
0.00532098
-0.00507747
-0.00890862
-0.01464005
0.02882482
-0.0090255
-0.02713557
0.00542456
-0.03949619
-0.00412986
0.02813332
0.01995966
0.0090517
-0.00363087
0.00488822
0.02012354
0.02043752
-0.01387405
-0.00575265
-0.0058534
0.00930952
0.02617159
-0.00011174
0.00477983
0.01083044
-0.02253102
0.01489872
0.01548107
0.00391291
0.00587553
-0.01043705
0.0292865
0.00220404
0.00296549
0.00010021
-0.00201158
0.02073552
-0.00869169
-0.00730893
0.00544395
-0.01270279
0.02091411
-0.01701099
0.01736126
0.02044411
0.00345023
0.00939689
-0.00391318
0.01622587
-0.02882738
-0.02466861
0.00389642
0.00418062
-0.01799589
-0.01349628
0.00289277
0.00451691
-0.00939341
0.02038935
0.01319231
-0.00307298
-0.02434485
0.02040751
0.01010338
-0.01826961
-0.00583759
-0.01551471
-0.00464334
-0.0269333
-0.01982672
-0.01986836
0.02071329
0.00648608
0.00430238
0.00497884
0.00535103
0.02522516
-0.01623411
0.00254418
0.00879657
0.01427481
0.00629957
0.0156497
0.01914781
0.00178291
0.03213481
-0.00350805
0.00843897
-0.02816717
0.02079078
0.02059464
-0.01518067
-0.00808444
0.01618342
-0.00120017
0.00942015
0.03503683
-0.0227934
0.01436244
-0.01807858
0.02757777
0.00249233
-0.00070653
0.00100612
0.0304837
0.01513423
0.02007469
0.00079628
0.00982272
-0.01326028
0.01013205
0.01344924
-0.00084956
0.01922783
0.01822503
-0.01001821
0.0087127
-0.00401104
0.00218023
-0.00752214
0.01569211
0.0012466
-0.00581086
0.00743921
0.02056699
0.00050994
0.00543888
-0.01326545
0.01929179
0.00228297
0.00029644
0.00321269
0.00619753
0.0136142
-0.01567421
-0.00546
-0.00422523
-0.01196792
0.00416502
-0.0365875
-0.00872326
-0.0100211
-0.00155762
-0.00248973
0.00974196
-0.00512357
0.01437932
-0.00505028
-0.0020933
0.01294963
-0.0014472
-0.00090106
-0.01344815
-0.01316584
-0.00278674
-0.02057191
0.00874512
0.0233451
0.01082704
-0.00570594
-0.0192896
-0.01235422
0.00261616
-0.00754622
-0.03471629
0.00893326
-0.00932722
-0.01579394
0.00225157
0.01300009
0.00581209
-0.00886806
0.00058484
-0.01018995
-0.01765191
0.00252353
-0.00445154
0.00386852
-0.0227861
-0.00432854
0.00834203
-0.00944508
0.04129324
-0.00514766
0.02118372
-0.0144819
-0.01197771
0.01149063
-0.02526858
-0.01598123
-0.00481457
-0.01517309
0.0050532
-0.00667835
-2.45e-06
-0.01030458
0.0046734
-0.01030548
0.0290639
0.00648942
0.0098418
-0.01646277
0.00443709
-0.01658661
0.0124786
-0.012437
0.0113586
-0.00864562
0.01055945
0.01372493
-0.01164954
0.0263172
-0.00172623
-0.00077066
0.01962747
-0.00994996
0.02093015
-0.00837583
0.02193468
0.00719248
0.02258438
-0.00994863
-0.00808677
-0.00043628
-0.00290472
-0.00313216
0.00786423
0.01350621
-0.01948662
-0.00849272
-3.973e-05
-0.00369654
-0.02234591
-0.01101766
-0.02879476
0.01302937
0.02353083
-0.0132721
-0.0108073
0.01381255
-0.01161211
0.00551971
0.00870047
0.01048045
-0.00555017
0.00364992
0.00529832
0.00410567
0.00203228
0.00079353
0.01993852
-0.0013992
0.00402564
0.027474
0.01620769
0.00779432
-0.00796171
-0.00182197
0.00885755
-0.00097883
0.00839906
-0.00162948
0.02582996
0.00470442
-0.00970261
-0.0031447
-0.01687048
-0.00231687
0.01180231
-0.02028747
-0.00076376
0.00496064
-0.00350987
-0.00618236
-0.01306854
-0.01041081
-0.03478158
0.01270821
-0.00116606
-0.01306754
-0.02388519
0.01572046
-0.01349944
-0.03990932
0.00704578
-0.00846666
0.00599974
0.02664153
-0.0157944
0.01404047
0.01594903
-0.00123483
0.01315286
0.01136236
0.0136706
-0.01170707
-0.02371954
0.00891144
0.00464879
-0.02966888
-0.0020074
-0.0187617
0.00322962
-0.00240352
-0.00133033
0.01242492
0.00886926
-0.00768607
0.01098055
0.00263838
-0.00258792
0.00687409
0.02465549
0.02395655
0.00560934
-0.00989448
-0.0013453
-0.00779128
-0.00034751
-0.01471322
0.02086728
0.00724121
-0.01097734
-0.01116435
0.00474762
-0.00949171
-0.02518904
0.00464078
-0.00156663
0.00541292
0.01726938
0.00210196
-0.01513324
-0.0102474
0.01520174
0.00026201
-0.01806113
0.01078432
-0.01383625
-0.00488366
-0.02060778
0.00282236
0.02710986
0.00804148
-0.00573731
0.00908428
0.02960889
-0.02315148
0.00868858
-0.00605034
-0.01435058
-0.00282922
-0.03365537
-0.00860132
-0.01022042
0.00317338
0.00414785
-0.01931252
0.00589669
0.00203498
0.01709809
8.398e-05
0.01768203
-0.00104612
0.01387323
-0.01033601
-0.01226367
-0.01430338
0.02626272
0.01004942
0.00465937
0.00763535
0.00165116
-0.00075778
-0.00420998
0.00643923
0.02031846
-0.01354001
-0.00709884
-0.00302886
0.03031373
-0.02660612
-0.00933006
0.00361794
0.00580114
0.02207345
-0.00341447
-0.02482937
0.0174137
0.00395297
-0.00815988
-0.01954617
-0.01763075
0.03095854
-0.00615736
-0.00136085
0.0025627
-0.00121096
-0.00648051
0.00179224
0.0284328
-0.01442151
-0.00382642
0.01200166
0.02215216
4.01e-06
0.00716016
0.00042138
-0.00158307
0.02183736
0.02283803
0.02197292
-0.00592842
0.00096555
0.02413222
-0.00110082
0.00179548
-0.00259756
-0.01303992
0.01645947
0.01168341
0.00325489
0.00519238
0.02633925
0.02027892
-0.01404357
-0.01373844
0.02245917
0.00540117
0.00263291
-0.02995284
-0.02278898
-0.00603475
-3.67e-05
0.01400827
0.01920114
-0.00275393
-0.02068187
-0.01170358
-0.00599054
-0.0003567
0.00405944
0.00074099
-0.00534486
-0.0055981
-0.00164109
-0.00068351
-0.01621731
-0.01532521
0.01358608
0.02338479
-0.01495058
0.00829969
0.01090562
0.02552013
-0.0027479
-0.00232789
0.00237042
0.00298165
0.01997581
0.00645649
-0.01316989
-0.0036312
0.01015031
-0.01711257
-0.00972436
0.01282037
-0.00390748
0.01149078
-0.00877614
0.0033431
-0.01785596
0.00587207
-0.00712171
-0.01047948
0.00563159
0.01699916
0.01950654
0.0010729
0.01219805
0.00225507
-0.00561712
0.01066652
-0.00962236
0.01568341
0.00424199
0.00339784
-0.00951515
-0.01390088
0.01354691
0.00759268
0.03402807
-0.01737989
-0.00360952
0.00569129
0.02167844
-0.00284111
0.00474134
-0.02150742
0.01511662
0.01970009
0.03776669
-0.00389214
-0.00655008
-0.01198248
0.0141651
0.00421107
-0.00852686
0.01030972
0.0244076
-0.00307729
-0.01000387
0.00377193
-0.01160988
-0.01490826
0.00948608
0.00750609
-0.0010632
0.00882509
0.01684515
-0.00359924
-0.01137544
-0.00370169
0.00174188
0.01072467
-0.01608987
0.01981499
-0.00553516
-0.00172931
0.01990586
0.00986965
-0.00304616
-0.00661854
-0.01251051
0.01843725
-0.01112247
0.01433057
-0.01388894
-0.00297072
-0.02234302
0.00844654
0.02947869
0.02799302
0.01314177
-0.00042045
-0.00223191
0.00878296
-0.00397128
0.00133386
0.00347178
-0.00454563
-0.00062341
0.00105108
-0.00623326
-0.02155746
-0.01352202
0.01428783
0.01896305
-0.00108754
0.01259477
-0.01277418
0.01813419
-0.02860093
-0.02179487
0.00751904
-0.00138877
-0.0129351
0.00545037
0.01144932
-0.00427878
0.00097252
0.00511068
-0.00936757
-0.01153777
0.00172394
-0.02056762
0.01388774
-0.00692545
0.01025766
0.01952557
-0.01692725
-0.01834147
-0.01472756
0.01499537
-0.01992475
0.01095441
-0.01536458
0.00875418
0.00599442
-0.01414674
0.00506382
-0.02045544
0.00468015
0.02740416
0.02333064
-0.01571495
-0.01575204
-0.00921393
0.02326557
-0.00414029
-0.00726884
0.02171937
0.00348387
0.01493349
0.00820131
0.01775831
-0.00142792
-0.00543349
0.01154555
0.00619192
0.01100347
-0.00306335
-0.02676209
-0.01073748
-0.0117965
0.00055808
-0.02020854
-0.00777363
-0.0202711
-0.00875758
-0.00661558
-0.00973538
0.02369656
0.03598594
-0.02373552
0.01493677
-0.00208771
-0.00758928
0.00761927
-0.00483515
0.015902
0.01180712
0.01005197
-0.00030621
0.01663872
-0.02728596
0.00039389
-0.01546803
-0.00345969
-8.442e-05
0.01695388
-0.00549329
-0.01218133
0.00243906
-0.013721
0.02689168
-0.00087131
-0.00881837
0.00113423
-0.01404897
-0.00315946
0.0053096
-0.00491486
0.01556716
0.01009442
-0.00754888
-0.00206779
0.004489
0.0033939
0.00454153
0.00015827
-0.00153508
0.00421436
0.0042415
-0.01037849
-0.00843955
-0.00548989
0.01029937
0.00318502
0.00257853
5.899e-05
-0.01653182
-0.00516598
