#Number of photons observed douring the burst: 72653
#Average flux [c/s]: 1505.9177116799667
#Average variability: 0.030786480222868378
#GRBbn100511035 temporal parameters: 
#                                   T_detection(MET)= 295231798.230224 s
#                                   T_start= -2.124 s
#                                   T_end= 46.121 s
#                                   CCF campionation= 1e-6 s
#                                   Fit amplitude= 0.35 s
#                                   Used detector= 7 GBM
#                                   Variable bin size= 10 ph/bin
0.00114822
0.02642702
0.01832292
0.00568824
0.00971726
-0.03357183
-0.006499
0.01680899
0.00670051
-0.00402274
-0.01427152
-0.0082752
-0.02882728
0.00656458
-0.01853921
-0.0085858
-0.01657395
0.00654673
-0.03491861
0.02495258
0.02135176
0.00653719
0.02764657
0.00644477
0.00847284
0.00455592
0.01926713
0.00536527
-0.00188618
0.01919302
-0.03513779
-0.02495302
-0.01106842
-0.00401383
-0.00576156
-0.02778628
-0.01001604
-0.0209645
0.01332097
0.02781733
0.00125677
-0.03090933
0.02493866
0.0041306
-0.03770622
-0.01498361
-0.00873102
-0.00378657
-0.01445496
0.00264623
0.01996785
0.00482674
0.04059418
0.01084757
-0.00311257
-0.03655229
-0.03940822
-0.01268054
-0.02683269
0.00678385
0.00329587
0.00395542
0.01767202
-0.00041065
-0.00802493
-0.03971165
-0.00036461
0.00634087
-0.01140585
0.02144493
-0.03386422
-0.01705144
0.02494164
-0.03107525
0.00316482
-0.02932114
-0.00353525
-0.0264995
0.0140661
0.00229451
0.02568603
-0.01520728
-0.03211091
-0.00646355
-0.03752295
-0.0420823
0.03013243
0.02045639
0.04116586
0.00978504
0.05008731
0.03560616
0.0014572
-0.01342673
0.01584215
-0.00193394
-0.01369311
0.00482828
0.01846985
0.01970006
0.00328076
#999
0.01010453
0.04067773
0.00588713
-0.00814436
0.02858346
0.00156754
0.04817537
0.03403841
0.03132768
0.02599439
0.00326535
-0.00079812
-0.01174818
-0.0027412
-0.02930377
-0.00881044
0.00697689
-0.01122765
-0.01411192
0.0374261
0.01078614
-0.01521204
0.02514999
0.00363714
0.01983901
0.00598986
-0.01187102
-0.01107809
-0.00014813
-0.01441775
0.05627228
-0.01040765
-0.02950812
0.01003389
-0.00174814
0.00421925
-0.00819697
0.04173686
0.0263273
0.01062015
-0.0238125
0.01460814
0.02720426
0.01499511
0.00878404
0.00271641
0.03693372
0.02182765
-0.00410535
0.00849475
-0.00708664
0.00216741
-0.01475738
0.02041156
0.01484947
0.01777916
0.00725374
0.00483187
0.01731417
-0.00672295
0.00444717
-0.04069557
0.02351103
0.00955181
0.01611379
0.02136837
-0.02652033
-0.01319214
-0.00482546
-0.00086169
-0.02513305
0.01707984
0.02130609
-0.00192099
-0.01595014
-0.00895173
-0.03058731
-0.00815487
-0.02631993
0.00773338
0.042742
-0.03800305
0.00375775
-0.00050607
0.00926626
#999
0.01221843
0.00816438
0.0344086
0.00244538
-0.01446008
0.00843362
-0.02847794
0.01278151
-0.02315052
0.03106918
-0.01346449
-0.00551066
-0.03391879
0.00306331
0.00086617
0.00570359
-0.05204184
-0.00944721
0.02861777
-0.01763618
-0.00993921
0.02864982
-0.00481986
0.0119263
-0.03809101
0.01313131
0.0108776
-0.00598192
0.00531628
-0.01557504
#999
0.02382323
0.0163796
-0.02363907
-0.03104688
-0.02228767
-0.01328415
-0.01132782
-0.03007038
0.00690632
-0.04324224
0.03173463
-0.01028205
-0.01039533
-0.03717805
0.00568656
-0.00745734
0.03366487
-0.03554489
-0.02088173
-0.01914531
0.02533131
-0.02248097
0.02403654
0.02074792
0.01402953
0.05996591
0.02169686
0.02571207
0.01071229
#999
-0.00678579
0.01109583
0.00728035
0.00609384
-0.00711608
-0.01584362
0.02042084
-0.01034913
0.02496
-0.02892735
-0.00197946
0.00050057
0.00356962
0.00775823
0.01118162
0.0197907
-0.04880655
0.02270642
0.02028448
0.01122832
0.03164357
-0.03846647
0.00793374
0.00124787
-0.03462578
0.00484656
-0.02986704
-0.01500816
0.03235478
-0.00501537
0.00875577
0.05134577
-0.01940292
-0.03663829
-0.02450341
0.02598933
0.02489003
0.01366688
0.00305657
0.00269057
0.01898609
-0.00885402
0.01601746
-0.05935982
-0.01617401
0.01345933
-0.01176199
-0.00125974
-0.00814465
0.01744418
0.00430636
0.01988643
-0.02230492
0.01098207
-0.04211464
-0.0472707
-0.00944628
-0.0141611
0.00584572
0.02784568
-0.00560261
-0.00833842
-0.02511437
0.02935257
0.02558377
-0.0007883
-0.00469603
0.00532143
0.05793143
0.01476754
0.0082707
0.0340831
0.01095242
-0.00274733
0.04438413
-0.02268561
-0.01101728
0.01135081
0.01018878
-0.00543263
-0.0039356
-0.00248682
0.03358417
-0.00666127
-0.02517467
-0.03369619
-0.02297933
0.00240475
0.01680066
-0.02520881
-0.00549104
-0.02410778
-0.0018205
-0.00801739
-0.00709677
#999
0.00636902
-0.00561294
-0.03194536
-0.04337549
-0.01918723
-0.01635723
-0.03000897
-0.00777671
0.00309949
0.00575524
0.01398981
0.03030932
-0.00389196
-0.03402525
0.00138159
#999
-0.01082292
0.04243724
-0.03611299
-0.0219405
-0.03823412
0.00900854
-0.03256839
-0.01799894
-0.02337373
0.00242186
0.00185688
-0.02718984
-0.00981846
-0.03828705
-0.01335054
-0.00110015
-0.02801495
0.00146685
0.02046566
-0.00990777
0.00202611
-0.02034327
0.00991665
0.00636251
0.02517331
-0.01141398
0.00324661
-0.00447059
0.01197044
-0.0041755
-0.00635243
0.03385577
0.00641269
-0.00622003
-0.04501016
-0.03122058
0.00440187
0.01628528
0.00877441
0.00480208
0.0456354
-0.02255456
0.01688564
0.02109277
0.05227444
0.00268189
0.00407084
0.05855021
0.00828907
0.02702759
#999
-0.01502144
-0.02217761
0.00700024
-0.01449173
-0.0195055
-0.01325238
-0.0270081
0.01778482
0.00943111
0.03295136
-0.02859506
-0.01076127
-0.00311328
0.01847285
-0.03526399
-0.00228798
0.00244766
-0.01469062
0.0193417
#999
0.02381686
0.02187087
-0.01498474
-0.0103286
0.03163961
-0.00952767
-0.01185297
0.01147427
-0.00012664
0.02424898
-0.03042754
0.01813201
-0.0034943
0.01116477
0.03177371
0.00029642
0.00867672
0.01222185
-0.01997967
0.05152402
-0.00104451
0.00360997
-0.02554317
-0.00574291
0.01355936
0.01770262
0.00933555
-0.01185485
0.02680199
-0.01033952
-0.00926149
0.02179749
0.03100278
-0.01064657
0.0294849
-0.00569185
0.00621055
0.03583604
-0.01988436
-0.00117997
0.00876756
-0.01523527
0.02159541
-0.03232046
-0.01667454
-0.01867463
-0.00248713
-0.00899318
0.02322167
0.0198675
0.03425081
-0.0023609
0.00750661
-0.03951961
0.00432537
#999
0.01705094
0.00441062
0.03249874
-0.01623601
#999
-0.00928824
-0.03820983
0.00498911
0.01405987
0.00317549
-0.00336361
0.00288717
0.01530907
0.0208052
0.00463193
-0.04532939
-0.01238429
0.01342897
0.00791691
0.02156525
0.01783993
0.00794574
-0.02126211
0.00438972
-0.00657375
0.01394118
-0.03088103
0.01086122
-0.03477191
0.02094316
0.00637538
0.00348152
0.01737933
-0.0180216
0.03528372
-0.01336986
0.01596573
-0.01828364
-0.00439438
-0.00945464
0.02034522
0.01294647
0.01413521
0.03539683
-0.01780076
#999
-0.00234893
-0.00557191
-0.022467
-0.03715315
-0.01676069
0.01620301
-0.03608605
0.03056124
0.01491948
-0.01086774
-0.02600422
0.01744459
-0.02711155
-0.01349126
-0.02619614
0.01980392
0.01861761
-0.04087389
0.01806538
0.03782787
0.00738157
0.04490829
-0.00935344
-0.02676989
0.00841608
0.01285948
0.00920945
-0.00110577
0.00350445
-0.00635787
-0.04336542
-0.00762885
-0.01037246
0.01509086
-0.00977883
0.02250537
0.01658983
-0.02318043
0.03094539
-0.03468776
0.01929121
0.01455101
-0.0060382
-0.04057425
-0.03896988
-0.00162301
0.01753459
-0.0479998
0.0051827
0.01548639
0.03676217
-0.02313999
0.00274003
0.00659654
-0.02211031
0.0209171
-0.02002709
-0.00371741
-0.01454827
-0.01682998
-0.01051592
-0.00471149
0.01109865
-0.03027108
-0.002364
0.02266423
0.01453697
-0.02186116
0.00959952
-0.02588468
-0.0333442
-0.01265089
0.00959363
0.00983828
-0.00154613
-0.02038998
0.03372058
-0.02125953
0.04210288
0.00231259
0.02526227
0.01518522
-0.04575406
0.01831453
0.0192189
-0.0174976
0.01912107
-0.02554942
-0.02389255
0.02335109
0.02301654
-0.0216255
-0.0027606
0.0076757
0.00448048
-0.01938032
0.01098373
0.02161579
0.02473475
-0.00310491
0.02974912
0.0304388
-0.0209219
-0.00684844
0.02857639
-0.02328115
-0.04314226
-0.00653843
0.01722997
-0.01069024
0.00918122
-0.00523289
0.00075083
-0.0341965
-0.0118307
-0.0548584
-0.00526681
0.02313025
-0.01800628
0.00363267
-0.01537954
0.02353112
0.0052817
0.02502164
0.01798631
0.02611858
-0.04340432
0.00873693
-0.0526678
-0.00179167
0.06190384
0.00899231
-0.02305532
-6.598e-05
-0.00289633
-0.02142188
-0.02586545
-0.01257908
-0.02188329
-0.02106733
0.0547557
-0.02144076
0.05565329
-0.00618094
-0.00241018
0.00019076
0.01131542
-0.0114394
0.01928739
0.02333252
0.03985634
0.03087777
0.02592696
0.03268752
0.02195954
0.03484736
0.00779961
-0.00593381
0.0200874
0.01590377
-0.00462309
0.01827339
-0.01257476
-0.01031855
0.01363763
0.05444108
-0.01189722
0.02288042
0.00032109
-0.01882588
0.00090853
-0.02502877
-0.05333627
0.0132322
-0.01538444
-0.00481354
0.00403596
0.00512446
-0.01503783
0.00026676
0.01374704
0.05277393
0.04315642
-0.01389566
-0.01827713
0.0424019
0.00930889
0.00237418
-0.02511796
-0.00767251
-0.00640718
-0.04146999
0.03220023
0.01135273
-0.03250365
0.00982157
-0.01614377
-0.01018929
0.01296309
-0.01454429
-0.04356185
-0.01352088
-0.00586056
-0.00179129
-0.01300653
0.03840115
-0.02358566
-0.03386471
-0.00977556
-0.01662961
-0.02111143
0.02917075
0.00175059
0.019011
0.00411344
0.0329835
0.00922604
-0.01289343
0.03809463
-0.00492996
0.03862371
-0.0004562
-0.00262732
0.02419844
0.01904518
-0.02990757
-0.02158635
0.00787575
0.00788929
0.02260248
0.05891048
0.01567957
-0.00720508
0.04220426
0.02646644
0.04767653
0.03358149
0.0072543
0.02243687
0.02204615
0.0060415
0.01481927
0.00518675
-0.00441411
0.00022891
0.03684007
0.02323859
0.02345433
-0.02560617
0.0081725
-0.00307005
0.03174938
-0.01639086
-0.06132781
-0.02752793
0.04807423
0.02338651
-0.00326116
0.02127729
-0.0421395
-0.01082191
-0.00571288
-0.00538256
0.00757567
-0.01752418
-0.01612513
-0.00402864
0.01255715
0.02065297
-0.01862513
0.02156518
0.0105688
-0.00895469
0.03726575
-0.0246751
-0.01532664
0.01325574
-0.00032042
0.01084371
-0.05813507
0.02264544
-0.0042367
-0.02272387
0.03505044
-0.01108111
-0.0556239
0.01153075
0.01269515
-0.00498175
-0.01122304
-0.01528186
-0.01944827
0.03296476
-0.01695786
-0.00880637
-0.0091032
0.01395003
0.01249507
-0.02487015
0.00211188
-0.00316077
-0.01014087
0.0105223
0.0306168
0.0197149
-0.04070411
0.03687067
-0.00375669
0.02206345
0.00567928
-0.00126737
-0.00236022
-0.00237348
#999
0.03719926
-0.0154715
0.00952306
0.0002093
0.03899059
0.00617519
-0.02176236
0.02963111
-0.04590871
-0.02143152
0.01184832
0.02256768
0.01206201
0.03702918
0.00885947
-0.02752424
-0.01267163
-0.03512012
0.02479638
-0.03626113
-0.03176632
0.01175027
0.05152978
-0.0051015
0.01797382
-0.01597259
0.01278317
0.0028225
0.00192452
0.03095394
-0.02743241
-0.01462353
-0.06483539
-0.02855408
0.01261685
0.03053479
-0.02411338
0.00265086
-0.01082677
0.02036007
-0.02781317
0.00343753
0.02792108
-0.02638467
-0.01729105
0.04949025
-0.0315177
0.03680743
0.04867711
-0.01576383
-0.03675196
0.02220429
0.00658813
-0.00731014
-0.02924184
-0.04131058
-0.01527422
0.02353768
0.02482772
0.02222119
-0.04457869
0.01271803
0.01124784
-0.02494585
0.02072351
0.05525188
-0.02570624
0.06672784
0.00407437
0.01499104
-0.0196857
0.01666562
-0.00567739
0.00111209
0.03559722
-0.02975025
-0.02892679
-0.00067573
-0.02250852
-0.04172019
0.0020818
-0.00718307
-0.00868305
0.02418368
0.03346096
0.0079347
-0.00932986
0.02410309
-0.01100276
-0.02814827
-0.02358222
-0.03236591
-0.01767941
-0.02195541
0.00184036
-0.00647125
0.04069779
-0.02399935
0.01386906
#999
0.00145341
-0.01662364
0.00868177
0.05140203
-0.02271283
-0.02392726
-0.00343519
-0.02851038
0.03664036
0.0179782
-0.02272177
0.00859791
-0.01626961
0.00311063
0.00444999
-0.0033499
0.01664925
-0.01838865
-0.00870872
-0.04223311
-0.01355924
-0.0336371
0.02662286
0.01512041
-0.01557961
0.00863312
-0.00919552
0.01554167
0.00745232
-0.0077781
-0.0138179
-0.00139558
0.00204531
-0.01647066
0.00990872
0.01172525
-0.04411795
0.00442944
-0.01103503
-0.00259897
-0.02490957
-0.01116024
0.00106581
0.00944603
0.00052378
0.03362503
-0.01396276
0.00245132
0.00121581
-0.0446213
0.00338914
-0.05467125
