#Number of photons observed douring the burst: 47909
#Average flux [c/s]: 1363.3750711439955
#Average variability: 0.03794090716348303
#GRBbn110813237 temporal parameters: 
#                                   T_detection(MET)= 334906852.931306 s
#                                   T_start= -8.02 s
#                                   T_end= 27.119999999999997 s
#                                   CCF campionation= 1e-4 s
#                                   Fit amplitude= 1.5 s
#                                   Used detector= 6 GBM
#                                   Variable bin size= 10 ph/bin
-0.2265502
0.03721387
0.26316306
-0.13209519
-0.08952841
0.11643801
-0.07512516
0.07450355
-0.15637651
-0.02555839
0.12839787
-0.07690396
0.02538402
-0.36029662
-0.40527047
0.15017825
0.01782747
-0.1763407
0.00896484
-0.10889371
-0.29506995
0.12621769
0.26599067
-0.06179008
-0.06390069
-0.09857977
-0.23743882
0.08234853
0.11260157
0.25813087
-0.08504639
-0.25086102
0.04886834
-0.10340026
-0.29297062
0.32880926
-0.0717968
0.24580746
0.10053573
-0.06012863
-0.11052992
-0.09814633
0.02723107
0.11860521
0.13012053
0.05696654
-0.21629979
-0.12590489
-0.21456593
-0.03007886
-0.10321568
0.17555494
0.1285415
0.01039056
-0.15827301
-0.13008878
-0.06088943
-0.13958483
0.05920413
0.0917853
0.07649189
-0.1889439
-0.28905979
0.12484576
0.17837028
0.03842748
-0.21586115
-0.21499201
0.04081031
0.03050694
0.24367572
-0.04983655
-0.08738965
0.16799167
-0.11114279
-0.10467782
0.03415934
-0.07434544
0.08913039
-0.2239529
0.03531467
-0.1484484
-0.06116829
-0.15545893
0.40476873
-0.14171514
0.13565911
-0.1121399
0.02894682
0.07306865
-0.0276199
0.09080845
0.27964559
0.26073608
0.01521613
-0.13959113
-0.18485047
-0.10233909
-0.23605523
0.01949577
0.04613895
#999
-0.05486968
-0.05082799
0.02895163
0.20998665
#999
0.06288558
-0.15688441
0.07560108
0.14038662
0.02753921
-0.04751128
0.17840211
0.12170566
0.01599805
-0.22641326
0.16716475
0.06039184
0.33818294
0.11899653
-0.09282123
-0.00754571
-0.10425042
-0.04737097
-0.02762761
0.05550322
-0.17560659
0.05751444
-0.12616364
-0.25014785
0.07890266
0.19796076
0.02878435
-0.07933006
-0.27665438
0.05798718
-0.1512003
-0.12002464
0.10393045
0.09433116
-0.07222902
0.02632606
0.01672285
0.20193025
-0.20363889
-0.00213532
-0.03159005
0.22191234
-0.15419399
0.01694918
0.17794275
-0.0123204
-0.01335842
0.0318537
0.07796134
-0.08474606
0.11136411
0.26298411
0.08057209
0.00924281
-0.0421947
0.00569138
-0.06292105
-0.12033265
0.17613919
-0.09107889
-0.23733176
0.06837386
0.10035289
-0.0140667
0.23289686
-0.10414391
-0.03060537
0.22250481
-0.05813763
0.01666851
-0.08482542
0.14818889
-0.04004639
0.02953924
-0.13988047
0.0387322
-0.17474853
-0.0456711
0.16537408
0.24374126
-0.04509169
0.04016014
0.10839689
-0.05446797
0.09010674
-0.09080649
-0.13222404
-0.06002235
-0.02355827
-0.12437616
-0.05918331
0.26353547
-0.3441617
-0.00455207
0.17257768
0.25605971
-0.17698898
-0.06678995
0.002098
0.04008181
#999
-0.08214493
-0.08615449
-0.07167804
-0.0063578
0.04572703
-0.30066932
0.09146094
0.15425681
0.11611145
-0.2304218
0.29784288
-0.15890254
0.24244508
-0.29020643
-0.24973401
-0.01926014
0.01331338
0.02213093
0.1834166
0.15153337
0.15076955
0.34761892
-0.03761721
-0.02906126
-0.07682375
-0.10115229
0.07862427
0.12358019
-0.08979801
0.08726489
-0.04017968
-0.21712112
0.03222711
-0.08196168
0.14845309
-0.00788651
0.00095382
-0.29662477
-0.07105176
0.18660181
-0.20226748
0.13411141
-0.06839429
-0.07383374
-0.06957176
-0.13801035
0.01051948
0.16255092
0.05126447
0.1648383
-0.01525094
-0.08939468
-0.20768995
0.16452947
-0.05053446
0.2780362
0.0865103
-0.01148884
#999
-0.07861886
0.12960166
-0.06327587
0.02658507
-0.0203896
0.09677295
0.00130546
0.0109101
0.00953092
0.08178108
0.09151656
-0.13826047
0.2143971
-0.1602178
0.06773103
-0.18598494
-0.17516169
0.01198246
-0.02678651
-0.16685404
0.12132362
-0.00411575
-0.14537602
-0.0836174
0.10495322
0.10903012
-0.3740913
0.01896296
-0.23325275
0.16527614
0.0430655
-0.08489486
0.27152797
0.11624006
0.01305565
-0.20032361
-0.1441352
-0.06424592
-0.17826471
-0.04476315
-0.25409009
0.27693384
0.12587726
-0.05931763
0.01107988
0.04496932
#999
0.07294359
#999
-0.28263059
0.147921
0.15964656
-0.07180967
0.01812934
-0.1487408
0.11797954
0.09637249
0.01713374
0.06263343
0.05204853
0.05397849
#999
0.13718744
-0.03400603
0.12585274
0.01606307
0.07653476
-0.05645997
-0.35568282
-0.06402818
-0.1989417
0.05432859
0.12596649
0.04517835
-0.08875715
0.09853106
0.15055863
0.01136435
0.2562053
0.09432651
0.22538333
-0.00574046
-0.21949686
0.03584124
-0.0238721
-0.03262471
0.16301554
0.03352775
-0.16774729
0.00555399
-0.06777156
-0.11698611
0.09032374
0.21203213
0.07401747
0.13370024
-0.35296097
-0.08859341
0.30733267
-0.04604396
-0.04406385
0.09585644
0.20595124
0.00013754
0.16873004
0.09157362
-0.12349164
-0.19140966
-0.00546246
0.18231244
-0.1112627
-0.15998027
-0.04436407
0.29524314
0.19292627
0.09459202
0.01829016
0.02091751
-0.04483806
0.10492002
0.29744151
0.0728056
0.0136285
#999
-0.11462947
0.02515887
-0.12862569
0.28042741
-0.01110486
0.16714863
-0.15217644
0.24535306
-0.12696054
-0.16007983
-0.08683827
-0.16576573
-0.10197715
-0.24269374
0.11462712
-0.08282186
0.03617713
0.08907134
0.03631805
0.00641794
0.05000139
#999
-0.0535973
0.12406145
-0.02957669
-0.09120312
0.06218465
0.07468848
0.02558386
-0.05767286
-0.15880883
0.16259642
0.00392393
-0.12354715
0.03599947
0.06120849
-0.09185546
0.01882828
0.10168141
-0.06513817
0.18334164
-0.03216855
-0.2221151
0.02529832
-0.11416392
-0.1431942
-0.21726806
0.12923551
0.12864189
-0.04007836
-0.20361106
-0.14161486
0.08099295
-0.03977037
0.03359736
0.32571078
0.06236927
0.02250544
0.04805518
0.05720035
-0.03832837
-0.01560826
0.07926146
-0.04191217
0.12394425
0.00181017
0.00438469
0.01701102
0.03856244
-0.05702198
-0.008243
-0.05848865
0.15661796
-0.27116673
-0.01746204
-0.19312126
#999
0.07979843
0.21613241
-0.08267887
-0.04300584
#999
-0.14530592
-0.23966869
#999
-0.07205091
0.02059675
0.21004293
0.11924241
-0.02079556
-0.07880745
-0.09292358
-0.25182098
-0.11720954
0.16107286
0.30893867
0.13843481
0.09541685
0.05437485
0.02797297
-0.18229127
0.08685703
#999
-0.18028408
0.16436172
-0.2376686
0.20085619
0.0217974
0.13105451
-0.17895081
-0.05087837
0.21259053
-0.13864524
-0.12710722
-0.1447209
0.09790281
0.0955143
-0.11169652
0.05906674
0.0226436
0.11085768
0.07091331
0.05494235
0.00680096
0.17249736
0.11258934
-0.03696648
0.00204606
0.00512136
-0.02750037
0.16800277
-0.19384892
-0.20145764
0.14521245
-0.06699225
-0.01636804
0.02227855
0.19538984
0.08954347
0.05566288
0.04118174
-0.26055017
-0.14650002
#999
-0.1218238
0.12696611
0.08968439
0.07179579
-0.03238826
#999
-0.00378875
-0.08911272
0.2367898
-0.13997604
-0.12747177
0.15959328
-0.15636439
0.08260908
-0.2942256
0.21876697
-0.0077868
-0.02743001
0.09600604
-0.40662403
-0.11717148
-0.21960112
-0.04516079
-0.0599662
-0.15390131
0.11390435
-0.11130204
0.12898512
-0.31593809
-0.22400082
-0.24849472
-0.32583578
-0.06585049
-0.07728795
-0.2104638
#999
0.05083336
-0.21237242
0.07058523
-0.16678252
-0.22177656
-0.17829859
-0.02727599
-0.08604884
-0.15728665
0.10627653
-0.1587314
-0.11582818
0.01115698
0.08020775
-0.22430162
0.21935319
-0.15620007
0.03261567
0.166831
0.07117402
-0.02693156
0.14873664
0.12507059
-0.13205353
-0.15741751
-0.02886482
-0.07468013
-0.11661848
-0.24733719
0.1517632
0.14369587
-0.13643255
0.18051566
-0.03377664
0.29692508
-0.0272477
-0.02836105
-0.06861327
0.10007501
0.12835447
0.04919249
-0.18135156
0.08239278
0.0339101
0.10231725
-0.37418135
0.20184084
-0.36578556
0.01362845
-0.03323427
-0.06183697
-0.17701256
0.14835543
0.05878494
0.10944681
0.11142393
0.01041185
0.20673912
0.25903557
-0.03850549
0.0331425
-0.13685384
-0.06865425
-0.17741523
-0.11429558
-0.14723518
0.26355798
-0.36376367
-0.12891698
0.08712431
-0.03059097
0.06262936
0.03750079
-0.07837058
-0.06349069
0.13616945
0.02036204
0.0717002
0.07335005
0.09397019
-0.22481053
-0.1394243
0.03112381
#999
0.15999562
0.30585298
0.159752
0.0197432
-0.03287235
0.21547086
0.06695803
0.28848256
0.33920598
-0.04018544
0.31864915
0.10933111
-0.09431017
#999
0.16197119
-0.18845943
0.14171763
-0.10076295
-0.00759792
0.09923002
0.19138513
0.23599439
-0.13166357
0.0005199
-0.19145283
0.11574196
0.21374287
-0.29318989
0.13041933
0.1586552
-0.17548644
0.09184309
0.14533765
-0.03180275
-0.01188918
0.17558804
0.12231532
-0.11019307
0.00063917
0.27249761
0.0270428
-0.13022399
0.14182938
-0.14400778
-0.07932372
0.20660864
-0.04057733
-0.23507318
0.03381032
-0.03618984
-0.00146284
-0.31948079
0.2446809
-0.03680274
0.15052441
-0.0379729
-0.25612782
0.04301335
-0.10754309
-0.17418257
-0.04812054
0.10779008
0.08528981
0.15003187
-0.1478348
-0.02669381
-0.18496563
0.06314205
0.07481564
-0.20235385
0.0155631
-0.0358126
0.08670755
-0.01166047
0.01145464
-0.0791542
-0.37032516
0.15454596
0.01259266
-0.2005979
0.16504741
0.05703738
-0.09640678
-0.10973698
0.04561852
-0.20577069
-0.15121893
0.07052918
0.24003776
-0.15294683
-0.14363833
0.23526751
0.01026178
0.11663308
-0.01980412
-0.13213121
#999
0.20675998
-0.05904703
0.08555988
0.1041973
0.18146674
-0.32321611
0.14346482
0.00328793
0.27460683
-0.0570602
0.07804713
-0.16112531
-0.15609705
-0.03150062
0.3005805
0.02689992
-0.06778455
-0.28088451
0.07562993
-0.19957066
-0.1676121
#999
0.05714499
-0.16813377
0.17869503
-0.01252884
-0.25705991
0.26679386
-0.01752843
-0.07128985
#999
0.26388758
0.17249466
0.11759331
0.08774941
#999
0.14414483
0.20779694
0.13505647
0.20864451
0.12338752
0.0017561
-0.12202753
0.20278458
0.14490595
0.20493659
-0.12282964
-0.0719056
0.09835051
-0.18389805
0.02400406
0.09202843
-0.05867759
0.00173474
-0.1885623
-0.12796975
0.1115812
-0.01653465
#999
0.07490219
-0.04747795
-0.02314997
0.32770709
0.27834185
0.15127682
0.10882942
-0.15939472
0.13490538
0.04397645
0.09975599
0.14676301
0.13977027
0.23967948
-0.00498779
0.02317002
0.04092751
-0.20081263
-0.21587868
-0.25129138
-0.08720185
#999
-0.10937927
-0.09419891
-0.18890488
0.02753388
-0.35900051
-0.2968791
-0.14168258
-0.13898254
0.13417645
-0.0409617
0.24665037
0.09037851
-0.05503092
#999
0.10386615
0.21067375
-0.02778579
-0.03829928
0.25032725
0.44213604
-0.1152099
0.2692158
-0.13773202
-0.08355277
0.13119546
-0.05894676
-0.12457317
-0.06701953
0.16957049
0.1576767
-0.0233467
0.05140355
0.2805457
-0.09370047
0.22989072
0.25338206
-0.0820048
0.30521844
0.4958712
-0.03653618
-0.03319227
-0.04391362
0.10218371
-0.00116269
-0.09052021
0.02137944
0.40193236
0.11010312
-0.02857638
-0.01451382
-0.14444276
-0.11563592
-0.04243471
0.11098951
0.09575949
-0.3091119
0.01040537
0.12385403
-0.00991283
0.0840313
0.26099544
-0.03219718
#999
-0.05374694
-0.0526539
-0.13317032
0.02238694
0.11629784
0.02049273
0.06146205
-0.17137997
0.19804491
#999
0.07548653
0.03103466
0.13711193
0.02989413
-0.00255614
-0.04624767
0.06067163
0.04472904
0.21198939
-0.09129775
-0.15271954
0.23923545
0.12322304
-0.12966068
0.11420335
0.0124221
-0.05317497
-0.03159246
-0.1240604
0.24322426
-0.04081312
0.19646728
-0.18254404
-0.02502198
0.06184893
-0.09265876
0.18926086
0.23608829
-0.07838531
-0.28948624
-0.12344374
0.00272236
0.2821861
-0.06179505
0.15362178
-0.0388067
-0.22902459
-0.30598195
-0.09767551
0.10071268
0.05514674
-0.20805909
-0.02852343
0.07863389
-0.13071873
0.17626035
0.11116819
-0.11611092
-0.14675866
-0.39324941
-0.1435642
#999
-0.01535423
0.03989309
-0.09761759
-0.26391568
0.20099878
0.35168108
0.19441172
-0.12544798
-0.04689782
#999
0.04920549
0.11654909
-0.0347232
-0.0890741
0.16807814
0.05757215
0.20719771
0.14215397
-0.04285503
-0.11306228
0.19584468
-0.10106033
-0.12501096
0.07574328
-0.26414251
-0.16927317
0.05493467
-0.00705026
#999
0.2688007
-0.22879148
0.00757666
0.24836302
-0.09634491
#999
-0.05834082
-0.40283111
0.06510204
-0.11995926
-0.11555038
0.08565028
0.30559021
