#Number of photons observed douring the burst: 19494
#Average flux [c/s]: 1831.454340473506
#Average variability: 0.1314107432502582
#GRBbn100225580 temporal parameters: 
#                                   T_detection(MET)= 288798933.343136 s
#                                   T_start= -2.684 s
#                                   T_end= 7.960000000000001 s
#                                   CCF campionation= 1e-4 s
#                                   Fit amplitude= 999.0 s
#                                   Used detector= 3 GBM
#                                   Variable bin size= 10 ph/bin
0.16523233
-0.0696863
0.02148744
0.11961911
-0.05479254
0.25206408
-0.02106197
0.02994465
-0.00799647
-0.10612881
-0.10640312
0.11044054
-0.10796527
-0.03365233
0.00704522
-0.02988969
-0.05652755
0.00438047
-0.13231029
0.19544244
-0.10868885
0.25967235
0.01220386
-0.0695364
0.02754447
0.12864601
-0.16098646
0.00405493
-0.13641478
0.10174924
0.06731648
0.04860651
0.00132773
-0.24620271
-0.18172378
0.06075544
0.22992509
0.12167531
0.13780202
0.06012247
0.05086326
0.23774317
-0.04971766
0.23340994
-0.46567019
0.08129712
-0.12357159
-0.172928
-0.07207811
0.18619509
0.09582804
0.23558715
-0.1765915
-0.29702187
0.24717681
0.14056546
-0.04507133
-0.04684716
-0.20991141
-0.19637596
0.25772664
-0.12589201
-0.00045581
-0.19792945
-0.09595969
-0.0812881
0.03319346
-0.05480207
0.05713495
-0.06806372
0.15560451
-0.11295106
-0.05709355
0.08594026
-0.04309104
0.2215801
0.13076759
-0.13437193
-0.09807011
0.05592305
0.16967848
-0.05222344
-0.25580205
-0.24504432
0.02212495
0.18987341
0.10603795
0.0218316
-0.01962607
-0.19082936
0.30382448
-0.03457608
-0.03167048
0.15915132
-0.0155678
-0.02057877
-0.1225544
0.06760239
0.17324235
-0.16337396
-0.02009138
-0.09504175
0.14396757
-0.13171424
0.2077556
-0.06602101
-0.07363467
0.03242882
-0.09782522
0.33189869
-0.01036332
-0.10596681
0.16722363
-0.16688618
-0.04053488
-0.22899508
0.05011697
-0.06818163
0.04868672
-0.09187268
0.13945405
-0.13330312
-0.05055969
-0.08623518
-0.12060799
-0.13110433
0.06441399
-0.08156735
0.01449414
-0.00214695
0.18656334
0.15751915
0.05275021
0.06141815
-0.03259879
0.17574062
0.09069762
0.00197865
0.11438747
-0.14289606
-0.07098167
-0.01853591
0.05716887
0.07243597
-0.05576088
0.11704328
0.01046104
-0.12197324
-0.19698711
0.02230629
0.15490369
0.12308609
0.00245752
-0.16210058
0.00283813
0.05645757
0.08859069
-0.30907865
0.09634391
-0.10475617
0.03613312
0.1390296
-0.10875076
0.05338165
0.18141457
0.16599523
0.04254398
-0.01636411
-0.19830327
-0.15364462
0.08269147
-0.06750749
0.01708748
-0.00917424
-0.24310029
-0.03003431
-0.04608938
-0.03560675
-0.04661538
-0.13483458
-0.11818474
0.05444476
0.057826
-0.0682845
0.10866185
0.14741473
0.03041476
0.26620428
0.01444096
-0.09917932
-0.03145106
-0.04148125
-0.27961461
0.08610192
-0.02849029
-0.17368487
-0.02299339
-0.02464088
0.04489111
0.07671897
-0.03593797
0.02761395
-0.16342848
-0.02334967
0.01632562
-0.01911995
0.16173916
0.13008979
-0.21349312
0.05175098
0.06792229
-0.06521935
0.10879994
0.09886932
-0.12177589
-0.10580379
0.20646007
-0.36258418
-0.18876066
0.25018007
-0.20643158
-0.03289974
0.10710105
-0.15451382
0.08205681
-0.17104091
0.05906445
-0.08358039
-0.08702664
0.2825235
-0.1351952
-0.11605337
-0.05160274
-0.08102367
-0.03152709
0.07485799
0.12971843
-0.04094527
0.19210633
0.07538731
0.07924032
0.00712568
-0.19619005
0.06556052
-0.00405272
0.11701201
0.11442807
0.22148523
0.00517849
0.12025923
-0.10601758
0.05017859
-0.05226327
-0.21270533
0.00645266
-0.10082117
-0.05372087
0.12686004
0.10678231
0.0675347
0.06792836
0.09259106
-0.09778452
-0.10760905
0.23693161
-0.18040277
0.09303405
0.07217648
0.01152153
0.1385442
-0.01058778
0.25005995
-0.16248172
-0.11233674
-0.05895152
-0.10496632
0.15545011
0.06290321
-0.26159331
0.09573562
0.00797723
0.09549691
-0.01098324
0.02006882
-0.0944478
0.24415204
-0.04200219
-0.1230117
0.05099054
0.08116485
-0.16454008
-0.16250543
0.09152097
-0.13456944
0.14876993
-0.23481102
-0.07990292
-0.01940048
0.05724107
-0.16445635
0.03877547
0.05415424
-0.10490369
-0.12599503
-0.31639045
0.10147218
-0.28964914
-0.06881898
-0.06378505
-0.10145515
-0.12903033
-0.09439503
-0.01917912
-0.09590397
-0.20534331
0.10741388
-0.08905757
-0.15704722
0.03143124
0.11729558
0.07000313
0.02476057
-0.28961044
0.04145117
0.18310425
0.01893431
0.11361342
-0.10747937
-0.2161933
0.08210861
-0.2058006
0.28647488
0.00307828
-0.05101875
-0.17630439
0.02533695
-0.19656677
0.06177264
-0.24638215
-0.17145405
0.02976691
-0.19591199
-0.02430121
0.02732856
0.07864454
0.1711146
0.14929161
0.09506934
-0.06971289
-0.07696721
-0.03129968
-0.10017434
0.06788867
-0.41320826
-0.35717624
0.13196954
-0.10732057
-0.02147909
0.10681015
0.032604
0.10206582
-0.11168179
0.01168751
0.05157618
-0.29600929
0.15644412
-0.11113086
0.10093925
-0.15711992
0.11538974
0.03168039
-0.06567865
-0.15264531
0.07517912
0.07412825
0.00082227
-0.04416175
0.20096449
-0.39770874
-0.03884955
-0.03624793
-0.05406366
-0.10304769
-0.3413789
-0.08613645
0.07564926
0.07321845
0.1028324
-0.03699632
0.05642855
0.02446622
-0.25999157
0.02142533
-0.1703847
-0.03014634
-0.06407679
-0.24683965
0.14873185
-0.00391311
-0.17720734
-0.11934657
0.0017913
0.0250647
0.15901645
-0.00619084
0.01501133
-0.14651364
0.10219434
-0.0578544
0.05558974
-0.36022424
-0.07327991
-0.22913925
0.18447937
-0.020937
0.01131721
-0.05135635
-0.13462916
0.02214541
-0.0148707
0.02371299
-0.00152472
0.05737057
0.15471787
-0.07836063
-0.20011561
0.03524593
0.23408245
0.18812902
0.2259855
-0.34684372
-0.07543613
0.10575542
0.02025855
-0.2264814
0.09206156
0.17047961
0.15885931
0.10932092
-0.06303693
0.00289946
0.01624538
0.20329733
-0.10692441
0.036767
-0.12789278
0.02416129
-0.0278526
0.25094846
-0.02790003
0.05980477
-0.14621083
-0.06127975
0.03879922
-0.28757692
0.27111493
0.23509108
0.02245046
0.04480455
0.20601929
0.06623113
-0.08250167
0.01779146
-0.11715556
-0.09651764
-0.10352162
0.2075619
0.02795295
0.08493912
0.2445249
-0.15417062
0.00804333
0.15864967
0.13764396
-0.09122847
0.17006387
0.20677069
-0.00605718
0.04897336
0.07277335
0.30527821
-0.13451364
0.18944844
-0.13209558
-0.05648499
0.00252288
0.13816526
-0.17837695
0.32964799
0.25953862
0.07238747
0.04036715
0.09010984
0.13545967
-0.0362007
0.10641604
-0.27557492
-0.01389948
0.02947166
-0.03602252
0.03247099
-0.06438725
0.15942899
0.15420625
0.00695592
0.04687202
-0.04044321
0.07175059
-0.11286338
-0.01438219
0.07827067
-0.02206754
0.15034208
-0.01075045
-0.09511432
0.09787931
-0.20678364
0.09997876
-0.10494424
0.33307708
0.03292714
-0.00094831
0.0081419
0.21089204
0.07080097
-0.00483993
0.13626779
-0.03677301
0.08100132
-0.07689824
-0.04578561
-0.11062665
0.02942213
-0.2823274
-0.1030487
-0.0820648
0.04934348
-0.08106435
-0.12207261
-0.1861002
0.23891684
0.19097317
0.05031386
-0.15997959
0.2286216
0.08664411
0.23144462
0.16006849
0.16706687
-0.05446496
-0.20808392
-0.02790398
-0.04193693
0.04804021
0.1353839
-0.41447477
-0.23747813
0.29416357
-0.08915812
0.01946403
0.09068277
0.0467653
0.10023875
-0.16373478
0.04483716
-0.16631267
-0.0336431
0.05359362
0.01004099
-0.04981092
-0.11342814
0.01786526
0.08754528
0.02839618
0.04160162
0.23646704
-0.08379247
-0.32938025
-0.01680721
-0.09671014
0.22298859
-0.07604468
0.20739253
-0.19761999
0.06227131
-0.1114559
-0.0667237
0.14516522
0.06134191
0.1726338
-0.10703489
0.10100551
0.20553774
-0.11310017
-0.08586988
-0.0055231
0.05207523
-0.17100033
-0.07099576
-0.10740756
-0.06329019
0.02134513
0.01229869
0.11272696
0.0993083
0.16129543
0.00117513
-0.15362331
-0.07596693
0.18910946
0.16999131
-0.11589568
0.21390975
-0.2701236
0.0236641
0.00426255
0.14788189
0.02838912
-0.17481707
-0.01657822
-0.0964046
0.09648862
0.05106232
0.02693099
-0.0814077
-0.00305424
-0.35684168
-0.05926282
-0.04665562
-0.12834682
0.02799114
0.02242585
-0.13592706
0.13201133
0.09113071
-0.17018054
-0.01160277
0.1087919
-0.10864802
0.05336411
-0.00779244
-0.00783683
0.07043616
0.0180497
-0.23173008
-0.05960767
-0.29145245
0.00377858
0.23521671
-0.02949154
0.17876872
-0.05877969
0.11692645
0.08572861
0.05714705
0.20730229
0.09624434
0.01251623
-0.00942729
-0.08519697
0.11047512
0.04050169
-0.08141684
-0.03813593
0.10324506
-0.21769942
-0.01331862
-0.11959957
-0.10195907
-0.11794554
-0.0616037
0.03901847
0.03341593
-0.00239581
0.18181967
0.08260737
0.19512513
-0.1475326
0.17409378
-0.07037767
0.03891471
-0.18357195
-0.00621982
-0.0425091
0.13225632
-0.2248602
-0.08877243
0.11765362
0.08491221
0.03140502
-0.10759201
-0.25728199
-0.18563434
-0.3131532
-0.07349758
0.14414477
-0.036813
-0.13071743
0.0228263
-0.03524326
-0.00389786
0.10527321
0.16432637
-0.00592892
0.14195042
-0.05937789
-0.01755834
-0.15830359
-0.0137723
0.19932589
-0.24464862
0.15089862
-0.15247556
-0.14197831
0.11666642
-0.09129014
0.02870218
-0.06438644
-0.08997021
-0.11263139
-0.06692141
0.00187168
0.07786682
-0.1244435
-0.0722142
-0.11672478
-0.03151628
-0.15983042
-0.11721452
0.01514581
-0.18629052
0.01990757
0.05446714
-0.05853811
-0.11271223
0.1434713
-0.13242415
0.19500829
-0.28877451
0.20547919
0.05653963
0.12646363
0.07346804
0.00283103
-0.06396993
-0.07029961
0.10546611
-0.09460878
0.00672868
0.00675923
0.35307292
0.16840283
-0.05469409
-0.04907588
-0.0259245
-0.27501777
-0.06700047
-0.1281499
-0.04546618
0.02564164
-0.06304518
-0.22253546
0.06216332
-0.13171118
0.0861942
-0.03383507
-0.07829333
0.16786515
-0.03361514
0.03456145
-0.2991925
0.00346531
0.12256704
0.09844989
-0.09900895
0.1188468
-0.02973894
0.04588005
0.0590657
0.06207858
0.10012033
0.05336582
0.14026074
0.10633058
-0.00510611
0.22506312
0.05669523
-0.01842902
-0.06309833
0.16657052
-0.1260175
-0.15124659
0.29303932
-0.12759809
0.23289902
-0.21961917
0.24936261
0.0289204
0.06202431
-0.06245718
0.16435402
0.02296973
0.04015692
0.14215893
0.10557732
-0.00573046
0.09014498
0.1180807
-0.01704393
0.13683376
0.12542806
0.0417573
-0.06296252
-0.12953812
0.02156515
0.07525302
-0.27716899
-0.07595838
0.07031695
-0.04612632
0.05205247
0.02994971
0.41732117
0.01864502
-0.04056976
0.18325193
0.18555222
-0.18497547
0.18053785
0.04480905
-0.31069456
0.20281723
0.23490007
0.01354128
-0.06522548
0.15803977
-0.02876488
-0.21068076
0.15522813
-0.09020465
0.00042752
-0.05776785
-0.07798435
-0.02960808
0.07678283
0.16046757
-0.15193561
0.01173222
0.14316932
-0.16366451
0.06311744
-0.09998393
0.11613947
0.27673495
0.08274055
-0.14400368
-0.15297819
-0.04450174
0.18993009
0.01823537
0.12792711
-0.04553574
-0.02235016
-0.08157906
0.07509643
-0.09175857
0.03097582
0.14612595
-0.04462519
0.08317823
0.02576699
-0.13915669
-0.14940261
-0.31538287
0.02536692
-0.1322269
0.03695427
0.20476264
-0.03636343
-0.14134234
0.01737768
0.078688
0.1928696
-0.13168042
-0.09240701
-0.07704675
0.03348979
-0.19326891
0.01357294
0.19295449
-0.15120985
-0.16525057
0.07513193
-0.21848601
0.31879847
0.2420227
-0.22207048
0.06706906
0.13353147
0.10308461
0.00312766
0.30659576
0.1588275
0.19939342
0.02621996
0.23601262
-0.08841209
0.17921902
0.04165885
0.20800314
-0.32351478
0.04675828
-0.08027598
-0.03400423
-0.13547393
-0.04886863
0.36169208
-0.11445966
0.03512708
0.06197671
0.13631551
0.17315631
0.02357217
0.23154694
0.11785058
0.16833807
-0.01683686
0.37440874
0.0168557
0.043285
0.00562222
-0.08827975
-0.20365779
0.14035734
0.01429812
0.10037801
0.09730254
-0.27988475
0.07258933
0.08935751
-0.02646099
0.11992218
-0.22484511
-0.00687563
0.10434181
0.09675204
-0.00175922
0.16764814
-0.10340778
-0.13539348
-0.10273611
-0.03361697
0.01217806
-0.03616568
0.04784957
-0.0032966
-0.05377746
-0.08698275
-0.10089205
-0.09783516
0.15195802
0.07454175
-0.09945397
-0.0422023
0.20373203
0.04194184
-0.06961472
0.01039602
-0.27614335
-0.18240723
0.15746997
-0.10424061
-0.03643522
0.01541719
-0.12390752
0.17865998
-0.03921503
-0.21941527
-0.20628483
0.03046683
0.25922678
-0.35455484
0.28763882
-0.07496213
0.0563108
-0.04008575
-0.14240436
0.03546929
0.0403623
0.25062859
-0.19122896
0.1810833
0.19017644
-0.08689763
-0.01551451
-0.3619157
-0.02510531
-0.17907394
0.10240887
-0.44068831
