0  4.3384  5.2829137
1  5.2829137  6.198377
2  6.198377  7.0901847
3  7.0901847  7.963732
4  7.963732  8.824413
5  8.824413  9.677625
6  9.677625  10.52876
7  10.52876  11.554979
8  11.554979  12.595302
9  12.595302  13.65905
10  13.65905  14.755458
11  14.755458  15.88723
12  15.88723  17.04615
13  17.04615  18.222963
14  18.222963  19.606178
15  19.606178  20.98761
16  20.98761  22.37029
17  22.37029  23.769638
18  23.769638  25.201368
19  25.201368  26.6812
20  26.6812  28.451494
21  28.451494  30.328602
22  30.328602  32.33598
23  32.33598  34.345207
24  34.345207  35.739285
25  35.739285  37.31712
26  37.31712  38.938828
27  38.938828  40.60209
28  40.60209  42.30457
29  42.30457  44.23939
30  44.23939  46.21657
31  46.21657  48.23292
32  48.23292  50.285255
33  50.285255  52.580566
34  52.580566  54.91131
35  54.91131  57.273228
36  57.273228  59.662083
37  59.662083  62.293835
38  62.293835  64.94707
39  64.94707  67.61628
40  67.61628  70.519554
41  70.519554  73.428085
42  73.428085  76.33488
43  76.33488  79.45528
44  79.45528  82.55677
45  82.55677  85.63338
46  85.63338  88.90372
47  88.90372  92.15024
48  92.15024  95.3761
49  95.3761  98.79783
50  98.79783  102.20351
51  102.20351  105.59699
52  105.59699  109.1935
53  109.1935  112.78519
54  112.78519  116.58803
55  116.58803  120.39611
56  120.39611  124.42701
57  124.42701  128.47127
58  128.47127  132.74274
59  132.74274  137.02882
60  137.02882  141.3294
61  141.3294  145.86053
62  145.86053  150.40742
63  150.40742  155.18762
64  155.18762  160.2033
65  160.2033  165.23743
66  165.23743  170.50993
67  170.50993  175.8022
68  175.8022  181.33577
69  181.33577  186.89035
70  186.89035  192.68921
71  192.68921  198.7347
72  198.7347  204.80397
73  204.80397  211.12288
74  211.12288  217.69383
75  217.69383  224.2913
76  224.2913  231.14384
77  231.14384  238.25388
78  238.25388  245.62389
79  245.62389  253.02454
80  253.02454  260.68814
81  260.68814  268.61713
82  268.61713  276.8139
83  276.8139  285.04523
84  285.04523  293.5472
85  293.5472  302.32217
86  302.32217  311.3725
87  311.3725  320.70047
88  320.70047  330.30835
89  330.30835  340.19843
90  340.19843  350.37283
91  350.37283  360.83374
92  360.83374  371.58313
93  371.58313  382.623
94  382.623  393.95526
95  393.95526  405.5817
96  405.5817  417.50397
97  417.50397  429.9736
98  429.9736  442.7441
99  442.7441  455.81677
100  455.81677  469.19278
101  469.19278  482.87302
102  482.87302  497.11313
103  497.11313  511.66077
104  511.66077  526.5163
105  526.5163  541.9373
106  541.9373  557.66797
107  557.66797  573.9669
108  573.9669  590.57605
109  590.57605  607.7548
110  607.7548  625.24274
111  625.24274  643.3
112  643.3  661.9262
113  661.9262  680.85736
114  680.85736  700.35394
115  700.35394  720.4137
116  720.4137  741.0336
117  741.0336  762.20984
118  762.20984  783.6724
119  783.6724  805.6803
120  805.6803  828.227
121  828.227  851.3048
122  851.3048  874.9049
123  874.9049  899.28204
124  899.28204  924.1594
125  924.1594  961.6592
126  961.6592  1000.3416
127  1000.3416  2000.0
