0  4.246656  5.1788487
1  5.1788487  6.0854354
2  6.0854354  6.971048
3  6.971048  7.840321
4  7.840321  8.697887
5  8.697887  9.548381
6  9.548381  10.396435
7  10.396435  11.417403
8  11.417403  12.449537
9  12.449537  13.500844
10  13.500844  14.579322
11  14.579322  15.689189
12  15.689189  16.824778
13  16.824778  17.97882
14  17.97882  19.338839
15  19.338839  20.70291
16  20.70291  22.07131
17  22.07131  23.457895
18  23.457895  24.877317
19  24.877317  26.344217
20  26.344217  28.097605
21  28.097605  29.954002
22  29.954002  31.935272
23  31.935272  33.97473
24  33.97473  35.440273
25  35.440273  37.04691
26  37.04691  38.68658
27  38.68658  40.357758
28  40.357758  42.058903
29  42.058903  43.98235
30  43.98235  45.938797
31  45.938797  47.926147
32  47.926147  49.94229
33  49.94229  52.190804
34  52.190804  54.46882
35  54.46882  56.773533
36  56.773533  59.10215
37  59.10215  61.66643
38  61.66643  64.2522
39  64.2522  66.855804
40  66.855804  69.6923
41  69.6923  72.54086
42  72.54086  75.39686
43  75.39686  78.47557
44  78.47557  81.55177
45  81.55177  84.62074
46  84.62074  87.90071
47  87.90071  91.173416
48  91.173416  94.44015
49  94.44015  97.91952
50  97.91952  101.39509
51  101.39509  104.86842
52  104.86842  108.55811
53  108.55811  112.24889
54  112.24889  116.16003
55  116.16003  120.07667
56  120.07667  124.219215
57  124.219215  128.3713
58  128.3713  132.75221
59  132.75221  137.14359
60  137.14359  141.54535
61  141.54535  146.17831
62  146.17831  150.82257
63  150.82257  155.7
64  155.7  160.81216
65  160.81216  165.93758
66  165.93758  171.2998
67  171.2998  176.6762
68  176.6762  182.2915
69  182.2915  187.9219
70  187.9219  193.79335
71  193.79335  199.90756
72  199.90756  206.03883
73  206.03883  212.41504
74  212.41504  219.03789
75  219.03789  225.67978
76  225.67978  232.5705
77  232.5705  239.7118
78  239.7118  247.10548
79  247.10548  254.52121
80  254.52121  262.19144
81  262.19144  270.11795
82  270.11795  278.30246
83  278.30246  286.51187
84  286.51187  294.98138
85  294.98138  303.71268
86  303.71268  312.70746
87  312.70746  321.96744
88  321.96744  331.49426
89  331.49426  341.28952
90  341.28952  351.35483
91  351.35483  361.69177
92  361.69177  372.3018
93  372.3018  383.18634
94  383.18634  394.34686
95  394.34686  405.78467
96  405.78467  417.50095
97  417.50095  429.74216
98  429.74216  442.2656
99  442.2656  455.07224
100  455.07224  468.16296
101  468.16296  481.5385
102  481.5385  495.4483
103  495.4483  509.64542
104  509.64542  524.1302
105  524.1302  539.15356
106  539.15356  554.466
107  554.466  570.3193
108  570.3193  586.4622
109  586.4622  603.14734
110  603.14734  620.1216
111  620.1216  637.638
112  637.638  655.6965
113  655.6965  674.0417
114  674.0417  692.92676
115  692.92676  712.3504
116  712.3504  732.31067
117  732.31067  752.80505
118  752.80505  773.57385
119  773.57385  794.8695
120  794.8695  816.6875
121  816.6875  839.02277
122  839.02277  861.8693
123  861.8693  885.47687
124  885.47687  909.58075
125  909.58075  945.9438
126  945.9438  983.5001
127  983.5001  2000.0
