#Number of photons observed douring the burst: 202218
#Average flux [c/s]: 1098.3244168047145
#Average variability: 0.005644595326683321
#GRBbn100424876 temporal parameters: 
#                                   T_detection(MET)= 293835714.590118 s
#                                   T_start= -9.161999999999999 s
#                                   T_end= 174.953 s
#                                   CCF campionation= 1e-4 s
#                                   Fit amplitude= 0.55 s
#                                   Used detector= 1 GBM
#                                   Variable bin size= 10 ph/bin
0.10186022
-0.01040802
-0.03820692
0.04783348
-0.05741713
0.00078207
0.04134134
0.15388513
-0.07785835
-0.0551456
0.01609067
0.04089439
-0.02073843
0.01220739
-0.04088879
0.08205986
-0.12524849
0.04490977
-0.004951
-0.07756594
0.00869478
0.11351353
-0.08384186
-0.0172319
0.00240339
-0.02835492
-0.05021442
0.01067171
0.03527368
0.07412924
-0.00268349
0.16082456
-0.00792368
-0.40742486
0.03120484
0.07754865
0.07351253
0.04068135
0.03597827
-0.01800039
-0.13961319
0.03713429
-0.00860556
0.04613538
0.03257771
0.0743489
0.03765998
-0.02748908
-0.06014761
-0.06205165
-0.00381949
0.18261797
0.06075528
-0.03308956
-0.1564004
-0.04783423
0.03877381
0.08333383
-0.1509483
0.02447595
-0.04421279
-0.03419207
-0.01949651
-0.0074306
0.01643248
-0.14263423
-0.00125904
-0.12608945
-0.00411603
0.02437277
-0.02598721
0.0968753
0.18688513
-0.05751884
0.02819316
-0.06532396
0.15390795
0.11443779
0.09218435
-0.1841718
-0.06475246
-0.18889611
-0.02342953
-0.03503583
-0.1237367
-0.02882011
-0.02422333
0.15148302
0.03959125
-0.01256065
-0.00688784
0.04382742
-0.0281369
0.00076567
-0.16923932
-0.03317293
0.00267664
-0.05634963
-0.03594093
0.06308018
-0.01629463
-0.02151979
0.05582021
-0.01634864
0.018916
-0.14739959
-0.01694346
-0.01078632
0.11444329
-0.02170863
-0.02955993
-0.06250282
0.05523606
0.04681434
0.01602851
0.00546185
0.01528273
-0.06729012
-0.01589101
0.03950206
-0.08834429
0.04502835
0.05197917
0.02246798
-0.00803356
-0.10152722
0.17265129
-0.11253474
0.0082432
-0.03624532
0.10284555
0.02839843
0.15551936
-0.18972263
0.06393149
-0.13024939
-0.13379776
-0.07055328
-0.12632574
0.03227426
0.18143672
0.00294406
0.01263332
0.07135795
-0.04569053
-0.12125352
0.0410626
0.11616423
-0.06210618
0.05994274
-0.01750385
-0.07092759
-0.02669199
0.02310079
0.00128301
-0.13889103
-0.12242503
0.01428529
-0.05980855
0.04434548
-0.08619422
-0.03711373
-0.04246184
0.08662516
-0.10183825
0.00199232
0.09657797
0.14113373
-0.06995871
0.07322727
-0.04412257
-0.0085956
0.03385724
0.11230859
-0.07896539
0.06346847
-0.09946317
-0.09069874
-0.03592561
-0.07127473
-0.0762513
-0.0262217
-0.08696416
0.0211994
0.00185524
-0.13675507
-0.03960357
-0.08918763
0.07655902
-0.00194359
-0.02798629
0.00790915
0.07278454
-0.1329792
0.0193891
0.02382302
0.02988854
0.07841387
0.03996818
-0.15858547
0.03198389
0.034803
-0.01063716
0.14613351
-0.08479911
-0.03896472
0.00808566
0.10207163
0.01353161
0.00171109
0.02602765
-0.09775638
0.01911229
0.25161881
0.12945772
-0.03574224
0.09818506
0.03741091
-0.0636083
-0.13303613
0.12691249
0.02344745
-0.02406511
0.112897
-0.00481277
-0.08375395
-0.1291496
0.16587606
0.19760152
0.17369694
-0.06446758
0.01087318
0.03180993
-0.04496008
-0.03557159
-0.20586209
-0.05453601
0.00036392
-0.12700685
0.06839697
-0.03294777
-0.07615578
-0.11353418
0.04003528
-0.03538671
-0.05003302
-0.00030624
0.06354385
0.04620854
0.41481813
-0.04591197
-0.04925452
-0.11990876
-0.07628486
-0.10815521
0.04943857
-0.05085228
-0.0162427
0.00071069
-0.01610964
0.0459469
-0.01718317
0.01368443
-0.12206675
0.23367793
0.12906254
0.03592428
0.02473599
-0.10480268
0.05099496
-0.00678695
0.08888397
-0.06401974
-0.08823028
0.0673774
-0.0130248
-0.07494798
0.01079655
0.0513063
-0.0390989
0.04051432
-0.03555891
0.04460404
-0.23124106
-0.00192104
-0.08042792
0.02974985
0.03050725
-0.06866405
-0.03783698
-0.14070987
-0.06725648
0.02697593
-0.00855329
0.00165206
0.16299509
0.00491686
-0.06748036
-0.03094471
-0.06276115
-0.07218931
0.01380948
0.17642989
-0.01797813
-0.02691818
-0.04951318
-0.00958474
-0.08271198
-0.0388394
-0.02752488
-0.12450719
0.00990425
-0.14695117
-0.00016035
0.07216275
0.00871144
0.03917887
-0.1717665
-0.06379903
-0.05682595
0.06145958
-0.02895825
0.04722288
0.00422154
0.06697482
-0.15263921
0.1661358
0.03986602
0.10138603
-0.09045194
-0.14437156
-0.17046424
-0.06295215
-0.03741746
0.02342838
-0.05129629
0.04368578
0.04537474
-0.07779584
-0.06253908
0.04611502
0.04332337
0.16337678
0.13139828
0.08796367
-0.04246108
0.08176122
0.21431612
-0.04686462
-0.08191297
0.01800949
-0.41484907
-0.11184073
0.04728518
-0.04639328
-0.00710221
-0.03378978
0.06324044
-0.03028486
-0.02882178
0.00903339
0.14321227
0.00118263
-0.02595176
-0.05645689
0.07107894
0.00122194
0.02927683
0.07799567
-0.0787139
0.10357327
-0.00137273
-0.12004062
0.24916683
0.01206155
-0.03953765
-0.08517056
0.06323777
0.02508013
-0.06947663
-0.07827993
0.02031236
-0.12265881
-0.07778685
0.05846479
-0.01550135
-0.04747683
-0.18174072
0.02134793
-0.03288032
-0.03990389
0.00010465
0.07144892
-0.01003629
0.11971999
-0.00921524
-0.01025242
-0.02778742
0.07357613
-0.01086341
0.0729252
0.02780387
0.0962439
-0.09233951
-0.06449541
-0.00839054
0.01841226
0.04745229
-0.01461681
0.00760291
0.03632134
0.0026286
0.04416918
-0.02231683
-0.05390688
-0.03910593
-0.03855387
0.02012557
0.00282537
-0.06918813
-0.11195425
0.00307461
-0.04580587
-0.01531071
-0.09702425
-0.02565751
0.00797582
0.05849712
-0.06057317
-0.00832699
-0.01663047
-0.27770066
0.07838642
0.00635585
-0.16755396
-0.0079112
-0.13556087
0.0300054
0.01580453
0.05799729
-0.04370625
0.08691104
0.10470179
0.10149521
0.30161934
-0.02010672
-0.08127441
-0.09186819
-0.06146829
-0.06738303
0.02463381
0.19563181
-0.11690941
0.07581537
0.03227276
0.1791285
-0.05034827
0.25436557
0.16088922
0.06843873
0.09207017
-0.03873199
-0.01978802
-0.07998919
0.0200172
0.09514679
-0.07420147
-0.03371622
-0.03889663
0.09197242
0.04871386
-0.15453627
-0.00718283
0.0162786
0.07648884
0.02662583
0.00730779
0.04705061
0.19703884
-0.05508001
-0.11912199
0.11804534
0.05866933
0.00228114
-0.00480698
0.02282465
-0.02446292
-0.04212454
0.11882262
-0.17459906
-0.02518526
0.02769481
0.08700653
-0.11007868
-0.06821914
0.05439627
0.06088465
-0.03141894
-0.07751625
-0.12073067
0.07546945
0.18974912
0.09683579
-0.01801523
0.02430182
0.06165938
0.05903023
-0.14757064
0.04399677
0.07892668
0.00161027
0.13412732
0.07704007
-0.03030138
0.02139788
-0.07080954
0.04818446
0.00405472
-0.0162921
-0.06413807
0.03628891
0.01512253
-0.08723622
-0.03390391
-0.02843959
0.06046269
-0.11264491
-0.01494197
-0.07184211
-0.0766157
-0.03533677
-0.11922822
0.25709353
-0.01526725
-0.00265745
0.02576561
0.09460207
0.04668534
0.04770712
-0.10179201
0.0027282
-0.03478988
0.18006686
-0.11824673
-0.16230566
-0.03589849
-0.08087088
0.14716892
-0.03993039
0.08152938
0.06151272
0.01531475
-0.01670308
0.10073232
0.04445181
-0.16200595
-0.07025225
-0.00548008
0.04829226
0.03559271
-0.1184617
-0.02743218
0.00420705
-0.0309591
0.05065331
0.1142561
0.05266567
-0.07366366
0.00855968
0.05401936
0.0068845
-0.00421277
0.00644217
0.09530575
-0.00344472
-0.04036184
0.03199048
-0.02037596
-0.08890321
-0.00830167
0.03780053
-0.01713047
-0.03727368
0.03749464
0.04018159
0.05458601
-0.05995472
0.11741515
0.10727729
0.06479802
0.01724123
0.04159565
-0.01785957
0.13806254
0.04169684
0.03542436
-0.1533037
0.0341149
-0.0253397
-0.11175907
-0.0179392
-0.00755433
0.01319861
0.09559978
0.2560133
0.019451
0.0180591
0.03191462
0.05492546
-0.11324254
0.10513286
0.01690217
-0.02660349
0.02057983
-0.03254772
0.04737741
-0.00948945
0.10787193
-0.06356096
0.09592281
0.01317433
-0.00208048
-0.04824513
0.14323638
0.03613167
0.03768276
-0.0117857
-0.11476832
0.03912046
-0.01263658
0.00191914
-0.02706385
0.00462419
-0.04283125
0.00715242
0.18124666
-0.01465192
-0.00999371
-0.02151439
0.03040862
0.01866334
-0.03870991
-0.07557917
0.07202293
0.00669863
-0.10512876
0.05189235
0.04515417
-0.13918065
-0.00201285
0.11117969
0.041508
0.03245334
-0.09312223
-0.06762978
-0.06813531
-0.05744581
0.03439637
0.00839424
-0.08483327
-0.1376403
0.00455557
-0.11956047
-0.06661187
-0.121379
-0.03408302
6.437e-05
0.05691801
0.03269771
-0.03617833
-0.10275646
-0.03882046
0.02737737
-0.26776168
0.02870184
-0.04931508
0.08451191
0.07876539
-0.00371822
-0.03573366
0.07883161
0.01473719
0.01346118
-0.01648556
0.02243103
0.07012393
0.0114362
0.07547424
0.07230961
-0.22058972
-0.09267417
-0.06192691
-0.01969859
0.05382611
0.06119592
0.0960824
0.04995485
0.08294062
0.03077619
0.05780659
-0.0188122
0.0115382
0.03513797
0.19723172
-0.06877432
-0.04862435
0.04085504
0.17466444
0.02922015
0.02761878
0.03117918
0.11856908
-0.22602872
0.02420623
0.02239226
0.00945475
0.00454894
-0.04190567
0.06031858
-0.01222724
-0.00116695
-0.13850445
0.04310222
0.05405692
-0.10557873
-0.10157779
-0.05119857
0.05502648
0.08613688
0.12046288
0.05951766
0.1933043
0.00110967
-0.02026544
-0.02792453
-0.14139144
-0.05995977
-0.0735878
0.0118439
-0.08815836
-0.04697907
0.00114644
-0.02634961
-0.00209386
-0.0555364
0.01881965
-0.11255896
-0.10465695
0.0696659
0.03729568
0.0249946
-0.02909563
0.00862217
0.05665088
0.05787884
-0.00445129
0.02234337
-0.01344294
-0.02054847
0.06938933
-0.03493864
-0.02571129
0.05640119
0.05054178
0.01346933
-0.01534477
0.07656132
0.00766063
-0.07874909
0.00417906
0.00301152
0.01004356
0.23344213
0.02948504
-0.12407628
0.00166907
0.01560518
0.14775464
-0.01760787
-0.05155938
0.0243622
-0.10665824
-0.04546207
-0.12448943
-0.08372208
-0.08317226
0.02251614
0.06354278
-0.01320773
-0.01099109
0.01459494
0.01830091
0.08986376
0.0153128
0.02533074
0.01517711
-0.13259337
0.00176932
-0.07244455
0.11536039
0.04909809
-0.06335734
-0.08770028
0.01876151
0.02480069
0.08595488
0.16016718
-0.00644266
0.00886366
-0.02723838
-0.01056408
-0.03347364
-0.06008735
-0.07217921
-0.04301531
0.14991878
0.02797259
0.06325161
-0.08949761
0.1140916
0.126471
-0.04847813
0.10617822
0.10734802
0.02991897
0.03932399
-0.02118827
0.09245443
-0.0417056
-0.14923313
0.02951507
0.00021744
0.10002358
-0.06134983
-0.03982917
-0.05941282
-0.03925619
0.09060137
0.07028008
0.02483931
-0.05982812
0.007467
-0.07067624
-0.02609338
-0.12389423
-0.03369512
-0.11399736
-0.04551894
-0.00180452
-0.00065198
-0.02291402
0.17806284
0.04259252
0.01898182
0.03053045
0.09021424
0.06926433
-0.00398167
-0.00883491
0.1396022
0.01407993
-0.05773299
-0.0123563
0.0767518
-0.02377305
-0.05254187
-0.04694575
-0.01613904
-0.02332938
-0.05772465
-0.15064164
0.01935382
0.02358015
-0.07044315
-0.03628636
-0.01905096
0.08440439
-0.0422436
-0.03897182
0.10523189
-0.09658715
0.02834517
0.02963294
0.16954534
-0.08595364
-0.07009424
0.06420294
0.04356518
0.00357665
0.17582193
-0.14644161
0.0362666
0.13118566
0.01379034
0.0273464
-0.08195535
-0.02664415
-0.00339557
0.10185988
0.00965717
0.07189946
0.00553449
0.00663914
-0.03380656
-0.09506754
-0.02570283
0.06467891
-0.03453079
-0.09442405
-0.07272332
-0.11847094
0.04737971
-0.04950656
-0.11458597
0.01673417
-0.08783197
0.11536855
-0.05013324
-0.08650679
0.03100308
0.01488147
0.04159554
0.01273437
-0.19010165
-0.04143523
0.01274098
0.05107184
0.02092933
-0.06710498
0.04222378
-0.02173681
-0.13912382
0.02990856
-0.04232461
-0.08040836
-0.06097329
-0.02231823
-0.05973688
-0.00793756
-0.15336374
0.05175333
0.09290871
-0.03563599
0.01923777
-0.03078025
-0.07004075
-0.06693099
-0.01642757
-0.05457986
0.07247389
0.19574121
-0.0006797
0.09611677
-0.1358735
-0.01180643
-0.04539457
0.01357708
0.01131714
-0.00993798
0.01485423
-0.003905
0.0108742
-0.24767243
0.03134211
0.01915811
0.15822804
0.04687789
0.04920079
-0.0491044
-0.12596058
0.04844664
-0.15500063
0.00486679
0.00115927
0.01534404
0.03029827
0.05854086
-0.10476898
0.07790174
0.08520566
0.18422128
-0.02849302
-0.07740892
0.01863993
0.02839296
-0.1339001
0.03287892
-0.10981687
-0.02249044
0.08066703
-0.10566969
0.04073339
0.15974327
0.09321769
0.05163768
-0.13544961
-0.11601589
0.16996834
-0.0404057
0.04980019
