#Number of photons observed douring the burst: 275800
#Average flux [c/s]: 1559.4078999445896
#Average variability: 0.007051677403717798
#GRBbn100728095 temporal parameters: 
#                                   T_detection(MET)= 301976252.610612 s
#                                   T_start= 7.52 s
#                                   T_end= 184.382 s
#                                   CCF campionation= 1e-6 s
#                                   Fit amplitude= 0.35 s
#                                   Used detector= 1 GBM
#                                   Variable bin size= 10 ph/bin
0.03548768
-0.02079842
-0.00406961
0.0122428
0.03204801
-0.01388938
0.02697148
0.01094088
0.01289866
0.01620753
-0.05957612
-0.00687287
-0.01155154
-0.00766815
-0.0032042
0.01150768
0.00416697
0.01456198
0.02910828
-0.00515923
0.05749924
0.01221056
0.02336147
-0.00692998
0.00065903
0.04247522
0.01462229
-0.01771303
-0.0049664
0.05400557
0.01576138
-0.00934142
0.02499069
-0.06163435
-0.0109733
0.0157504
-0.05021264
0.02090627
0.02348787
-0.01455315
0.01391783
-0.00984262
-0.0255395
-0.03175002
-0.01175193
0.01127668
-0.01321377
-0.02141426
-0.02650402
-0.03787916
-0.03292547
-0.01196539
-0.02064981
-0.03997923
0.02563721
-0.03828976
0.01051285
-0.00511197
0.03392107
-0.0089589
-0.05637682
0.02071639
-0.01835189
0.00338427
-0.02577123
0.01597581
#999
-0.04671808
-0.04421591
-0.04992376
-0.02302653
0.02374208
-0.03947445
0.02027661
0.00531895
-0.00073434
0.01319555
0.01920372
0.0041393
-0.00924851
-0.00081064
0.05141247
0.05552253
#999
0.00464144
0.03090321
0.00769053
-0.01874378
0.01795413
-0.00775802
0.01730984
0.02320186
-0.0220555
-0.02155245
0.00767193
0.02491838
-0.00719314
0.00647041
-0.00921571
0.04390291
0.02344769
0.03872828
0.01260821
-0.04750898
-0.0179543
0.03058498
-0.00805763
0.05091375
-0.00915993
-0.03192146
0.02046374
0.04139655
0.02210018
-0.03664756
0.05128743
-0.04864679
-0.02241593
-0.00545615
-0.01392539
-0.01275453
#999
-0.01114895
0.03402517
0.01087603
-0.01815209
0.02280437
-0.01659301
-0.01562498
-0.03045035
-0.07272447
0.01166752
-0.01020178
-0.00140457
0.00271253
0.05968149
0.00829109
0.0136652
-0.0105677
0.04006112
-0.01590611
-0.02489456
0.02778928
-0.01431576
0.01647953
-0.03457706
-0.00411322
-0.01829213
0.01920915
0.01586344
0.01265288
-0.00265914
-0.00623413
-0.00978465
-0.02140616
-0.01910894
-0.01889104
-0.01707151
0.00790921
0.0279012
-0.01540162
-0.00271712
0.00327619
-0.02096673
-0.00496862
-0.0280893
0.02366007
-0.02883857
-0.01326917
-0.03033509
0.03529978
-0.02587868
-0.01739561
0.0365436
-0.0211782
-0.01333336
0.00542125
-0.02210888
0.01096763
0.03634233
0.04440748
0.01317468
0.01276552
-0.01076153
-0.00062154
0.00813984
-0.06821147
-0.04108674
-0.0396261
0.02069971
0.0193464
-0.02019903
0.0155302
0.01582306
-0.01646287
-0.00486618
0.01055293
-0.0104086
0.02336798
-0.00581785
0.01782425
-0.00016219
-0.03342137
0.01912377
-0.011138
-0.00449563
-0.04431303
-0.01493657
-0.01490079
0.01271323
0.00218988
0.02051277
0.01257912
-0.01306794
0.02938626
-0.03423994
0.02290267
-0.00802412
-0.0292311
-0.0009966
0.00778642
0.00815542
-0.01489283
-0.07008162
-0.00846777
0.00913691
-0.03299564
0.02456772
-0.00138618
0.00897065
-0.05440187
-0.00248326
0.01034807
0.01265792
0.00864543
0.00533682
0.01467376
-0.03167403
-0.04997463
-0.01158647
-0.03284197
0.02590024
0.02967452
0.01889894
-0.01875097
-0.03095346
-0.01561695
0.01637586
-0.00274829
-0.01139967
-0.03705635
-0.00493452
0.03585987
0.0040561
0.0088706
0.01873546
0.00531951
#999
0.01733862
-0.02905386
-0.01114121
-0.00432196
-0.03689357
0.00557928
0.01036854
0.00584069
0.02039522
0.00643303
0.04172405
-0.00389415
-0.00895845
0.00522467
6.731e-05
-0.00228657
-0.00916201
-0.01538852
-0.02843362
0.00171267
-0.04133251
-0.00921486
0.01284139
0.03512617
0.02213253
0.00732977
-0.01537261
0.02182232
-0.00179503
-0.00938016
-0.03583697
0.04345206
0.00873078
0.03223361
0.02507654
0.01969994
3.572e-05
0.00370171
-0.01494488
0.01630759
0.04156748
0.02455201
0.00910229
0.00335479
-0.00152644
0.003411
-0.00034426
0.01054778
-0.02271761
-0.02073436
0.00489649
0.02672755
0.04053798
-0.00431309
-0.01600257
0.04277277
-0.01343637
-0.02050059
0.00897009
0.03847336
0.00047506
0.01290504
-0.02501242
-0.01253718
-0.0354217
-0.02316253
-0.01972455
-0.02736243
-0.01986201
-0.00683636
0.00914163
0.00565305
-0.00641455
0.02834298
-0.04560531
0.0023558
0.03897429
-0.01831547
-0.01940098
-0.02471968
0.02829396
0.07768477
-0.0020674
0.0209394
0.0311779
-0.00359021
-0.00558646
0.00848665
0.0370511
0.0201884
5.334e-05
-0.0098204
-0.01959986
-0.02077158
0.00338138
-0.0338883
0.01159057
-0.02084561
0.02942565
0.01906036
-0.0035134
-0.02212753
0.02926972
0.01266348
0.01667547
0.01295782
-0.03013455
0.00735763
0.02053514
0.03330177
-0.0039882
-0.03055615
0.01413901
0.00557673
-0.01552869
0.03700325
0.0423663
#999
0.05171249
0.0325387
0.05185729
-0.03367742
-0.01301436
0.02366744
0.01287488
0.03859827
-0.00329747
0.00996341
-0.01324082
-0.00052867
0.00974946
-0.00379031
-0.00771053
0.01806216
-0.01267188
-0.00180488
-0.00349087
0.00811626
-0.0077597
-0.04564287
0.0198364
0.03286972
0.02262485
0.00490361
0.01042294
0.01279816
0.0010768
-0.02471204
-0.01562574
0.01769714
0.00404351
0.03475924
0.00180849
-0.01216835
-0.0207307
0.01230498
0.01045739
-0.00575901
0.00137085
-0.02689771
0.00263853
0.04403996
-0.0136036
-0.00978738
0.0029295
-0.03488132
0.00309508
0.03811901
-0.01150509
-8.937e-05
0.05350001
0.02084684
-0.03155386
0.00803188
0.05547788
-0.05319962
-0.0309916
-0.01955055
0.01113987
-0.02869449
0.05802638
-0.01168614
0.00353051
-0.01132519
-0.01411993
0.02668368
-0.0240497
0.0372775
-0.01650029
-0.00378502
-0.03969746
-0.01834648
0.00334925
0.04198978
-0.00370733
0.01380947
0.03613749
0.05132105
0.01042854
-0.01455793
0.02367911
0.00747143
-0.01589325
0.0307175
-0.01473793
-0.06120322
-0.00746916
-0.02754656
-0.03082402
0.01428129
0.0142104
-0.00271065
0.00374915
-0.0169567
0.024697
-0.01234025
0.04778233
-0.03140563
-0.00474062
0.00615461
0.05801798
-0.00879737
0.01317692
-0.01852056
0.04698349
-0.00306584
-0.01496844
-0.01163301
-0.00417723
0.01583577
0.02341716
-0.03436395
-0.02602108
0.0370822
-0.05132682
0.00769754
0.00278804
0.02874766
0.02626694
0.02531447
0.01254207
-0.00928666
0.00626813
-0.03023571
-0.02276487
0.02132076
0.01814535
-0.01397649
0.00403116
-0.01094803
0.00795837
-0.02236939
-0.0046869
0.01317821
-0.00010545
-0.00594917
0.00623231
-0.01083743
-0.00392666
0.03084074
-0.00592205
0.02459007
0.01524449
-0.03073009
-0.01764425
0.01451768
0.04917374
-0.02112373
-0.00041188
-0.01883172
0.00809844
0.02661435
0.01053628
0.01232958
0.03858285
0.02372511
-0.03155803
0.01993896
-0.03481396
0.00306399
0.03375583
0.01603062
0.00138075
-0.00194549
0.05589672
0.00127845
-0.01028739
-0.01839273
0.03793495
-0.00489853
-0.03927662
0.02351488
0.00241639
-0.01675213
-0.0231962
-0.02252877
-0.04555497
-0.02278024
0.03125184
-0.04438555
0.020724
0.01895808
0.04905937
0.06177384
0.01396137
-0.00388039
-0.01209476
-0.00766964
-0.011495
-0.01493223
-0.00341297
-0.03674231
0.0170993
0.02588585
-0.01025719
-0.00731004
0.01112607
0.02484815
-0.02699482
-0.01806931
-0.02136047
-0.02350994
0.01239977
-0.02607111
-0.03026712
0.03568029
-0.02948349
-0.02561586
0.00578307
-0.01923689
0.00778074
-0.03662706
#999
0.00429352
0.04775021
-0.03869485
-0.00303921
-0.00630248
0.01989037
0.00827293
0.00111786
0.02440403
-0.04253052
-0.00253676
0.02090225
0.05580352
0.00575781
0.04377557
0.02617406
0.00406264
0.03965474
-0.00748724
0.02049471
-0.00458544
0.02084711
-0.00160003
-0.03445434
0.00952779
-0.00292522
0.0585411
-0.01498115
0.00020126
0.00350888
-0.01262493
-0.00846119
-0.00496333
0.01828281
-0.00581045
0.02619044
0.01209269
-0.01335832
-0.03312448
0.01881771
-0.02293052
-0.00088129
0.01212385
-0.02821261
-0.00642139
0.00431515
0.00458097
0.01488132
0.03490735
-0.02541438
-0.01186445
#999
-0.01379373
-0.03084912
0.03194345
-0.00761809
0.0148024
0.01777519
-0.01759296
0.00666268
-0.03755145
0.00203008
0.00384325
5.291e-05
-0.02366808
-0.01344456
0.05112237
0.0183185
0.02525397
-0.03065892
0.01773198
-0.00634822
-0.01834424
0.05071801
0.02877782
0.02993786
-0.02040448
0.00834491
0.02603863
0.03028024
0.01237382
-0.00756877
-0.03092112
0.00406519
-0.0164874
-0.02274271
-0.0436493
0.00298005
-0.02034896
-0.02259801
-0.00958444
-0.03226104
-0.05044895
-0.00655627
#999
-0.02317039
0.00226057
0.00542629
-0.00891772
-0.02139617
0.00106139
0.01573326
-0.00175934
0.01329254
0.01926629
0.03433506
-0.01530406
0.01631303
0.0023184
0.01065071
-0.03290577
-0.00400694
0.00211019
0.02196117
0.02004068
-0.00623389
-0.02996705
0.00208234
-0.01051808
0.01086342
-0.04415705
0.00474314
0.05322831
-0.01725784
0.02072319
-0.00164788
-0.03206095
-0.01555206
0.02357673
0.02062989
-0.00676885
-0.00837175
-0.02192682
0.01842169
0.00832284
-0.02999646
-0.00940021
0.00180968
-0.01495097
-0.0142762
-0.002102
0.0238194
0.01049153
0.04329059
-0.03159929
0.01564215
0.0280488
0.02370106
-0.01956977
-0.03091675
0.04489327
-0.01422444
0.00444613
-0.00589677
0.05928435
0.0502359
0.0197466
-0.06465343
-0.02706449
0.00756113
0.00508038
-0.00239936
-0.00583165
0.01611404
0.00234706
0.06260511
0.04921077
-0.02348094
0.00097452
0.01932098
0.01776981
0.02216392
-0.00234009
-0.01073362
-0.0175172
0.00785515
0.01761437
-0.01808536
#999
-0.01308003
-0.01212882
-0.01542239
0.00857714
0.04314816
-0.00790622
-0.01838746
-0.02404694
-0.03492059
-0.00611738
-0.01564354
-0.0026524
-0.00552218
0.00790554
0.00828419
0.00430115
-0.02343902
0.03088384
0.01709591
-0.04045706
-0.00523046
0.00459838
0.02774309
0.00711383
-0.00272066
0.03233729
-0.03209631
-0.00659151
-0.00398522
-0.00372472
0.02121608
0.01498099
-0.02112875
0.01385318
0.01359101
-0.01511318
-0.01229257
0.00373501
0.01341334
0.01846781
-0.02499124
0.01044676
0.03728912
0.03075476
0.04307622
0.01398347
0.01201293
0.02761929
-0.01839007
0.00725233
0.00600085
-0.01907999
0.02857673
-0.03915896
0.00537815
0.00145962
-0.0444089
-0.03349656
-0.01578774
0.03947067
0.01741407
0.01745687
0.01267072
0.00646099
0.04933325
-0.00661227
0.0242251
0.01192535
-0.04731409
0.00841259
-0.02682228
-0.01632951
0.00283278
-0.03133608
0.0004726
-0.01701181
-0.016682
0.02675168
-0.03863916
-0.01593243
-0.01436868
-0.02171143
-0.00698346
0.00246298
-0.01867452
0.02414477
0.02061976
0.02153255
0.01477546
-0.01563134
-0.01577357
0.01840016
-0.01367982
0.00831153
0.01356907
-0.003145
-0.00757987
0.02930469
-0.01601951
0.00791471
-0.04956646
0.03096573
-0.00723025
-0.01308158
0.01731049
0.00787234
0.01394758
0.02322559
0.05109355
-0.00185509
-0.02514478
-0.01340752
0.01908083
-0.02887908
0.02371504
0.00030501
-0.0143351
0.03616461
0.00023692
0.00241617
0.01109178
-0.00037733
-0.02003756
-0.0349244
-0.01916011
0.02379025
-0.04097382
0.02103666
-0.00014998
-0.01280303
0.01515724
-0.04217933
0.00087374
0.05412812
0.02333779
0.03054393
-0.02780619
0.05291803
0.04545844
0.01407778
0.03313339
-0.01437804
-0.01543185
-0.01499969
-0.03359381
-0.00820175
-0.00816528
-0.02894345
0.00303616
0.01158841
-0.01223511
0.01358487
#999
0.02752771
0.02616264
-0.01745704
0.00502585
-0.00031876
-0.02288115
0.02958126
-0.03397349
-0.01990786
-0.02850731
0.03099478
-0.00785772
-0.03073387
0.00753163
0.0491494
0.00776329
-0.00628276
0.01306299
-0.03477548
-0.00934885
0.02678533
0.01175899
-0.04768954
0.00626004
0.00886462
0.00208086
0.02951465
-0.03961416
0.03323957
0.02317638
0.00724356
0.0263465
-0.01185517
0.00879246
0.00791159
0.02967185
0.02057931
-0.01642414
-0.01234111
-0.00587428
-0.02102679
0.04217926
-0.01814787
-0.02702457
-0.00178232
0.03915824
-0.02350825
-0.02402413
0.01978775
0.0550103
-0.01278303
-0.03073665
0.01848043
-0.0009086
-0.02795549
-0.01057245
0.03172304
-0.00571226
0.01925757
-0.03172964
-0.02899834
0.03073866
0.01339787
0.0304788
-0.07592003
0.00920403
0.02165304
0.01854096
0.01497729
0.01909351
-0.05558835
-0.01742898
-0.04175863
0.03683081
-0.05898672
0.04083268
#999
-0.00255913
