#Number of photons observed douring the burst: 254386
#Average flux [c/s]: 1193.2696637646352
#Average variability: 0.004817792036561925
#GRBbn110119931 temporal parameters: 
#                                   T_detection(MET)= 317168462.16777 s
#                                   T_start= -4.496 s
#                                   T_end= 208.68800000000002 s
#                                   CCF campionation= 1e-4 s
#                                   Fit amplitude= 3.0 s
#                                   Used detector= 4 GBM
#                                   Variable bin size= 10 ph/bin
-0.30508094
0.18228405
-0.08161552
0.33742589
0.20261747
0.20920002
-0.26275066
-0.00729638
-0.33180911
0.04159446
-0.58991088
-0.25505311
0.07509845
-0.14634698
0.25380201
0.5483661
0.42367321
-0.02414419
-0.3071786
-0.37540061
-0.16571311
-0.02128814
-0.03909288
0.20629771
-0.0546999
0.03410689
-0.01958338
-0.10137952
0.06628348
-0.13000374
0.14591167
-0.27931017
0.09457681
-0.08410432
0.09474746
-0.07685592
-0.26543785
-0.3100646
-0.37687766
0.14544106
0.14988261
-0.69130544
0.1316034
-0.00208911
-2.50551189
0.55430357
-0.24367013
-0.38370002
-0.05367361
0.40912286
-0.10850791
0.28274704
-0.41241398
-0.06875019
-0.01360136
-0.14440493
0.08752563
-0.32293192
-0.27941754
0.16376958
0.1471139
-0.05335705
-0.41455726
0.30135733
-0.08697725
-0.15490039
-0.28499429
-0.0103621
-0.03480977
-0.04778626
0.1485826
0.02666531
0.26763579
0.48293873
-0.1200755
-0.24404002
0.37333388
0.1192187
-0.09438542
0.47920837
0.14636292
0.12155804
-0.03677694
-0.06094402
-0.00531904
-0.06090355
-0.01207723
-0.04979894
0.16183324
0.11488615
-0.07526117
0.23517538
0.36433823
-0.11642754
0.28621424
-0.19435955
0.10532522
-2.78611698
-0.16076343
0.01121467
0.11620423
0.10503575
-0.00370358
-0.13220975
-0.07194816
-0.14456339
0.03638265
0.00687121
-0.04762181
0.02726965
0.17135585
0.31284986
2.69987378
0.21025694
0.23225187
-0.30001707
-0.01774249
0.14030993
0.47608964
0.40580781
-0.06550775
0.16958011
0.17319494
0.04225739
0.18571007
0.61454488
0.0943345
0.08789671
0.00976663
-0.12261753
0.06185108
-0.29139862
0.14368154
0.12483141
-0.14643513
-0.31928809
0.12740214
-0.00747914
-0.25134616
0.30336946
-0.09047408
0.22575987
0.21837211
-0.06843928
0.03353584
0.06312555
-0.14404105
0.06078023
-0.48927011
-0.37922379
0.13190818
-7.946e-05
0.20449702
0.29800928
-0.16434118
0.12107463
-0.5985811
0.03394483
-0.40793325
-0.48817274
0.06790519
-0.09517478
0.06316483
-0.25369992
0.00536696
0.1636132
-0.1956334
0.07319256
0.24785669
0.37646086
0.02908708
0.58530944
0.36316816
0.04667042
0.14885588
0.29730402
-0.04771723
0.35851645
0.20356207
0.17730321
0.09270698
0.32694248
-0.40376826
0.38718278
0.10757471
0.18389802
-0.27296225
0.00504708
-0.04167086
-0.13596561
-0.3181955
-0.17745185
-0.44339108
-0.38273517
0.44060599
0.02960151
0.19622723
-0.29222801
-0.29784003
-0.14594232
0.46628952
-0.13512618
-0.17443839
-0.46269919
0.4073615
0.02882529
-0.092501
-0.17106552
-2.40937934
-0.19708338
0.20094336
-0.77102527
-0.10705588
0.5216078
0.19480745
0.19346303
-0.05191915
-0.0078237
0.02384466
-0.12495227
-0.07409902
-0.38702398
-0.03093924
0.01361065
0.07797895
0.17081783
0.17195144
0.04581373
-0.07465189
-0.2963045
0.09119962
0.51649919
0.01737719
-0.1066
0.33897447
-0.01095213
0.10683024
-0.19588305
-0.10494664
-0.21648261
0.23611816
0.22614954
-0.04912816
-0.15731593
-0.00119367
0.19470127
-0.33951772
-0.09145583
-0.153415
-0.14978744
0.26553448
-0.3536315
-0.26098757
0.07993602
-0.15044608
0.1036769
-0.37037349
0.14275328
0.19573073
0.21356278
0.50762372
0.52838361
-0.01430853
-0.00124518
-0.05414034
-0.26451381
-0.26353095
0.18571962
0.40709195
0.05108644
-0.15410445
-0.41384389
0.00630164
0.40487867
-0.15837438
-0.22629283
0.09762051
0.07472515
-0.21951741
0.14343044
0.05570618
0.14822832
-0.01788829
-0.49942402
0.1957786
-0.14219214
0.08972727
0.41733744
0.00615571
0.07409257
0.0690904
-0.04342504
0.09375111
0.15576461
-0.0980934
-0.5027619
-0.00144556
0.14098324
-0.31490774
-0.00150155
-0.18932694
-0.26785872
-0.01240022
0.28606783
0.58448294
-0.26874837
-0.2264042
0.25905751
-0.04882903
0.61740239
-0.38320322
-0.03816037
-0.02131134
0.17695407
-0.00770253
0.41223618
0.24661803
0.59434098
0.35319804
-0.01453287
-0.35340001
0.05302825
0.05360011
-0.13837815
-0.03926196
-0.08105426
0.36540313
-0.02418109
0.28769718
0.27272845
-0.01242013
0.18078097
0.06255644
-0.12367193
0.25581015
-0.32316884
-0.26042813
0.03458249
-0.29431007
-0.2535286
-0.01938346
-0.12006092
-0.22708159
0.03612387
-0.09813017
0.05503468
0.302655
0.21431345
-0.23255473
-0.58453524
-0.02054103
-0.22388567
0.41324638
0.16884465
0.13246254
-0.42743633
0.17655967
0.18592209
-0.21997217
-2.20210915
0.56544209
-0.11606517
-0.22122948
0.7478085
-0.32050703
-0.43729909
-0.05394734
0.31860092
-0.39716007
-0.2228765
-0.08033542
-0.03035687
0.03196188
-0.04739779
0.38288364
-0.17280044
-0.3225783
0.18871894
0.27224738
0.54010018
0.1386518
-0.18520136
-0.08425391
-0.23118163
-0.09325537
0.02068364
-0.00724364
-0.03651703
-0.32386455
0.26644034
0.05767039
-0.19312438
-0.07889041
-0.10321335
0.2011136
0.03468768
0.12822788
0.12315394
-0.09611528
-0.46076055
0.03946693
-0.37706841
-0.00800949
0.00784875
-0.24195657
-0.43156156
-0.02013912
-0.12392369
-0.05621897
-0.44105851
0.23840905
0.09087072
0.15741624
-0.02131267
0.13366872
0.02090501
0.33056012
-0.12270172
0.01644241
2.75133631
-0.1887605
0.5809875
-0.24880089
0.16384739
-0.60987593
-0.43566988
0.33335065
0.06189185
-0.0320426
-0.42054735
-0.04323241
0.30182983
0.28799488
-0.40948296
0.28555133
0.16823122
-0.06871116
-0.03742978
0.45049246
0.14755843
0.04492746
0.34285952
0.20826255
0.15801207
0.24109935
-0.06135612
0.14962313
0.35405217
-0.31072734
-0.34784734
0.05851661
0.12946824
0.17064385
0.02544147
0.35632923
-0.07515056
-0.17520384
-0.11614765
0.02453374
-0.50973864
-0.19951763
-0.03187662
-0.11392175
-0.16089101
0.05550766
-0.0711723
0.15756237
0.2560438
-0.12894734
-0.46945245
-0.01627808
-0.16117249
0.09580359
-0.46866596
0.00182864
-0.2230467
0.11097321
0.32427443
0.07395658
-0.11565018
0.10777727
-0.14016492
0.13652826
-0.24159518
0.39283263
-0.06688679
0.04370111
0.00478526
0.08963515
0.05563713
0.03358795
-0.15280966
0.19605095
-0.15825191
0.08831697
0.01465737
0.02131801
0.18863034
0.04206345
0.2859124
0.2129629
0.29744968
0.4904167
-0.20564552
0.01970726
-0.40061894
0.10751072
-0.26925545
-0.22919063
0.14884346
0.00235139
-0.04554725
-0.13640416
0.02163045
0.03839175
0.33894093
-0.16927816
-0.17560085
2.51969821
-0.06940012
-0.10055553
-0.05376498
-0.43564547
0.18381151
-0.30946972
-0.19379508
0.05180976
0.15941059
-0.05501975
0.02907327
-0.02180285
-0.12981524
-0.09960991
-0.01999796
-0.2502877
0.36462406
-0.25611906
0.25888308
0.01667966
0.0471498
0.0609495
-0.10390339
-0.57161479
0.06622587
-0.51297064
0.04404704
-0.41424653
0.13905357
0.35176422
0.42716738
0.18445551
-0.0102357
-0.6168167
0.32440169
-0.26448522
-0.26814925
0.13196885
0.27138908
0.10598541
-0.07357522
-0.12241413
-0.07463387
-0.05207817
-0.35588708
0.03949361
0.12180307
-0.21563534
-0.4674392
-0.02808987
-0.30925156
0.02696252
-0.1667267
0.01972833
0.10155014
0.19725567
0.16274517
-0.26801933
-0.13496113
0.0354258
0.39596574
-0.1328292
-0.16113895
-0.07413448
-0.24496058
-0.11849705
0.18151801
-0.24521592
0.09867651
0.06866453
-0.01765899
0.01112365
-0.06662243
0.65819026
-0.04779348
0.03677398
0.1296134
-0.69805604
-0.10128567
0.10458112
-0.38729267
-0.21449447
-0.03799175
-0.14695764
-0.80076827
0.03446264
-0.0133605
-0.16357648
-0.25425739
-0.45131024
0.30860545
0.36385529
-0.15881325
-0.35436168
0.10031359
0.24519661
0.02056986
-0.10283257
-0.09759851
-0.21947186
0.27238587
-0.12157923
-0.10480495
-0.36687519
-0.31043925
0.09999292
-0.04982633
-0.056826
0.34628956
-0.06548319
-0.18634444
0.11412645
-0.07166736
0.1515516
0.09883879
0.06824451
-0.25055183
0.12506454
-0.17591648
-0.09573002
0.2306152
-0.4690345
0.26074698
0.11833622
0.02665938
0.06150754
-0.18394322
0.36413369
-0.11924224
0.21658114
-0.31631294
0.1632497
-0.21582574
0.2094728
-0.24280513
0.08710991
0.18201397
-0.22382319
-0.1495017
0.00680724
0.26926912
0.2640294
0.05542307
0.16910619
-0.46537534
-0.19673946
-0.03466324
0.36693506
0.04368162
0.16351283
-0.10419788
0.76466691
0.52928339
0.15647195
0.21702098
-0.36023546
-0.27837391
-0.07459158
0.06158342
0.15215955
-0.22978114
0.04629769
0.01229635
0.00842195
0.08521858
0.50294292
0.19560154
0.19907191
-0.23666444
-0.28221775
-0.09496853
1.40363781
-0.5371915
-0.01226604
0.31947433
-0.13202416
-0.06656175
0.13690137
-0.05689054
0.15402076
0.5171695
-0.07932729
0.23266864
-0.12002348
0.42850116
-0.26750719
-0.16258715
-0.5049835
-0.25933988
0.20748537
-0.39388805
-0.04667439
-0.00399792
0.22243872
0.06585999
-0.06846042
-0.34698853
0.36143509
-0.03385662
-0.03975695
-0.28748581
0.10609406
0.02105948
-0.48709796
0.0164523
0.08846964
0.03173931
0.05372103
-0.13548521
-0.0540853
0.21856426
0.30286107
-0.18068441
0.08361248
2.53545762
0.00226991
-0.16743837
-0.0601531
0.15446163
0.18792358
0.05411516
-0.30125384
-0.07447991
-0.12975826
-0.14009059
0.29785493
-0.13181388
-0.37050304
-0.32772554
0.06606847
0.29662445
0.35892069
-0.28447759
0.27151267
0.30181144
0.42601399
0.23024896
-0.16784828
-0.4468795
0.06525542
-0.19194828
0.13806164
0.11744645
-0.07393759
0.10018458
-0.01283819
-0.02799731
0.3605009
0.00252197
0.21111093
0.14444336
0.08464982
-0.16654882
-0.02111894
-0.04192783
0.42507326
0.01997576
0.20448464
-0.20561202
-0.05059464
-0.35956188
0.41150682
0.15113224
-0.14842552
-0.39790707
0.52906833
-0.00932456
0.30025839
0.1413878
-0.12240622
-0.04687525
0.38861886
-0.3331853
-0.01113582
0.12220585
-0.09888
-0.15055607
0.12015024
0.20547531
0.13507929
-0.06448463
-0.39068397
-0.03435932
0.49996707
0.13045725
-0.37321623
-0.07148029
-0.20895016
0.04380344
0.1603272
-0.01625853
-0.19402467
-0.07511038
0.34265038
-0.20769694
-0.48332522
-0.06457621
0.0140012
0.26229986
-0.02369569
-0.08586413
0.23345988
0.10617809
-0.0589958
-0.21007478
-0.06892588
-0.19092072
0.15532276
0.1889571
0.40594849
0.06016773
-0.12282768
0.03294556
-0.27032591
-0.22079211
0.09598441
0.03857675
0.14836335
-0.07429818
-0.14648908
-0.39227865
-0.21357528
2.49925156
-0.25201262
0.0448419
-0.06029264
0.34155587
0.27913073
-0.16893942
-0.25248007
0.11337991
0.09600325
0.15427873
-0.04624825
-5.924e-05
-0.18456268
0.04240421
-0.13406018
0.09961982
0.29449347
-0.50431671
0.04961331
0.46643443
-0.2177871
-0.04536742
-0.11183205
0.12401656
0.26769666
-0.36838043
-0.07026018
-0.45811492
0.00482676
0.30367474
-0.13571619
0.03970522
0.14195657
0.03245007
-0.35785504
-0.30386896
-0.25166046
0.10069158
0.2375534
0.25205657
0.11415771
-0.10171182
-0.02359993
-0.0486313
0.06829614
-0.15468162
0.19146451
0.23678472
-0.01397107
-0.21384719
-0.16025435
0.07995234
-0.20533606
0.0549617
-0.20964676
0.03291127
0.48558324
-0.08710948
0.00364564
0.03970093
-0.60277409
0.01919685
0.09634772
0.3261772
-0.01559907
0.20759012
-0.23474649
-0.16710115
0.14423627
0.19316366
-0.21863328
0.26847491
-0.0774269
0.03558472
-0.14828834
0.16154445
-0.03567939
-0.15158323
-0.11482209
-0.24423923
0.18031513
3.13649162
-0.05418163
0.26526751
0.09081025
-0.02824668
-0.3032489
-0.04664899
0.30500114
0.18121396
0.04695421
0.30873069
-0.11228716
0.26485105
-0.22409379
-0.0393945
0.23181131
-0.11972128
0.17910329
0.10324891
-0.06775744
0.37185009
0.06904667
-0.23057807
-0.29187036
0.24905927
0.03108964
0.19752957
-0.49194071
-0.25950918
0.19889205
0.01112279
-0.27861731
-0.34873119
-0.07072942
0.03772362
-0.15441656
-0.03868673
0.00129492
-0.28330303
0.20850764
-0.27194364
-0.04360442
0.0900138
0.2925424
-0.07426292
-0.18142517
0.23785202
0.38599326
0.25407123
0.25571791
0.41679062
-0.35904889
0.05567167
-0.28749787
0.03586204
0.29015755
0.17452157
0.28308756
-0.39556122
-0.03232355
0.53612828
0.00167107
-0.30118369
0.03001787
0.04850051
0.04159559
0.07100638
-0.01433443
-0.50997709
-0.14255658
0.27857483
0.01656168
0.02223514
-0.31582453
-0.14420526
-0.05406231
0.41802116
