#Number of photons observed douring the burst: 56854
#Average flux [c/s]: 502.48351687200613
#Average variability: 0.019856413229291076
#GRBbn101030664 temporal parameters: 
#                                   T_detection(MET)= 310146992.716176 s
#                                   T_start= -78.383 s
#                                   T_end= 34.763 s
#                                   CCF campionation= 1e-4 s
#                                   Fit amplitude= 10.0 s
#                                   Used detector= 2 GBM
#                                   Variable bin size= 10 ph/bin
2.27307621
-0.14076961
0.75571964
1.27623374
-0.18375707
-0.33687816
-0.36717584
0.01009791
-1.69527094
#999
-2.72944023
0.13493791
0.21297467
2.75351021
-1.59423929
0.34182118
-2.80324929
3.40966628
6.99760405
-0.39853369
3.0141162
-2.39308003
2.55320809
-0.09183546
0.58513065
2.51085224
-10.41363719
-0.27397385
-0.18097061
2.62431183
0.01666267
-0.56831014
-1.4260393
0.04443593
0.22974445
-0.36586949
-0.96283543
-0.69740828
-1.00505897
5.12527118
0.23979071
1.44852756
-1.26046141
0.27386499
-0.06523927
2.08046004
0.37686649
-5.85127707
0.93967292
7.62524117
-0.84970754
-48.59337378
-1.22773083
-0.7898487
-1.02033343
-1.12806199
0.91241851
0.08268558
-2.46565037
-0.85347269
0.67915151
0.00341111
-0.52524593
-1.89847799
0.40932926
-0.36977438
1.2602524
-0.90606663
0.43916326
-2.28364734
-0.77506852
-7.60845477
5.77538401
0.89919617
1.93999564
-0.62492615
-1.83588924
2.2059633
-4.40358983
0.09839404
-1.10875533
0.9945173
0.29672901
0.17244453
-1.2740468
0.63057081
1.36784807
-6.40424237
2.04133185
-7.04375883
2.14673323
3.27345286
0.02031581
-3.45695807
-2.49132063
1.48418952
-0.85434667
3.36345639
-0.1615207
0.39438592
3.2333904
-0.06716588
0.23557519
2.93609916
-0.14977922
5.3981701
6.09827216
-0.20376088
-0.25131727
12.36420675
-0.08349471
0.29700325
2.88642488
-2.29416252
-3.85992259
-2.15478306
0.00353854
0.29889407
-0.50874656
-4.21657721
0.30237877
-1.95261612
-1.97740805
-4.68695689
-0.07922278
0.01986927
5.86815203
2.09382004
0.21414314
-0.4013593
6.2985574
-0.0858376
-0.07181772
-7.44073577
-2.14344136
0.76585997
0.45284048
-0.76467072
0.4057235
-0.56685678
0.11468417
-3.23717283
0.78226681
-0.27546463
-4.38340546
-0.723631
1.96913105
-1.03008829
-0.27578686
-4.68811845
-7.35636081
-1.31734791
-0.5185516
-0.4069621
3.73047257
-1.13123724
-0.28844311
-0.79681753
-0.49735782
2.47921934
1.51673654
0.39159777
2.0723209
-1.39139846
-0.15650424
-5.73484782
3.50968194
-1.9718816
-1.49367781
-4.43291621
-8.05019488
0.8804435
-0.10899152
-2.45174574
0.44881421
2.95504057
0.44110626
-0.71256933
-1.10897804
-1.60375965
-0.42477071
-0.22463091
-0.44845533
-2.09477663
-2.50380028
0.1568264
-0.60011762
-6.39573991
-3.60374752
-0.70294395
3.69763723
-2.38459323
-0.03169287
-0.31090459
4.05571982
-0.12581868
-0.57231173
2.97818621
0.65841729
0.37455863
1.16573838
0.74024911
0.62912631
2.02442088
0.57838531
0.7409373
-0.27928146
-8.11644116
-3.3369463
0.28051085
0.83451008
-1.74616196
1.15734974
-4.43496848
3.94842805
8.65795869
-14.62373513
0.01487388
0.04058279
-0.36031134
26.0914952
-1.08664277
1.74656471
-1.13861681
-0.37218577
1.64729697
4.41417559
0.62620935
0.01669736
-0.95843358
-0.00953145
-8.98819048
1.14829634
0.48517307
0.28225313
-0.03274562
0.22786123
0.9707632
-3.30986879
-4.40426557
-1.24215515
-1.96358837
0.43840001
-7.30589721
-0.61922155
-1.36447428
-2.39530017
0.41496403
-6.25684131
0.94172818
-3.96158919
1.52912919
1.10002022
0.05497334
0.4623184
-0.60176796
-0.46046115
0.01984171
1.18112479
-0.79321948
-1.29678457
-2.78473263
0.87186432
0.87855737
0.35059387
-0.07676991
-2.71433479
3.29857955
-8.90777617
1.64731862
0.11074601
2.17511935
-0.15209527
0.3096647
-2.77541262
-1.157366
0.13930265
1.14302105
-1.88931452
0.28442324
9.11028522
0.30066217
1.31284033
-6.11108171
-0.3199499
-2.6610582
-0.52312909
-4.59620643
-0.69244263
1.28338217
-2.39832924
-0.43763544
3.94739636
-2.6800584
0.06282691
0.19503885
3.48668013
-0.67155615
5.16607267
-0.50186796
0.21658452
1.13716717
0.65030097
-4.22830066
0.38891253
5.1861044
2.67673321
0.16347024
4.20769872
-1.32162387
-2.87858623
-1.13168006
-5.16676892
-0.42344407
-0.11829687
1.41566969
-0.03861867
1.19486919
2.74057004
0.0064835
-0.9194541
1.7118466
7.24663362
-1.91766445
0.64049235
-1.22480461
-0.59781554
-0.45662525
2.32892367
-0.2191206
0.76824008
-1.52877419
#999
-0.24626732
-2.06932503
0.28572351
3.6724491
-6.98829415
0.0432396
-2.91903374
1.89531729
1.60934812
0.50758423
2.67777646
-1.8889947
-0.18061034
-0.24868394
0.10155522
-1.19830814
-0.12207566
-0.07840564
-0.20581654
2.70049375
0.44820408
3.22998532
-25.85221117
-1.12188909
-1.72991877
0.00688457
-1.11360875
-0.00722081
-0.15130584
-2.76453478
-0.73968478
-0.04307577
0.42124703
0.0769541
-4.57846475
-1.92570469
-7.44834514
1.04573466
-0.2647153
-2.48013821
1.41244194
-0.38804094
-3.18779172
-3.971074
-5.06247876
-0.25110754
-0.01633505
-2.06571478
-0.25632266
0.3625146
-0.11735164
-3.61628228
-0.77802188
-0.18199114
1.04741951
-0.61047967
-0.10638992
-1.27595146
0.83225322
-0.25843475
1.46418224
-0.05810394
-1.48998186
2.01987664
1.9715346
-2.96208801
-0.07751823
1.57848887
-0.79435831
3.19327748
2.43614065
-3.99769107
2.38407377
-0.08944998
0.56829587
1.08852199
0.56447521
-0.81756148
6.86953337
-0.19952076
0.09655466
1.56581592
-4.43860426
2.72268051
-0.18844836
0.26873988
8.47189751
2.30193438
0.29215947
-2.14376363
-0.07896229
0.3063544
-8.04534566
1.78553805
-0.16664209
1.69969732
-0.48489463
-2.17603883
2.28401544
-2.2213187
6.27353599
4.36580849
1.43396656
-1.80141013
-0.82216967
0.81149045
0.73304944
2.13291282
-0.12398019
0.33607786
0.0564423
1.65735564
0.64812185
-4.69722101
5.98193577
0.31493839
1.75012252
0.3778731
0.86722109
1.36714616
8.63880425
-0.64417105
-0.99532936
1.98347879
-2.91200435
-1.33356636
-0.54457397
-2.81192485
-2.47711358
0.25051998
-6.45636037
-1.12762793
-0.66063045
-0.22258429
4.14208259
-0.27770239
-0.42983563
-0.08278542
1.95742411
0.8738187
0.7913025
1.05943863
0.45016189
-0.35874843
-1.70617803
1.86652389
1.38231537
0.07794272
3.67181452
-1.83705522
-2.26559511
1.40127458
-0.33022575
0.24232329
0.2642238
-2.48685657
-6.51310519
0.99658136
1.58353739
0.78104634
1.53497986
4.29152586
-3.60033488
-2.77076968
2.94519776
-5.45001462
1.95307924
2.35887637
-3.17470571
0.95994008
-0.59982501
-1.58226933
-0.12701229
6.58191512
2.75824099
0.44631032
1.27453284
1.10854184
7.35836355
9.72470018
-1.57348553
4.24852969
2.40039542
-1.29647097
8.18856607
4.38364673
2.9518865
3.0115368
0.48985098
0.563738
4.27469946
-0.29194166
-6.02552263
5.47375904
0.18678535
0.34888718
7.45400996
-0.19278244
-0.05087781
-1.14841816
0.50891083
1.84619315
6.13592492
-2.10154207
0.06885644
0.48891751
5.28636638
1.37417492
0.33569284
2.57026193
-0.87814025
-4.75205697
6.16704956
0.61037074
-0.72671803
1.06186192
-2.07355459
6.94576211
4.37436301
-0.31883793
-6.84329533
-1.26828054
-0.09826278
0.39493139
-1.6899912
6.0504363
0.53114543
0.05792485
1.07523008
6.23973516
-0.50279191
3.26427611
-0.43763467
-1.69888913
1.68029221
-7.13035842
-0.33126005
20.09709515
1.04190053
-0.74495097
-3.75569947
-0.185316
-3.7542578
-0.13699156
3.07948141
-1.77598713
-0.53386565
1.20659999
-0.39288873
0.85913066
0.93075716
-0.19242535
181.61393994
-7.08729856
0.15495716
-0.97652433
-1.04654357
-2.15297552
-69.15972851
-0.79853738
-3.40000418
-2.3253927
-0.30656572
0.53984616
3.58634327
0.5939218
0.85314833
5.99678743
0.40854668
-2.00075047
-3.34835174
0.90192433
3.1879339
-0.94199129
-6.46958308
2.63566961
6.00355357
0.24977475
-6.56647287
-1.19791593
2.9770628
-3.07156034
3.16790201
-1.77417009
-7.43169964
-1.28402888
-1.07729504
4.36700864
0.25493324
-0.18819978
0.10433292
2.77107669
-0.4713507
0.22981014
0.28091476
0.56960817
0.99754189
-0.96584871
-0.0404837
7.37850699
-2.72787446
0.79479303
0.38305115
-0.63300481
0.33228481
-2.18890082
-1.15010883
-0.04547386
7.06617322
-5.63058398
2.83433024
-1.33712634
-0.61623526
0.67121681
0.84685942
-1.73626808
1.57817378
-2.04647688
-5.01626312
-0.7754931
0.93939253
-14.98912179
2.10062437
1.74635543
-0.00821503
1.67190956
6.14751868
-3.6608021
2.0169237
1.67942338
-0.0913323
-0.37279978
-3.03850777
-0.90840779
2.20859955
1.33356225
2.21225162
6.23804658
-1.54575405
2.11641375
-1.39228316
-0.41445959
-1.06183958
0.0843125
-3.4182493
-1.53126751
2.14182846
5.55348744
0.64230944
1.98227933
1.58191203
-0.20918852
-2.1966668
0.23708156
0.42328669
6.65443645
-1.71342013
11.4328164
-1.66683661
-0.78799883
-0.26444966
0.12057725
1.24542304
-0.22405684
2.86557306
0.4645564
0.1366185
3.31873013
0.00485585
-7.75417738
1.21279015
7.97110048
1.52714304
1.1066772
3.8460239
-4.96810946
52.47945153
-8.40140966
-0.08758265
-0.27942864
1.54884015
1.22793625
-0.41808793
0.27568494
0.08512259
-0.01170654
0.38838894
-0.61287837
0.13109886
-0.95016564
-3.42710273
-7.76461367
0.28297366
-0.94512427
-0.18822884
0.820564
-0.27666176
0.76994509
-2.75609827
-0.56461011
2.75454523
0.2305726
0.48879274
-0.04738797
-0.0046125
-0.28103683
8.1327997
-1.73678375
-7.70342084
0.11963358
-0.70075658
-4.79574855
-0.85892146
0.56207532
5.16124838
1.19979879
2.73111112
-0.05987632
3.223693
-0.80947834
-0.1562889
3.7369362
-1.84902061
-5.81300453
0.17658841
-11.82743559
0.96564137
-1.95718095
-2.25923087
-2.75451114
0.90333462
0.85681559
14.97712313
-0.03608814
-3.33338867
0.66080742
1.12439113
-0.1227715
-0.67129926
0.48256527
1.22808651
5.72753347
-6.9784924
0.20678779
0.83052389
-0.56680228
-0.06907488
1.61931611
0.67562249
-0.52891419
0.29378627
0.00534773
-0.91270956
7.24175368
0.1240694
0.88210812
-0.09429027
-1.44539431
2.33870935
7.68601686
0.44522766
1.0695509
-1.23175454
-14.32831453
-0.07909613
3.05591059
4.40497397
-7.64849314
-3.79864931
-6.3243978
-7.74576418
0.44195296
#999
-2.13748553
0.48257306
1.83074961
-0.05401506
0.14915571
0.26058374
-9.28488525
-3.26854764
-0.48741696
0.06972629
0.3651857
-0.11643103
-2.06929091
-0.63598875
1.29966417
-0.6315046
0.93728287
-2.16409962
-0.98443084
-3.58020656
-0.02161496
2.71166461
-6.41374206
1.80672761
0.0028182
2.03398845
-0.16504218
-3.99821564
-3.85575677
7.76518559
-1.55856259
0.91605609
0.03482007
0.27059988
-2.9557736
1.0227556
-2.60735871
-0.51352827
0.15736292
-2.03810232
0.8908625
1.82656626
#999
0.53365349
0.46259845
0.00600182
0.5424654
-0.95738884
-0.1649124
4.48060172
0.53722041
1.54701141
2.67646955
-0.35499215
0.53820082
-0.08816756
1.82611727
0.49331578
-0.99648509
-3.82809674
-0.31208666
1.98734456
0.32226733
-0.08939198
-0.5290508
-0.51187981
-0.16688589
0.13704172
0.84209865
-0.09879393
1.12605163
2.44687989
-6.09650431
-0.63327106
0.35182629
5.51865856
-0.48103573
4.28284492
6.25122699
-3.09658241
-1.76723191
7.8845533
0.77605679
-0.04784644
269.19338687
-1.33393998
4.29554126
-1.10881448
0.12750397
0.38655259
0.76299027
2.81218677
-3.43322457
-0.67109194
-5.43433546
1.17614398
-11.81246272
3.7667583
1.23294414
-1.03948465
0.0900777
1.14233618
0.09703629
0.40946827
-6.52315483
2.28179809
0.281645
-0.70382443
1.06043024
-1.13613346
0.04587606
-0.07440062
-0.04565442
-0.68612995
-0.02339668
-0.24508553
3.65537729
6.49951114
3.34956748
0.73256757
-0.8160361
0.8347567
0.17088693
0.41273022
8.38326619
0.52251541
1.13545402
1.6490446
-0.52161925
0.40693729
0.00068337
1.70884506
5.75455787
2.23192982
-1.1363529
-4.68990909
1.27097736
0.37150662
-15.10585782
-0.43328746
-0.59939909
0.81899446
0.63569521
-1.81009466
-0.40800616
-1.86434122
0.26886332
-0.25413782
-12.4202347
-0.6009067
1.99693778
0.07915744
-1.75581341
345.95687774
3.62840619
-1.0767884
-0.19013031
-5.38247288
1.17772707
-0.70468679
-0.36021657
0.77810972
5.82328017
0.00837004
-6.82260282
-8.01133111
-7.59651725
-8.06878524
0.13867911
-1.89673015
-1.67617851
6.86025456
-1.5358897
1.24303632
-3.23286796
-0.55002885
-4.03937075
-0.89148028
-0.3891243
-0.01361749
0.66223722
-0.00731159
6.2666486
-1.47405988
-0.2331362
-0.96445016
4.43792201
2.15806678
0.3937371
-0.75415213
-0.13940261
2.5277215
2.26043157
-0.22355619
