#Number of photons observed douring the burst: 50293
#Average flux [c/s]: 1293.1451198189861
#Average variability: 0.027753351401434964
#GRBbn161129300 temporal parameters: 
#                                   T_detection(MET)= 502096303.959936 s
#                                   T_start= 3.9280000000000004 s
#                                   T_end= 42.81999999999999 s
#                                   CCF campionation= 1e-4 s
#                                   Fit amplitude= 1.0 s
#                                   Used detector= 4 GBM
#                                   Variable bin size= 10 ph/bin
0.03367831
0.02385962
0.0873527
0.06360577
-0.18889836
-0.08825766
0.11331082
-0.00815457
0.07721571
-0.03324571
-0.0457025
-0.06437096
-0.02201399
0.10696066
0.01137018
-0.04010762
-0.12781483
-0.03058332
0.11645686
0.03142863
-0.04167712
-0.09700716
-0.13197152
-0.12680632
-0.02292413
0.05690375
-0.02222262
0.11365973
0.17454188
-0.11785177
-0.03893807
0.14555728
-0.07223368
0.06170385
0.2141944
-0.15498074
0.12477322
0.06091708
0.01167067
-0.18129584
-0.01349421
-0.054572
-0.00909998
-0.00063537
0.06024629
-0.07237258
0.12567863
0.20382318
-0.14946234
-0.04733135
-0.11345005
0.01526165
-0.07937867
0.14773276
-0.0198076
-0.09512075
-0.12388692
0.20039198
0.04076009
-0.24030461
-0.02760986
0.01794388
0.15104256
0.03818883
0.19733325
-0.09694718
-0.01601523
-0.18047797
0.04895007
-0.21957293
0.19383313
0.07019534
0.03834554
-0.09275074
-0.02975253
0.10226905
-0.15634248
0.04240755
0.03194826
0.19883984
-0.20500242
-0.21358627
0.09412604
-0.10317852
-0.22687474
0.07048286
-0.1409674
-0.15810127
-0.03297896
0.04587252
-0.16936813
0.23400765
-0.17753089
-0.10161953
-0.0078703
-0.15559114
-0.10304979
0.04958651
-0.14457497
-0.03647328
-0.0237013
-0.0396875
0.00603726
0.00605753
-0.10738854
0.09608608
0.14280874
0.06689956
-0.00844675
-0.01759062
0.1174722
-0.04085766
0.17567984
0.00037848
-0.0798194
-0.06985394
0.16593426
0.13715945
-0.02593509
-0.02340079
0.12795135
0.00736025
0.0028513
-0.13130318
-0.14820695
0.0692924
-0.17248999
-0.00260367
-0.14551563
-0.07273298
-0.22927859
0.06934013
-0.02669902
-0.04678816
0.1985284
-0.18554068
-0.05758418
0.08530323
-0.17505512
0.10246141
0.14332978
-0.08410168
-0.02192692
-0.1252027
0.01670777
-0.1454609
-0.05234301
0.02016782
-0.27850413
0.05084876
-0.03263761
-0.0845142
-0.06114997
0.12392563
0.16947482
-0.05193791
0.10520185
-0.06281598
-0.16959996
-0.04210695
-0.21497427
0.09976626
-0.02435524
0.05793104
-0.19916697
-0.02175861
-0.05045395
-0.05682485
-0.22381447
0.17718621
0.06172025
-0.05783024
-0.09998053
-0.14012146
-0.12882065
-0.14800379
0.01205775
-0.00634522
-0.14188958
-0.0078797
0.06988528
-0.08973513
0.03860373
-0.08441267
-0.04554644
-0.09594719
0.12859252
0.08095393
-0.16679838
-0.33516519
0.01485151
-0.18404285
-0.07683796
0.16052473
-0.04725115
-0.03350059
0.10497309
0.02908477
-0.07498076
-0.10692349
0.06007026
0.02785677
-0.01343199
0.14936284
-0.08765594
0.14101811
-0.00862996
0.0814194
0.15611584
-0.24256472
-0.17241976
0.02391844
0.14128269
-0.04782534
-0.31863523
-0.2263023
-0.01556455
-0.1068542
-0.08301228
0.00183988
0.00411438
0.1075935
-0.10930119
0.04872028
0.06333951
0.03905436
0.18768765
0.06466216
0.06330408
-0.15784832
0.07292405
0.12103252
-0.02896579
-0.3906238
0.07068858
-0.06406842
-0.00434388
0.15120919
-0.02219609
-0.02166989
0.14032
0.11755535
0.10997271
0.07722498
0.03869258
0.10978569
0.15676373
-0.07706
-0.0214666
-0.08671563
0.03232965
-0.12419969
0.0006575
-0.13700351
0.15816226
0.04880946
0.12467518
-0.10173018
-0.02026746
-0.02095343
0.15778473
0.07638322
-0.10692939
-0.14897849
-0.01858727
-0.11534929
-0.27484212
-0.20312234
-0.28204491
0.0747577
0.01295397
0.0571529
0.22376962
-0.26610154
-0.09501548
-0.22260425
-0.08124757
0.0151472
-0.03666752
0.19134808
0.06110985
-0.22786045
0.13202287
-0.09341066
0.04311494
-0.09370499
-0.08285617
-0.1162366
0.14804816
0.20701045
-0.05704236
-0.10812597
-0.35125133
0.21165202
0.0637107
0.05181868
-0.00136001
0.85153904
-0.03049276
0.00674395
0.0805356
0.04312772
0.07565459
-0.08607894
-0.04266203
-0.21438103
-0.0095657
-0.06429135
-0.14511003
-0.00861958
-0.82739361
-0.07035338
-0.06975029
0.15260062
-0.02243367
-0.02453614
0.10960026
0.12242568
0.09456759
-0.15047151
0.08263245
0.10324409
0.0100601
-0.0189393
-0.2024356
0.0344774
0.06343543
0.00310057
-0.11861105
-0.2206619
-0.12712394
-0.04214043
-0.04681
0.03138117
0.08944789
-0.05233863
-0.19409396
-0.08646313
-0.14476305
0.04143034
-0.10886172
0.08069202
-0.01173894
0.14841599
0.04776812
-0.09688786
0.03225488
-0.01361694
0.09032881
0.08292932
0.108745
-0.08792959
-0.01784588
0.09061681
0.14526001
-0.1041154
-0.02125017
0.0877239
0.21584075
-0.00388203
-0.48311854
-0.04782129
-0.02749555
0.1116663
0.33273218
0.1129576
-0.0653694
-0.06541964
-0.02505575
-0.09510293
0.07841505
0.01744707
-0.12866191
0.10092484
0.04778857
0.0727882
0.09652453
0.06921748
-0.02061998
0.02532647
0.13746927
0.1193067
0.00974154
-0.09810938
-0.19903616
-0.01658109
0.2657122
-0.07984699
0.26935408
-0.13600175
-0.18847178
0.05328715
0.01435759
0.00906441
-0.16542599
0.01752693
-0.03681532
-0.0094292
0.0693022
-0.10804203
0.09754045
0.09360678
-0.04702773
-0.07595683
0.10582849
0.12217278
0.07287299
-0.00780727
-0.11154835
-0.06086435
0.13439787
-0.08404922
0.03774865
-0.08882514
0.09655966
-0.07222039
-0.07116822
-0.11795236
-0.10790352
0.151456
0.06430697
0.05134605
0.11503907
0.07105293
0.1152143
-0.76655433
-0.08743533
-0.15127221
-0.07122218
-0.35156691
-0.04649061
-0.05700262
-0.21839268
-0.1555499
0.01297847
0.03516711
-0.78096024
0.1039128
-0.05469738
0.07839612
-0.3033733
0.01219601
-0.13697447
0.11600391
-0.03973869
0.21859219
-0.1120868
-0.10517192
0.0133774
-0.00573468
-0.24223321
0.18301122
0.1277964
0.08604814
-0.01732786
0.06080921
-0.13637629
0.1367195
0.10179803
-0.01375424
-0.04797078
0.07323424
0.32926436
-0.05645307
0.01612987
0.04361557
0.09769472
-0.00381398
-0.18602876
0.0155313
0.15262497
0.08501041
0.10299799
-0.16038294
0.0511225
0.13220068
-0.07252999
-0.06239511
-0.03467809
0.09632629
0.13400453
0.11917299
0.07473559
-0.2746139
-0.12845519
-0.21553551
0.15780512
0.01087626
0.02708248
-0.0863096
0.03337737
0.00506991
-0.15749817
0.13005639
0.12413847
-0.10012594
-0.17775918
0.0508405
0.32099466
-0.03464506
-0.04608285
-0.10291353
0.13723683
0.13052738
-0.07791942
-0.01925853
-0.12240148
-0.22678621
0.12147138
0.07768925
-0.14182138
0.16976166
-0.14478847
0.09397907
-0.15539056
-0.01604296
-0.16560696
0.27885374
-0.04255365
-0.11116098
0.04157102
0.1143666
0.1866218
0.10778194
0.1110392
-0.11350419
0.13355359
0.07634715
0.06302148
-0.13349655
-0.1530202
0.10998249
0.04139083
-0.20446677
-0.11424051
0.20401946
0.07343071
-0.13478328
0.00367865
-0.02810012
0.06808521
-0.11942849
0.09851658
0.12508885
-0.06840893
0.10998164
-0.24856257
0.11082193
0.02162987
0.21321331
-0.15712744
0.08191238
-0.02341105
0.10088858
-0.09286615
0.05509075
-0.07103327
0.18649534
0.07999594
0.15667875
-0.05528109
-0.09167381
0.17652965
0.09538649
0.1169318
-0.05295091
0.21363801
0.37322003
0.07770044
-0.24823514
0.00922509
0.02953719
0.11298242
0.01180858
-0.18629459
-0.13069369
-0.08313155
-0.18789991
0.05825111
0.09570982
0.04949677
0.13748488
0.00689174
-0.02813356
0.19286874
-0.28673312
-0.08735171
-0.17092501
0.22323136
0.18538125
0.03893836
0.19235924
-0.24195297
0.04618647
0.01224521
-0.00960732
0.1458042
-0.09886187
-0.06888494
-0.23395629
0.01606087
0.00896827
0.01779206
-0.20799856
0.12035072
0.10504538
0.23856507
-0.11398395
0.30620734
0.08157326
-0.02385049
-0.16742334
0.07603823
0.05408157
0.06524857
0.20400918
-0.08424915
0.19484675
0.21964683
0.16014275
-0.05149903
0.11337614
-0.08332749
-0.08354557
0.01484258
0.06652723
-0.11799055
0.01697715
0.00785427
-0.08467391
-0.01001025
-0.12852908
-0.03237572
0.03482185
-0.05551779
0.12657229
0.0359046
-0.18535751
-0.04982042
-0.08614617
-0.0937508
0.1633299
0.0883951
-0.01584292
-0.16979803
-0.02757397
0.15773628
0.00612349
-0.10358548
0.17836908
0.00083908
-0.08467591
0.02037718
-0.06772282
0.07957433
-0.14500169
-0.13410332
-0.19629685
0.21367977
0.05644579
-0.0158893
-0.16452998
0.14631275
-0.01979618
0.03831099
0.19234255
0.06225796
0.11830528
0.03641459
-0.1622023
0.08860883
-0.02870115
0.09711659
-0.13009934
0.15282295
-0.08175458
0.15814612
0.18271668
0.03577179
0.06420294
-0.31581502
-0.01060373
-0.0292175
0.07438668
0.33852798
-0.02000758
-0.13960242
0.07326211
-0.07903487
0.16282376
-0.35161541
-0.11969363
-0.12310153
0.01038847
0.03614076
-0.11441918
-0.12457148
0.16023892
0.27553673
-0.00915912
0.10392914
0.26158554
0.00285544
0.04111996
-0.09819404
0.00552499
-0.02201359
-0.11474326
-0.07537549
-0.27699956
0.02314857
0.04177003
0.01301345
-0.0761145
-0.02822194
0.14637228
-0.06643394
-0.22653607
-0.022187
0.05345317
-0.01721317
-0.07889645
0.07152778
-0.17635194
-0.1087085
0.01847267
-0.12861254
-0.12383226
-0.0446195
0.06119495
-0.01659129
-0.11377457
-0.10678316
0.28248133
-0.25005624
-0.06038268
-0.16945895
-0.31273175
-0.00762736
-0.06550174
0.15933887
0.05077301
0.83079397
0.06322513
0.15939108
0.10710918
-0.11955849
-0.12033002
-0.00300048
-0.19569224
-0.17716909
-0.3059314
-0.08662312
0.24345055
0.33002293
0.2528611
0.02232784
-0.05551895
0.02798271
0.08352988
0.13448925
-0.15358096
0.07728918
0.12448929
0.16396945
-0.10285745
-0.0373967
0.03111025
-0.03236692
0.13731362
-0.01138501
0.11385894
0.18768681
0.10348264
0.12713127
-0.04874925
0.08349994
-0.07783393
-0.02168053
0.10052047
0.005522
-0.08448864
-0.11707526
0.0772338
-0.02714193
0.17404887
-0.29213342
-0.05473868
-0.10197163
0.24494308
-0.0221498
0.03039249
-0.00026246
0.04502238
-0.18882487
-0.03582817
-0.0677213
-0.01431587
-0.11617479
-0.10939004
0.20765667
0.30406482
0.02739763
0.02940188
-0.04286658
0.27398572
-0.06109829
0.19653892
0.07921939
0.10635116
0.13552356
-0.03630288
0.05407743
0.06567954
0.14662862
-0.06038307
-0.03934492
-0.02079779
0.06607051
0.13057466
0.15978683
-0.11189592
0.03508372
0.00809371
-0.08092561
0.051026
0.22769314
-0.06691159
0.16812133
0.19585294
0.06052093
-0.03580537
0.14301555
-0.11921829
-0.24296022
0.029729
0.02611367
0.14518484
0.07190825
-0.1236668
0.12966117
-0.02563045
-0.07222471
-0.02366459
-0.25131072
-0.05750374
0.03619011
0.10232957
-0.21463319
-0.06909743
0.18486268
0.02850305
0.2036769
0.10250057
-0.10509008
0.01278345
-0.12265757
0.14929603
-0.06598757
0.14196031
0.04957567
0.17913789
-0.01641839
-0.15902289
-0.06546635
0.07864161
-0.03912103
-0.06664766
0.03425151
0.08105956
0.21625116
-0.17670347
0.09870307
0.06544199
0.09450752
0.18228595
0.42014483
-0.04021003
0.11340952
-0.17655613
0.06680293
-0.05192348
-0.18328231
-0.06051933
0.19927742
0.04726966
-0.10151202
0.30399082
-0.21808633
0.22696281
-0.10882005
0.01075867
-0.0587785
-0.29274414
-0.00255948
0.1484597
0.02794257
0.09487647
0.03152266
-0.03280748
-0.27735743
0.06590284
-0.07575594
-0.10798544
0.00086076
0.12738396
-0.0573287
-0.00019125
0.21834906
-0.13097088
0.18995438
-0.19753364
0.04233291
-0.21085453
0.0334622
0.02741771
0.07023604
0.20966974
-0.04289256
0.05823368
0.12224757
0.09545245
0.03412327
-0.21252035
-0.09227586
-0.14063986
-0.10992539
0.1243968
-0.06900445
0.06532027
0.05390608
0.06015652
-0.19906081
-0.22670785
0.16690754
-0.01359765
-0.10660543
-0.23698738
0.08456877
-0.08464535
-0.2793125
-0.08095581
-0.01261755
0.20350018
-0.06957635
0.17074473
-0.04577444
0.03468164
-0.19491595
-0.17947194
0.08358187
0.07490843
-0.19756545
0.05949971
0.13904101
-0.10352662
0.06922622
-0.06029958
0.20824433
-0.02911321
-0.21772453
-0.00776255
0.16388377
-0.03674231
-0.0284912
-0.07918445
0.00881852
-0.13920381
0.12867045
-0.22281293
-0.12758564
0.18500156
0.02285894
-0.02366934
-0.25835276
-0.084091
0.21503622
-0.04502198
0.2052177
-0.18302639
-0.07268585
0.03178124
-0.20888441
0.05377584
0.00541317
0.003521
0.30155889
-0.02181854
0.01125796
-0.02968339
-0.058869
0.00434556
-0.07967554
-0.07215281
-0.25135249
-0.30109558
0.04297842
-0.10913132
0.04843398
0.05368035
