#Number of photons observed douring the burst: 170162
#Average flux [c/s]: 1396.99193799977
#Average variability: 0.011402280295189365
#GRBbn100906576 temporal parameters: 
#                                   T_detection(MET)= 305473769.629578 s
#                                   T_start= -4.888 s
#                                   T_end= 116.918 s
#                                   CCF campionation= 1e-6 s
#                                   Fit amplitude= 2.0 s
#                                   Used detector= 11 GBM
#                                   Variable bin size= 10 ph/bin
0.04874555
-0.09997748
0.07267275
-0.0116529
0.06319438
0.12458733
0.13056321
-0.01917202
-0.0929206
-0.10353135
0.06631412
-0.0639969
-0.03145395
-0.01334551
0.16470845
-0.08370792
0.16361522
-0.03538722
0.15899162
0.05653638
-0.06756537
0.06387521
-0.14299866
-0.0973881
0.07044079
-0.04864026
0.05694108
0.18744232
-0.07039667
0.20847689
0.12461092
0.05072242
0.08692672
0.10592058
-0.03184479
0.15686373
0.05788713
0.0094683
0.20617734
-0.02940525
0.09128783
-0.02366869
-0.05188269
0.03125629
-0.05928317
0.03229487
-0.21575534
-0.01493493
0.04782716
-0.03494188
0.05823634
0.01914883
-0.09989259
0.12272063
0.03202691
-0.063055
0.07989094
-0.07058236
-0.14644659
-0.08756695
0.20336038
0.12902973
-0.05056011
-0.05792456
-0.05212296
-0.03966386
0.06075697
-0.03542595
0.04671237
-0.11037961
-0.07495919
-0.03912584
-0.10710591
0.01779052
0.09800252
-0.01031715
0.02209697
0.05802639
-0.02294974
0.03376462
-0.01583778
-0.15908703
0.08395296
0.18668373
0.04447883
0.03888426
-0.06808146
0.16088457
0.14346041
-0.06934028
-0.11616504
-0.04088524
0.03101978
-0.00473633
0.08195881
-0.08815449
0.16398078
-0.01332991
-0.03171734
-0.07664643
0.01452334
-0.04106865
-0.01817184
-0.18515328
-0.03823312
-0.07501667
-0.00456576
-0.01752617
0.05247922
-0.00380231
0.05422275
-0.1104881
-0.01029527
-0.1607313
0.0118024
0.01522353
-0.02303316
-0.09671321
0.02728473
-0.09828955
-0.07398639
-0.04492738
0.01121882
0.11966356
-0.00089971
-0.05481583
-0.03681386
0.06595738
0.176118
0.11889533
-0.18518425
-0.00922239
0.04966191
0.07920394
-0.2253518
0.01335302
-0.00486661
0.15205255
-0.07847704
-0.13415472
0.02125733
0.12628412
-0.05822317
-0.08872393
0.02967911
0.11147133
-0.0228724
0.00958486
-0.06496148
0.07113989
-0.02542193
0.28117859
-0.18429713
-0.00696445
0.03107938
0.02788765
0.01999754
-0.11109006
-0.04393104
-0.02877283
0.12629981
0.03387155
-0.12147181
0.02714157
-0.13061131
-0.03593653
0.0167111
-0.05460381
0.00384499
-0.04247381
-0.05323951
-0.10458553
0.10170766
0.17679378
0.04138322
0.03632548
0.12295878
-0.08766692
-0.05284703
0.05359046
-0.23948456
0.14152305
0.10741356
0.07357095
0.00648374
0.053768
0.03096207
-0.06672525
0.02256009
0.00018778
0.14642104
-0.15810018
-0.03921583
-0.05645596
0.17033055
-0.14853796
-0.02195811
0.08007482
-0.04948796
0.1161041
-0.03959075
0.0377587
-0.14999371
-0.07525705
-0.12741828
0.08657306
0.02706432
0.03196935
0.03691464
0.08700524
0.06702453
-0.08950108
0.08311958
0.11661933
0.00709061
-0.06132207
0.05489481
-0.04162398
0.010513
0.03739208
0.11600635
-0.08068381
0.16084889
0.02900805
-0.12985565
-0.07162808
0.00310583
0.05657499
-0.04045586
0.02580792
0.03135053
-0.18277293
-0.00507985
-0.06543419
-0.09931243
-0.03752573
0.03927271
-0.05284777
-0.01550681
0.02767241
0.0006777
0.01476186
-0.02221567
-0.03702018
-0.01981813
-0.09802958
0.02292939
0.01784124
0.05747632
-0.05175441
-0.05243992
0.08213785
-0.04270454
0.04610727
-0.0308013
-0.05318516
-0.0768683
0.01921952
0.06026179
-0.14279266
0.01305604
-0.13702992
-0.08717349
-0.06081333
-0.06264213
0.03187753
0.09199115
0.02414148
-0.11538918
0.00425565
-0.09395287
-0.01687354
-0.08359456
0.10457089
0.01674077
0.05846777
0.03347202
0.13847011
-0.09212734
-0.10702358
0.08726048
0.01589345
-0.01155685
0.01130888
0.0770953
0.07181757
0.05259254
0.01852276
-0.0146005
0.05882043
0.04601273
-0.20247297
0.14808029
0.01070036
-0.04314167
0.08609313
-0.06736575
0.03220353
0.05074288
-0.25991517
0.12901914
-0.05156934
-0.06074332
0.11406599
0.12856755
0.08115497
0.01315154
0.05626055
-0.05669539
-0.11644891
0.05804927
0.08535762
-0.0219189
0.09393691
-0.0463276
0.09958495
0.13010804
-0.02187086
-0.14525993
0.16980128
0.04570819
-0.02496182
0.00224234
-0.03881847
0.01446761
0.06841671
0.11953368
-0.14935832
-0.00085259
-0.06247869
-0.08872586
0.02305217
-0.03548072
0.1410981
0.10312599
-0.00300718
-0.09737311
-0.0310945
-0.00295682
-0.15310812
-0.0785287
-0.05763149
0.01122289
0.02727902
0.00349411
0.09031927
0.03857312
0.0883537
0.1834958
-0.13042255
-0.0445195
0.07388865
-0.01708298
-0.03843297
-0.01518324
-0.00650686
-0.03244493
-0.01685428
-0.0476855
0.01666015
0.04412157
-0.10902726
0.02371544
-0.20973204
0.08973168
-0.05850943
-0.22062662
-0.12531489
0.03565306
-0.08858196
0.06573255
0.08640985
-0.09755256
-0.00463738
0.12545509
0.0141686
-0.12095273
-0.15832511
0.019399
-0.18308496
0.1454233
0.01641687
0.00247517
-0.00840763
-0.03911891
0.01440923
0.07812119
0.19505519
-0.01920296
0.01420026
0.07300603
0.23250148
-0.010925
0.07164419
0.04579809
-0.17339934
-0.07768372
0.13451041
0.17534168
-0.04083658
-0.0378903
0.00859415
-0.04927728
0.10155187
-0.056924
-0.03864085
-0.12851883
0.10256553
0.09805788
-0.00224075
-0.00688323
0.09415845
0.09866609
-0.02232033
0.01068775
0.06074294
-0.07322921
0.05083592
0.031424
-0.00692167
0.12111961
0.08364697
-0.08908852
-0.00110084
-0.08646941
-0.07874122
-0.17535378
-0.09225437
-0.0330736
0.01172441
0.01284748
0.0789902
-0.00976848
-0.08537128
-0.03621145
-0.02452979
-0.1457906
-0.02857921
-0.12555624
0.03305282
-0.01671677
0.086281
-0.1309087
-0.00762313
-0.05678186
-0.0012994
0.13173264
0.02719811
-0.06220079
-0.06778523
-0.00158328
-0.24045617
0.11221339
-0.08712998
-0.02169409
0.03803308
-0.17842152
0.06088555
0.01440483
-0.04033234
-0.03074179
0.0426592
-0.06539356
-0.03551728
0.03044933
0.11146027
-0.00806542
-0.20256972
-0.05256775
-0.04348554
0.0326001
-0.00384209
-0.10686297
-0.0435817
0.06438171
0.07861339
0.0376203
-0.03943339
0.04557031
0.24961807
0.06021791
-0.03236301
-0.25576059
-0.00015548
0.10975978
0.01788811
-0.05049576
0.03672025
0.01615944
-0.03021991
0.03168593
0.19706285
0.00208506
0.18416415
-0.16952842
-0.0930055
-0.02400152
0.15707846
0.01990479
0.18063085
-0.01753213
0.06334771
0.0096717
0.05793656
-0.2207535
-0.088484
0.02225226
-0.0826226
0.0432374
0.07268482
-0.01946579
-0.06930719
-0.07908941
-0.01704869
-0.08695929
-0.03308487
-0.0333352
0.05247261
-0.04691472
-0.01313485
0.0430028
-0.11967159
-0.05504783
-0.14788674
0.11110042
-0.07832159
0.0094164
-0.04177481
-0.0672977
-0.0571271
-0.03651488
0.02823971
-0.1378257
-0.01892416
-0.05267078
0.09327419
0.00642265
-0.08632351
-0.03008316
0.1342239
-0.13482842
0.00428962
-0.04123029
0.09760591
-0.00032638
-0.00901693
0.03589097
0.06753051
-0.08212921
0.0472054
0.08934294
-0.14967634
0.02402434
0.15997929
-0.08792147
-0.03803201
0.0085919
-0.0437986
-0.16828213
0.02806603
0.06012013
-0.04980778
-0.02115452
0.10638226
0.01305028
-0.01145342
-0.08511736
-0.01101897
0.0905713
-0.03643496
-0.0502117
0.10501846
0.02959495
-0.07459062
-0.17934338
0.06679337
0.00244335
-0.0267662
-0.02958074
-0.20239678
0.02033429
0.14726382
0.02583962
0.03708526
-0.00602588
-0.01079238
0.02632281
0.04797365
-0.02754785
0.09759053
0.02134013
-0.05362691
-0.10967354
0.15843353
-0.0653695
-0.04554328
0.0435119
-0.04134947
-0.16915827
0.0866136
0.09323127
0.07742788
0.06612643
-0.03993581
0.08013776
-0.0759413
0.0650307
-0.02037141
0.01874769
0.02920705
-0.00875669
0.07761462
0.09296179
0.14896822
0.16229783
-0.04510371
0.01342703
0.15497885
0.03967653
0.03732958
-0.08450351
0.03575255
-0.01623706
0.01002807
-0.09994104
-0.10542425
-0.02453753
-0.04690932
0.10624999
-0.01574621
-0.24121356
0.03442935
0.00756821
0.05306392
0.13274659
-0.0152376
0.04916117
0.04668564
-0.07898065
0.11945482
0.05606578
0.20408159
0.10703052
0.07262544
0.00843653
-0.01244248
-0.05533293
-0.0561061
0.03695871
-0.02664971
-0.05237975
-0.04343841
0.1204929
0.03583516
-0.05981715
0.00381725
-0.05463736
-0.21475422
-0.06514084
0.12379816
0.02808854
0.0173352
0.03152199
-0.06841139
0.00359297
0.0913118
0.0806013
0.0293292
-0.08432374
0.01900305
-0.14630864
0.12438894
-0.01282569
-0.0841275
0.03390154
-0.05312664
0.0798622
-0.08346725
0.00339266
-0.01697836
0.02393892
-0.13611023
-0.04651734
-0.0383627
-0.00439694
0.08149868
0.00156935
0.10087781
-0.0446793
0.0288831
0.04679535
0.01257898
-0.06451068
0.16101447
-0.04233073
-0.11904641
-0.01324968
-0.00643746
-0.04407956
-0.03165212
0.03430271
0.04531946
0.00661443
0.02960076
0.06158923
0.10611098
0.01687416
-0.05705962
-0.02778517
0.04242737
-0.03787247
0.00688004
0.08374957
-0.16414618
-0.1720664
0.01546957
0.08647728
-0.17320075
-0.0315871
0.09649938
-0.01439801
-0.00754879
-0.07915013
-0.22992776
-0.06032878
0.04315514
-0.06901073
-0.0485435
0.08859903
-0.12165061
-0.0729817
-0.06689569
-0.12566634
0.04277945
0.03915539
-0.09440185
-0.01892517
0.04193685
0.12951093
-0.10315973
0.07841361
0.00134829
0.15961173
0.09270991
0.05131359
-0.00245402
-0.14523386
0.07775948
-0.13363464
-0.10915714
-0.07736096
-0.12101363
0.09784204
-0.02755527
-0.05938206
-0.13071745
-0.06649775
-0.02793193
-0.18636676
-0.10619597
0.02512037
-0.01115322
0.04759251
-0.00163878
0.06570422
0.02907324
-0.08623895
-0.0048887
0.07529382
0.16519636
-0.00164382
0.05021715
0.01224604
0.06186352
0.03675496
0.20705715
0.10332114
0.05233024
0.09735956
0.04786461
-0.07533029
0.13974562
0.01500839
0.03687422
-0.06918857
0.07406022
-0.14939162
0.09195305
0.00737269
0.09479637
-0.04194959
-0.01871456
0.0050314
0.16012512
-0.00524266
-0.13036311
-0.19490061
-0.13024435
0.08017547
0.11838956
-0.1679174
-0.04223669
0.10437669
0.06396745
0.10026398
-0.05082458
0.03621968
-0.075523
-0.19680517
0.10398562
0.06636666
-0.11298207
0.04155004
-0.01119946
0.04388029
0.01146602
-0.0228703
0.01217639
-0.05269307
-0.05358784
0.02654267
-0.04037587
-0.06125045
-0.05832751
0.08108799
0.04616717
-0.0431022
-0.01845991
-0.02879148
0.07858338
0.0002509
-0.0821309
0.06000528
-0.03332857
-0.0039509
0.0804792
0.0320814
0.11852309
0.04471255
-0.07588551
0.08378097
0.03230728
-0.13692632
-0.01150713
-0.06366762
-0.1650917
0.13290639
0.00993327
0.01231946
0.20035872
-0.00692892
0.15599922
-0.0495531
-0.09838811
-0.05504051
0.20562806
0.04683467
0.04294133
0.10207564
0.0563866
-0.0581923
-0.1307823
0.15511822
-0.023517
-0.02600421
-0.20856449
0.00686245
0.03623645
-0.08823569
-0.07994851
-0.08486464
0.10962709
-0.03602791
0.11524898
0.0138174
-0.05808938
0.11015053
0.13548136
0.00368605
0.15317106
-0.08267248
0.04355744
0.06582069
0.03900746
0.11347801
-0.01224196
0.00508762
0.03240364
-0.04603643
-0.01029852
-0.25881863
-0.03734485
-0.03657688
0.01458043
-0.2179366
-0.04148334
-0.15816822
0.09996132
0.05133479
0.18969065
-0.02198441
-0.12671971
-0.0459187
-0.01435968
-0.06808509
-0.00226568
-0.11257483
0.09264316
0.04072344
-0.08840622
-0.00677829
-0.07086537
0.08732266
-0.0875238
-0.07128449
0.12803882
0.01846719
-0.09726862
0.06120864
0.01248036
0.02472822
-0.09086582
-0.08599732
0.01464622
-0.09888805
-0.00443016
0.15420013
-0.12894743
-0.05575273
-0.06288887
-0.0130479
-0.04966437
-0.01000852
-0.04968904
-0.10773817
-0.01547948
-0.0522533
0.04458082
-0.00878114
0.0707277
0.0920869
-0.02940386
-0.0122958
0.01686973
0.09973404
0.07995751
0.10197523
-0.05346345
0.18935484
0.05550167
0.0831291
-0.0423256
-0.01929278
0.08829802
0.07743639
0.02129787
-0.05988396
0.1149896
0.06535965
-0.00180016
-0.0333115
0.12101489
-0.00462227
-0.08644996
0.15304358
-0.12619171
-0.0439279
0.16498181
-0.13878143
0.02597004
0.04888877
0.05912524
0.02511134
0.00048007
0.02897004
0.11306225
-0.05094521
0.03236137
-0.10889556
0.10198711
-0.09260063
-0.09347362
-0.02442958
-0.06547217
-0.0850354
0.01157476
0.04426843
-0.08448996
-0.00249166
-0.11286409
-0.19535715
-0.09228841
0.0471588
-0.04495324
0.15193732
-0.09247024
-0.19113938
-0.06574233
0.12851742
-0.10892553
