#Number of photons observed douring the burst: 52310
#Average flux [c/s]: 1941.4340855106886
#Average variability: 0.12878788424691123
#GRBbn100719989 temporal parameters: 
#                                   T_detection(MET)= 301275846.129308 s
#                                   T_start= -1.0739999999999998 s
#                                   T_end= 25.87 s
#                                   CCF campionation= 1e-6 s
#                                   Fit amplitude= 0.5 s
#                                   Used detector= 5 GBM
#                                   Variable bin size= 10 ph/bin
-0.00952571
-0.01711479
-0.00419225
0.02055246
0.01222108
0.03838768
-0.01654641
0.02398156
-0.01796959
0.00544499
-0.00106224
0.0121587
0.00935119
-0.02732324
0.02557746
-0.00570911
-0.00433616
0.00762115
0.00521489
0.00775299
0.00541771
0.01006786
-0.01453157
-0.02330737
-0.0352957
0.00395543
-0.01099977
-0.02953409
0.00397301
-0.01240351
-0.00499313
-0.00814206
0.01219354
-0.0207397
0.00974184
-0.00661168
0.01213943
-0.00847233
0.00208876
-0.00346469
0.04078491
-0.01489915
-0.00046814
-0.01936924
0.00451638
0.00381519
-0.03528796
0.02306586
0.00778246
-0.00758684
-0.00406978
0.02856845
-0.02860216
0.00366541
-0.00944514
0.01472831
0.01035294
0.01301778
-0.01836445
-0.00398985
-0.00727362
-0.02379613
0.00303666
-0.02732882
-0.01332376
0.00470814
0.00338749
-0.00809243
0.00313208
-0.00826743
0.00021507
-0.01176574
0.00316772
-0.00022526
0.00263564
0.01859724
0.0160679
0.0144082
0.01455527
0.02286855
-0.00282537
0.01356604
-0.01342707
-0.01527705
-0.0054688
-0.02545318
0.02491535
-0.00015102
0.02003311
0.01098961
-0.0053224
0.02816398
0.00244039
-0.01638732
-0.01660722
-0.01540799
-0.01837444
0.00399085
-0.00784657
0.00782636
-0.00920948
-0.02829327
-0.0104896
0.01271745
-0.02851367
0.01470523
-0.00073599
-0.01433981
-0.01468957
0.01123075
-0.01315789
0.02739422
0.00057188
-0.01656041
0.01462066
-0.01519405
-0.0180845
0.00546605
-0.0006711
0.0259553
0.01483489
-0.01161866
-1.477e-05
-0.00129407
-0.00725723
0.01726416
-0.00447074
-0.00339898
0.00174283
-0.02566471
-0.01276001
-0.00289927
-0.01200187
0.01489801
0.01443136
0.00098694
0.00048307
-0.02826948
0.02505858
-0.004177
-0.00396685
-0.0002009
0.01347582
-0.00252699
0.0119865
-0.01017598
0.01856713
0.0148631
-0.000797
-0.00682494
-0.01609307
0.01222544
0.00901516
0.00746024
0.00932547
0.0195065
0.03148967
0.01631068
-0.00025708
-0.0096706
-0.00753649
0.02160023
0.01046864
-0.006294
0.00832416
-0.03334918
-0.00154457
0.0053212
-0.01410139
-0.02153288
0.00258399
0.01381101
-0.01879918
0.00137725
0.00722008
0.01284443
-0.00212395
0.00810247
-0.01005242
0.01623478
-0.00889183
0.02240477
-0.01957811
-0.00617586
0.01687326
-0.02616851
-0.01510761
0.00644669
0.01132922
0.00542298
-0.02239736
-0.01072924
-0.00242028
-0.00280183
0.01155634
-0.01464289
0.02686435
-0.015053
0.01104645
0.00555718
-0.02362232
0.01912041
-0.0024541
0.00938421
0.0246426
0.00600116
0.00911825
-0.01682335
0.00600688
-0.01589863
0.00493959
-0.0056994
-0.00831516
-0.00620387
0.00137241
-0.02655485
-0.0229311
-0.00782655
0.01147377
0.0069489
0.01777255
-0.00431443
0.00080047
0.00970705
-0.00876013
0.01001841
-0.00639128
-0.01506672
0.01184051
0.01502223
0.02450248
0.01290533
0.01055831
0.01688441
0.00618662
-0.01975005
0.01051289
-0.01053998
0.01678087
0.00919778
-0.02498476
0.00675931
0.0113351
0.00742508
0.00815385
-0.01178291
-0.00754057
-0.00473488
0.00187725
-0.02219407
-0.00392061
-0.01209565
-0.02085736
-0.02612933
-0.01487226
0.01689198
-0.01154982
-0.01489991
-0.01515178
0.02662318
-0.01932121
0.01751741
-0.03900035
0.00675416
-0.0410728
-0.00790275
-0.02255505
-0.0095205
0.00122775
0.02444455
0.01246176
0.02398952
0.02832347
-0.0159752
-0.00526084
-0.00996459
-0.00916626
-0.00782043
-0.01090632
0.02313562
0.01780181
0.01338103
0.00643923
-0.02410426
0.0231574
-0.02770975
0.00021956
0.02089397
-0.0125585
0.01497913
-0.02122214
-0.02224561
0.00574638
0.03438801
-0.01397766
-0.01140558
-0.01931288
0.02257908
0.02235109
0.00251608
-0.00879472
0.03327858
-0.01392592
-0.00533834
0.0032177
0.02351913
-0.00925831
0.00322519
-0.02647931
0.04124666
0.02110348
0.01864022
0.00311376
-0.02402455
-0.00594146
0.01440082
-0.01598368
0.01333754
0.02037531
0.01970865
0.01157724
-0.03244048
0.00566125
-0.01386214
-0.00826723
0.02073984
0.00430959
0.00162238
-0.00498383
-0.04226814
0.02384488
0.02312492
-0.0170174
-0.0002003
0.02084584
-0.01319191
-0.01103306
0.01453036
-0.01743034
-0.00881647
0.00417935
0.00808592
0.00888664
-0.00525317
-0.00650971
-0.01253763
-0.01047605
0.00573295
-0.01557406
-0.00929606
-0.00702679
0.02983553
0.00389704
0.00923514
-0.01282579
0.02022903
-0.01160163
0.00153726
-0.00202254
-0.02811798
-0.01451749
0.00335848
-0.00059708
-0.01887019
0.00663262
0.01528612
0.00259036
-0.01763108
0.03233047
-0.01097242
0.0150513
0.0149258
0.01733284
0.00840842
-0.00556842
-0.02543942
0.00445653
0.0106224
0.00801221
0.01684262
0.00040453
-0.01147567
0.01082082
0.01673623
0.01261174
0.00836082
-0.00044454
0.00238215
0.00273994
0.00429881
0.00233058
0.00664835
0.01048888
0.0076387
-0.01108703
0.01337638
0.00642365
-0.02358639
0.03073128
-0.01471801
-0.01314808
0.01097264
0.00117404
0.01268973
0.02163101
-0.00984784
0.01620472
0.01159288
0.01617983
-0.01573425
0.00316141
0.00620363
-0.02107292
0.00174367
-0.00285903
-0.00609963
0.0062527
0.00891586
0.0180156
0.02946112
0.00097192
-0.02015311
-0.00641863
0.00269234
0.01386812
-0.01209761
0.01280383
-0.01571814
-0.00090352
0.00574576
0.00072147
0.01860693
0.0048085
0.01918563
0.03311678
-0.00692196
-0.02216535
-0.00367973
0.00181218
-0.00345948
0.03139752
-0.03380838
-0.00059251
0.00297114
0.00307489
0.02589736
-0.01819472
-0.00751184
-0.01943808
0.0123929
0.00095989
-0.00080899
0.00696917
0.0119591
0.0005977
0.00378894
0.00669229
0.00733384
0.00525448
0.02559023
-0.01913453
-0.00858244
0.02101036
0.04243538
0.03270653
-0.00190691
-0.00518305
0.01356037
0.01152759
-0.00558163
0.01562587
-0.01643239
-0.00375347
0.00840703
-0.00677999
-0.00291597
-0.01101518
0.00477995
0.0039847
-0.00876633
0.00302359
0.05604785
0.01814394
-0.0076954
0.01086671
0.01977314
0.02655089
0.0248023
0.00393028
0.00898011
-0.04915988
-0.00344214
-0.00545775
-0.01472746
-0.0119555
-0.00109247
-0.01964862
0.01535221
0.00488856
-0.00655904
-0.00303615
-0.01519417
-0.04189643
-0.03474031
-0.0209121
0.02643077
0.02791523
0.00178204
0.01840118
-0.02448316
0.01257696
0.00336183
-0.01746315
-0.00233714
-0.02478214
0.00839486
-0.0188918
-0.0073869
-0.02841814
-0.00387239
0.00785296
0.00986856
-0.01683108
0.02386841
0.02405042
0.01310564
-0.01193133
-0.02222445
0.02038843
-0.01091051
-0.02005679
0.01309883
0.0107352
-0.00106239
0.00307699
0.00212111
0.00784941
0.01001111
-0.01494727
-0.00737513
0.01273544
-0.00230013
0.00518939
0.0082053
0.01152148
-0.00345365
0.01794641
0.0048893
0.00804674
-0.03976978
0.01620017
0.02177736
-0.00518197
0.00530132
0.00050126
0.0073517
-0.01230821
-0.02191044
-0.00631514
-0.0122989
0.01269057
-0.0023167
-0.01853057
-0.00755128
0.00282329
-0.02172197
0.01320727
-0.01042906
0.00595391
-0.01146856
0.00229299
-0.0036677
-0.01764978
-0.00549591
0.00645009
-0.0025792
0.00928796
-0.01261782
0.0121485
-0.02173747
0.00912814
0.03038476
-0.003571
-0.01185072
0.00638937
0.00721871
0.02522551
0.00325556
-0.01176348
0.00149979
0.01424278
0.01655199
0.00413426
0.00682734
0.00052097
0.01373055
0.00085224
-0.00831716
-0.0240911
0.01635042
0.01211044
0.01000018
0.00067004
-0.00422136
0.02630848
-0.0226734
0.00816679
-0.02872265
0.01929296
-0.03006891
-0.0073243
-0.00771317
9.767e-05
-0.0094448
0.00659037
0.02085453
-0.00159779
0.02392785
0.00087552
-0.01173369
0.0058783
0.01208175
0.01321755
0.00488629
-0.00693114
0.00346148
0.0028769
-0.00384929
0.00336594
0.0016092
0.00133527
-0.01052577
0.01311189
0.00711195
0.00614408
0.00818581
0.00656259
-0.00857976
0.01609279
0.0052138
0.0230572
0.01516519
0.02100426
0.00149812
0.0240804
-0.02539599
-0.00675238
-0.00597393
-0.01714891
0.02435125
0.01468861
0.00422955
0.01999789
-0.01927264
-0.0322728
0.01102897
0.02090092
-0.01425453
-0.00871988
-0.00158505
0.02845588
0.03750891
0.01556745
-0.02884484
0.00102637
-0.00983868
-0.0032423
0.01755272
0.0054613
0.01619709
0.00363209
-0.00369532
0.00621411
0.01247538
0.0165183
0.01454453
-0.00125143
-0.02044263
-0.00227888
0.03346198
-0.02374684
-0.04479706
-0.0168877
-0.02037481
0.0180837
-0.03051859
-0.00512531
0.02244653
0.00718662
0.01479603
0.0089881
0.01802993
0.01922977
-0.01771654
0.02007003
0.01368467
-0.00209444
0.00291475
-0.00079639
0.01297709
-0.00847053
-0.01851124
-0.01233927
0.02586207
0.00753339
0.00536188
0.00794815
0.00169044
0.00571145
-0.0004984
0.00768928
-0.00148196
-0.00449829
0.00750882
0.0062177
-0.02148465
0.00872625
0.00264818
0.00584369
0.00270035
-0.00439531
0.00913042
-0.00382803
-0.03988144
0.0003635
-7.623e-05
-0.02078327
8.163e-05
-0.01596656
-0.02561064
0.02023072
0.01484498
0.01451234
0.00546971
0.00678932
-0.001002
0.01225431
0.00529287
0.02909178
-0.00058746
0.02364547
-0.00634302
-0.01912462
-0.0080826
0.01847943
-0.02323022
-0.01652216
0.00129935
-0.00481536
-0.02393187
0.01326388
-0.00187049
0.05094482
-0.01872555
0.01158252
-0.00809708
0.02265286
-0.00610032
-0.0047848
0.00901265
-0.01541866
-0.01013471
-0.00630155
-0.01263797
-0.02765589
0.00348751
-0.00675029
-0.01884959
0.00377981
-0.01410541
-0.01881618
0.0084666
-0.01284968
0.00560187
0.00447009
0.00668881
0.00410193
0.00997637
-0.00274785
-0.01310897
0.00819015
-0.00233423
-0.01760843
-0.01981758
0.021697
-0.00648703
-0.00136313
0.01614663
0.00897556
0.01174756
0.03202983
0.02299241
-0.02303622
0.00454433
-0.01818091
0.01393735
-0.01893372
0.01748695
-0.00171366
-0.01969459
-0.05298135
-0.01204195
-0.00840842
0.01699301
0.00307249
0.01512836
0.00997502
0.00735871
-0.00642133
0.00668035
-0.00275544
0.01365132
-0.03701382
0.00195314
-0.02550176
-0.02836645
-0.00256829
0.00019123
0.01140103
-0.01421281
-0.01037984
0.01374411
-0.02578972
-0.00956818
-0.00708771
0.01185247
0.01310587
-0.00922881
-0.00451059
-0.02196137
0.01761537
0.0071678
0.02218359
-0.01412301
0.0087739
-0.00771055
-0.01281725
-0.01360597
0.00887106
-0.03395745
0.00157148
0.01276536
-0.01039439
-0.0121635
-0.01694674
0.00937921
0.02280821
0.00454049
0.01771843
-0.01513861
-0.00055219
0.00013276
0.02584521
-0.00091967
-0.00513069
-0.00876809
0.00252291
0.01172129
-0.01579998
-0.03474203
0.00721902
0.01199263
-0.0070396
-0.00714909
0.01213939
0.01360756
0.02158558
-0.02282204
-0.00992005
-0.00913226
-0.00083468
0.03037254
0.00497852
0.00510309
-0.01552411
0.01172094
-0.02942766
-0.01365542
-0.00479245
0.00474752
-0.0085188
-0.00860458
-0.0039141
0.00590462
-0.00894641
0.00129665
0.0218359
-0.00862736
-0.02296518
-0.00193785
0.03465537
-0.0064149
-0.00091031
-0.00025008
-0.02263082
-0.00011004
-0.00163411
0.01194437
0.02160604
0.00597598
-0.01752313
0.00797006
-0.00943309
0.00110879
0.01695016
0.01618447
-0.01003032
-0.00032783
0.0021282
-0.00250369
-0.01955437
-0.00614036
0.01337385
-0.01336484
-0.00874999
-0.00982347
-0.007997
0.03434836
-0.01237274
0.0204697
0.01911052
-0.00361887
-0.01555412
0.01030269
-0.00474331
0.00183985
-0.01196303
-0.00882407
0.00091371
-0.01071829
0.0037726
0.00985174
0.00354114
-0.01183449
-0.01198288
-0.02117136
0.00185366
-0.00767295
-0.00339404
-0.01890923
-0.01056136
0.00480445
-0.0030944
-0.01559908
-0.0032805
0.02301821
0.00027041
0.00178943
-0.0096509
-0.03016932
0.01624353
-0.00268469
-0.00177316
-0.00412814
0.00034937
-0.0209351
0.00061313
0.01513246
0.01673443
0.01094984
0.01727234
-0.01822606
-0.00962569
0.01604772
0.01565102
0.00943462
0.01989825
-0.01342606
0.02345353
0.02263869
0.00841155
-0.01289297
-0.04640146
-0.04211443
0.00547996
0.03970548
0.02033118
-0.03155751
-0.00749884
0.02636915
0.00646875
-0.00608241
-0.02699371
0.00394535
0.02249262
-0.01901056
0.01146234
-0.0088513
0.01736056
0.01185511
-0.00343424
0.01483156
0.01582548
-0.00797944
0.00719637
0.02657621
-0.022181
0.03167507
-0.00488615
-0.01837298
