0  4.3802176  5.3163323
1  5.3163323  6.2255187
2  6.2255187  7.112802
3  7.112802  7.983209
4  7.983209  8.841767
5  8.841767  9.693501
6  9.693501  10.54344
7  10.54344  11.568072
8  11.568072  12.606042
9  12.606042  13.666035
10  13.666035  14.756666
11  14.756666  15.880743
12  15.880743  17.031029
13  17.031029  18.199286
14  18.199286  19.573977
15  19.573977  20.94989
16  20.94989  22.330345
17  22.330345  23.730288
18  23.730288  25.164944
19  25.164944  26.649548
20  26.649548  28.426935
21  28.426935  30.312185
22  30.312185  32.328037
23  32.328037  34.292057
24  34.292057  35.741043
25  35.741043  37.379932
26  37.379932  39.048275
27  39.048275  40.74474
28  40.74474  42.468002
29  42.468002  44.41255
30  44.41255  46.386726
31  46.386726  48.38871
32  48.38871  50.416676
33  50.416676  52.67528
34  52.67528  54.96071
35  54.96071  57.270535
36  57.270535  59.602337
37  59.602337  62.16834
38  62.16834  64.75447
39  64.75447  67.35758
40  67.35758  70.19314
41  70.19314  73.04095
42  73.04095  75.896996
43  75.896996  78.97738
44  78.97738  82.0577
45  82.0577  85.134384
46  85.134384  88.4269
47  88.4269  91.71618
48  91.71618  95.00303
49  95.00303  98.50728
50  98.50728  102.01073
51  102.01073  105.51438
52  105.51438  109.238365
53  109.238365  112.96494
54  112.96494  116.91488
55  116.91488  120.87051
56  120.87051  125.05349
57  125.05349  129.2447
58  129.2447  133.66536
59  133.66536  138.095
60  138.095  142.53358
61  142.53358  147.20364
62  147.20364  151.88342
63  151.88342  156.79637
64  156.79637  161.94388
65  161.94388  167.10275
66  167.10275  172.49796
67  172.49796  177.90533
68  177.90533  183.55084
69  183.55084  189.20934
70  189.20934  195.1078
71  195.1078  201.2477
72  201.2477  207.40227
73  207.40227  213.80014
74  213.80014  220.44281
75  220.44281  227.10187
76  227.10187  234.00758
77  234.00758  241.16148
78  241.16148  248.5651
79  248.5651  255.98767
80  255.98767  263.66183
81  263.66183  271.58905
82  271.58905  279.77087
83  279.77087  287.97412
84  287.97412  296.43375
85  296.43375  305.15125
86  305.15125  314.12802
87  314.12802  323.3656
88  323.3656  332.86536
89  332.86536  342.62875
90  342.62875  352.6571
91  352.6571  362.95178
92  362.95178  373.51407
93  373.51407  384.34525
94  384.34525  395.4465
95  395.4465  406.819
96  406.819  418.46384
97  418.46384  430.62558
98  430.62558  443.06287
99  443.06287  455.77655
100  455.77655  468.7674
101  468.7674  482.0361
102  482.0361  495.82983
103  495.82983  509.9036
104  509.9036  524.2577
105  524.2577  539.14056
106  539.14056  554.3051
107  554.3051  570.00055
108  570.00055  585.97815
109  585.97815  602.4878
110  602.4878  619.27924
111  619.27924  636.60284
112  636.60284  654.4586
113  654.4586  672.5942
114  672.5942  691.26013
115  691.26013  710.4553
116  710.4553  730.1782
117  730.1782  750.42676
118  750.42676  770.9448
119  770.9448  791.9823
120  791.9823  813.5356
121  813.5356  835.6003
122  835.6003  858.1713
123  858.1713  881.49646
124  881.49646  905.31537
125  905.31537  941.25726
126  941.25726  978.3929
127  978.3929  2000.0
