#Number of photons observed douring the burst: 68712
#Average flux [c/s]: 1065.4179523359123
#Average variability: 0.016191740660517772
#GRBbn191009298 temporal parameters: 
#                                   T_detection(MET)= 592297741.769374 s
#                                   T_start= -0.42399999999999993 s
#                                   T_end= 64.069 s
#                                   CCF campionation= 1e-4 s
#                                   Fit amplitude= 3.0 s
#                                   Used detector= 6 GBM
#                                   Variable bin size= 10 ph/bin
-0.71789711
0.34787896
0.43471974
0.59468449
-2.17557169
0.4708474
-0.23096081
-0.19484239
0.02671811
-0.09986117
0.14922242
0.97369918
-0.32845525
0.82719439
0.16435977
-0.16005363
0.02194857
-0.45154916
0.32248598
-0.07058365
0.55542247
0.05365417
-0.40920771
-0.1190371
-0.32366099
-0.49137955
0.17482443
0.05953062
0.66370499
0.12246972
0.29337399
-0.05858568
0.35329821
-0.56220308
-0.36986133
0.48439137
-0.71853625
-0.24792087
-0.37416319
0.13545989
0.18171764
-0.12443451
-0.32895691
0.6373482
-0.40692299
0.50690825
-0.34722661
0.0050871
-0.42143016
-0.91204013
0.50870072
0.64060829
0.71967766
0.10838066
-0.37766909
-0.64308015
0.3914031
-0.50259945
0.30694709
-0.24422852
0.66814271
0.09305128
-0.48009242
0.07736424
-0.36206519
-0.26265303
-0.12564656
0.27085912
0.6528036
-0.4665085
0.08644036
-0.54982442
0.77700733
0.47713975
-1.00134221
-0.09792764
-0.46586283
-1.12775327
0.28148818
0.42979357
-0.30787199
-0.29859936
0.7787452
0.12956251
0.55904074
-0.31047141
-0.1029551
-0.29695217
0.22198725
-0.95701089
-0.06619269
-0.69697781
-0.21205438
-0.80577158
0.1066272
-0.70585066
-0.10707194
0.16995682
0.06508661
-0.42907642
-0.17009367
0.33127136
0.71916884
0.24444197
-0.9377136
-0.18167367
-0.3030973
0.31138952
0.57190429
0.741153
-0.41722109
0.5802443
0.21859596
-0.19159422
-0.57239277
0.7018677
0.28236766
-0.15326179
0.03695349
-0.41895807
-0.30001914
1.02599608
0.25294347
-0.55837682
-1.18558785
-0.03634155
-0.04642165
-0.47123875
-0.07558879
-2.15997043
0.66661245
-0.20717118
0.0146946
-0.0976238
-0.49723314
0.78165862
-0.19682716
-0.71748635
0.06011005
-0.55823394
0.46826524
0.07030165
0.00265631
0.37149326
0.24350033
0.16506884
0.73000506
0.07194448
1.37803848
0.0795956
-0.62051985
0.33705262
-0.93937988
-0.03386083
0.30706792
0.2984178
0.00655815
0.08516154
0.03871144
-0.53608632
0.22392662
-0.82170044
0.54793943
-0.32897335
-0.50554901
-0.95785484
-0.07144873
0.08930567
0.31708393
-0.44871663
-0.26534466
-0.49028135
0.04678915
0.19028054
-0.18529937
0.06575521
-0.22574437
0.26855895
0.13749627
0.02218678
-0.02063788
-0.44425563
0.35394904
-0.34813067
-0.53138618
0.30999443
0.29284304
0.4178084
0.49996902
0.05936828
0.4791326
0.00240484
0.80329085
-0.9837562
-0.06269942
0.52851167
0.05597865
-0.2812148
0.26502588
0.46407143
-0.73028708
0.24875202
-0.66061032
-0.76918971
0.19471366
0.58592935
0.78860371
-1.03169022
-0.62900845
0.07152181
-0.3522345
-0.41250709
-0.08446545
0.36104707
-0.59225095
0.89081411
-0.0464547
0.52657012
-0.23645388
0.34860462
0.47730176
0.35242455
0.29987856
0.2978679
0.09802315
-0.52767885
0.56203613
1.13759961
-0.48996959
-0.17646732
0.08984717
-0.06824022
0.04649032
-0.58140367
0.37915675
-0.03678452
-0.47288511
-0.11794593
0.38877674
0.55181892
-0.25972785
0.13193212
0.35869558
-0.14304941
0.18642596
-0.54481556
0.52738833
-0.21883639
0.63499869
-0.12867068
-0.20065732
0.49012627
0.01844892
0.19979652
0.10297494
-2.43708787
-0.3689147
-0.33629003
-0.289112
0.31993338
-0.44812745
-1.05293828
-0.13569217
0.27010058
-0.45295537
0.18104425
-0.20465464
0.631273
0.28041122
-0.11647424
-1.18022738
-0.37630765
-0.50848843
-0.31718247
0.32530017
-0.18366964
0.02083922
0.07728891
-0.4372373
0.15454645
0.01444724
0.02188728
-0.18588793
-0.5525035
-0.54520097
-1.06011669
-0.1636457
0.3192897
-0.63123754
-1.25412744
-0.43291286
-0.29449744
0.56649627
0.17456373
-0.68786755
-0.18488009
0.13255564
0.50950505
-0.18528098
0.75564261
0.87556734
0.33787958
-0.01735796
-0.03072392
0.21790942
-0.28230874
-0.2126926
-0.04204393
-0.12519103
-0.85633752
-0.0090498
-0.11536466
0.1120344
-0.63504638
-0.5722023
-0.11411686
-0.81742538
0.3974205
-0.76479272
-0.00808914
0.58727147
-0.30610074
-0.29193664
-0.1005467
0.7508853
0.75909874
-0.13082641
-0.07938263
0.34096278
0.42109403
-1.18508423
-0.42773468
0.4698655
-0.25305324
0.12113161
0.23414996
-0.2199052
-0.64435501
0.09328439
0.06164156
0.35550615
-0.61203972
0.07636276
0.10521017
-0.32356571
-0.4713631
-0.02765821
-0.09981683
0.10112307
-0.05926135
-0.28315881
-0.90009918
-0.91045926
-2.18404284
-0.54371503
-0.34553867
0.45210991
0.30932208
-0.27148639
0.15898585
0.0649004
0.32911124
-0.97830674
0.15542406
-0.55529011
0.12238823
-0.15219583
-0.53941153
-0.34778893
-0.34166268
-0.0578639
0.26777591
-0.48627488
0.03694722
0.7195848
-0.36160361
0.47733708
-0.28157846
0.48380216
-0.75655827
0.13024971
-0.38806444
-0.21810741
-0.79264924
0.56304012
-0.50130858
-0.17921715
0.54312312
-0.12268726
0.4579938
-0.24876874
-0.40217971
0.45116029
0.63622087
-0.28993552
0.40135708
0.32285741
0.8068224
0.05483223
0.68603768
-0.25551366
0.61762394
-0.25310928
0.33012351
-0.00514504
0.55655631
-0.56993421
0.12608111
0.60406112
0.78353889
-0.21357353
0.26339182
-0.90208733
0.88921433
-0.28562623
-0.20188389
-0.26175365
-0.0864177
-0.44946048
-0.26350488
2.16099916
-0.11701974
0.29693295
0.0725292
-0.30251849
0.29415882
0.66527172
-0.60437841
0.20822907
-0.06517946
0.23369367
0.05487762
-0.19938101
0.76465293
-0.72264
-0.19786384
-0.29135762
0.22082095
0.34371278
-0.51854789
-0.70911023
0.03977853
-0.23346658
0.32086774
-0.10139327
-0.38330145
-0.52057684
-0.59596566
-0.58701597
-0.6424817
0.14645851
-0.77896984
-0.0114536
0.39707829
-0.74489132
0.2775476
0.27094931
0.53136448
0.25412833
0.40792423
0.12896606
0.52303185
0.51012439
0.48547115
0.00547149
-0.08929152
0.13617333
-0.35377485
1.65922298
-0.05566301
-0.25571094
0.06709265
0.19238777
0.26376377
0.17552657
-0.36351043
-0.04346845
-0.12113805
-0.08134936
-0.40084189
0.42837386
1.3534668
-0.01643531
-0.01513384
-0.42624204
-0.03668666
0.49581878
-0.91050653
-0.14953781
0.25344971
-0.00691947
-0.13698771
0.66485399
-0.62639993
0.54115572
0.25816917
-0.54179962
-0.50312428
-0.46838989
0.70763849
0.07182502
-0.1023076
-0.20080114
0.23639646
0.47847934
-0.20767343
-0.04032579
0.64894762
0.8457387
0.25358671
0.02845886
0.78436469
-0.64250961
-0.01365823
-0.42149058
0.08440297
-0.28617921
0.6153199
-0.75799568
0.35609093
0.15822744
-0.37842739
0.72545329
0.14850443
-0.56591869
-0.66756721
-0.83984178
0.44940421
-0.2976806
0.47826644
-0.42783994
-0.16472599
0.21106349
0.42447646
-0.4423348
-0.59680224
-0.00513352
-0.46024708
0.04504977
0.28559141
-0.51233523
0.1204853
-0.24764307
-0.51016895
0.25136131
-0.39908645
-0.01949023
-0.35133946
-1.20045599
0.74564662
0.35786819
0.24975165
0.07336245
-0.77429436
0.48491672
-0.26408291
0.04892494
-0.34097439
0.35120008
0.17481902
0.07074971
-0.50895885
0.61749156
-0.08348011
-0.49633922
0.43510588
-0.53203703
0.63736673
-0.04527765
-0.01956225
-0.07457168
-0.2714704
-0.08615304
-1.00015094
-0.98829396
0.54505048
1.23163225
0.99990102
-0.49327096
0.30581285
0.58699875
0.50757217
0.29348684
-0.39252921
-0.17190814
0.27916132
0.88997528
0.0347503
0.56909196
-0.73883727
0.60983421
0.0843027
-0.67570599
-0.14359234
-0.35470646
-0.54444679
-0.16679443
-0.69396534
-0.38125175
-0.31498462
-0.66510304
0.12856532
0.87660156
-0.29332136
0.75551811
-0.44620628
0.5629785
-0.71015362
0.33291489
-0.1706555
-0.25801373
-0.51745209
0.74675805
2.24774914
0.84175858
0.4395977
0.35294157
-0.08793045
-0.32854747
-0.13809497
-0.01190041
-0.69314548
-0.18458285
-0.23710667
-1.05980875
-0.58917819
0.31356405
0.55579823
0.25477324
0.24535306
-0.37928337
0.04279495
0.06835554
0.52312026
0.01775897
0.18868274
-0.29255335
0.71913349
-0.70526355
0.30932359
0.27849474
-1.23735692
0.60165603
-0.61247228
0.13877081
-1.00649202
0.30717567
0.47191358
0.28137579
-0.52017937
-0.28054611
0.11566035
0.39068739
-0.54150527
0.41848202
0.0587673
0.59032692
0.55437987
-0.34562088
-0.11390152
0.34796324
-0.17135484
0.63198075
0.08286884
0.31738255
0.52954238
-0.01010937
0.70654366
-0.28423835
0.26615873
0.22138614
-0.30862703
0.48556778
-0.69853575
-0.14485698
0.60528367
-0.59162717
-0.68786846
-0.05189556
-0.45744003
-0.19125396
0.09552213
-0.0908271
-0.36128984
0.43366052
0.60498025
-0.39013569
-0.28342358
0.8433548
-0.20551532
-0.30197781
-0.19918009
-0.50914599
0.28107229
0.47967332
0.04226478
-0.16925952
-0.81206177
0.40891126
0.76957748
0.31647796
0.15367716
-0.28732534
0.17976644
-0.86867018
0.60856437
-0.26912178
-0.56523576
-0.21023184
-0.22372982
0.17342801
-0.00254423
0.42433788
0.5052084
-0.76554346
0.11739071
-1.23665644
-0.66618675
0.23276912
0.87142697
-0.22319676
0.2808022
1.01522589
2.16864545
-0.5464073
0.00586651
0.01696663
0.26426476
0.43117349
-0.62502759
0.04457972
0.11533695
0.08793161
-0.39207001
-0.70552576
-0.59887833
-0.24714892
-2.0808654
0.15105703
-0.2355291
0.38110407
-0.29923285
-0.55566873
0.1485683
-0.50991896
0.29168921
0.14254475
0.27793721
-0.07169569
-0.41374669
-0.15076358
-0.434546
-0.43545047
0.11137327
-2.23351182
-0.21695815
-0.29160081
0.35228787
-0.13219912
-1.01339224
-0.75496008
-0.95891541
0.40099776
-0.35596142
0.13286553
0.62934717
-0.69990511
-0.78482518
-0.02003941
0.71374587
0.25377665
1.93563701
-0.38579097
0.25761865
-0.49549806
0.66602336
-0.22923526
0.62865814
-0.24450586
0.4862699
-0.41802775
0.06755621
-0.21804601
0.47693538
-0.18509139
-0.00835575
0.50404156
0.57300604
-0.66037511
-0.5563393
-0.79598961
-0.46233333
-0.49399803
-0.08614444
-0.47979303
2.1947219
-0.03678377
0.51726081
0.16795532
0.629657
-0.28089603
0.10520597
0.2957374
-0.86638494
-0.03012839
0.69393978
0.33096526
-0.30651517
0.00575525
0.2386165
0.28856159
-0.93709782
0.12008025
-0.23805531
0.61299351
0.0618135
0.55238262
-0.49917473
-0.62644042
0.2157407
-1.12371311
-1.05752683
-0.13370658
-0.99628579
0.48095777
-0.55583207
-0.18960794
2.35887236
0.50285041
0.61916643
0.82226215
0.4676315
-0.30776621
0.00320515
-0.90567022
0.52854582
-0.20889565
0.48801029
-0.04503365
0.42117932
0.04776823
0.75238892
-0.33827189
-0.38580572
-0.14191398
0.08878138
0.49922957
0.33678612
0.55841439
-0.95016741
0.1545301
-0.52480572
-0.16416915
-0.01268104
0.5988648
0.37225703
0.73951919
-0.48264707
0.387716
-0.01268492
-0.30976668
-0.81245712
-0.12369583
0.30634293
-0.0175671
0.17404053
0.27484935
-0.03511786
0.45281001
-1.03775912
-0.64552414
-0.40050989
0.28804677
0.14571644
0.72128659
0.12039763
0.24785502
0.52113588
0.24336953
-0.19056573
0.34927742
-0.35084485
0.76842059
-0.06937845
-0.10683563
-0.65428525
-0.10456027
0.00895907
-0.55240266
0.59566648
-0.43490686
-0.23178265
0.17945204
-0.17638136
-0.29494726
-0.36803827
-0.20012114
1.22246519
-0.65421421
-0.66854312
0.64344907
-0.55232901
0.11662466
-0.03949952
0.15190389
-0.39281058
-0.2129118
-0.34785765
-0.55243553
0.44268955
-0.17381099
0.19067961
0.19870386
0.20337939
-0.25921179
0.26941062
-0.11244597
0.58236391
-0.51106757
-0.33179241
1.09759287
0.39489773
0.60373537
-2.29309988
-0.00291837
-0.17415964
0.48856027
-0.15914784
-0.20756619
-0.0725277
0.67654858
-0.43027178
0.03792581
-0.17917169
0.50342306
0.14775705
0.2180488
0.84894793
-0.03828306
-0.67965416
0.72188177
-0.43506019
0.22647704
-0.51723606
0.41951833
0.27160753
-0.7866715
0.46376461
-0.21358127
0.12939382
-0.2348246
-0.29771825
-0.53392349
-0.03647131
-0.39468332
0.67372243
0.44210848
0.03607928
0.30145255
1.12801435
-0.99664666
-0.27164567
0.13156239
0.43060703
0.56786435
0.8261372
0.04339773
-0.4927363
0.14297375
-0.36154023
-0.24580321
0.39491098
-0.60314868
0.20953795
0.32564902
0.38519397
0.11959407
-0.2021472
0.04913695
-0.26460445
-0.6177914
-0.71198755
0.43342438
-0.46472694
-0.49232152
-0.20898653
0.32584951
0.13917033
-0.19065963
0.73596944
0.21899067
-0.6749445
0.50956755
0.33146131
0.16201575
-0.45573062
0.28876404
0.28349135
0.20440871
-0.39570672
