#Number of photons observed douring the burst: 14116
#Average flux [c/s]: 1521.612590277029
#Average variability: 0.19006763240014432
#GRBbn110521478 temporal parameters: 
#                                   T_detection(MET)= 327670140.883014 s
#                                   T_start= -1.6150000000000002 s
#                                   T_end= 7.662000000000001 s
#                                   CCF campionation= 1e-4 s
#                                   Fit amplitude= 0.6 s
#                                   Used detector= 2 GBM
#                                   Variable bin size= 10 ph/bin
#999
-0.0223482
0.01609323
#999
-0.05640761
0.00397918
-0.0182645
-0.08930822
0.01998829
0.06665726
-0.0923541
-0.13096506
-0.06087165
0.05493321
#999
-0.06875857
-0.08893066
-0.00626314
0.01353662
0.00581565
0.04323999
-0.09355804
-0.09946115
#999
#999
#999
#999
0.00149691
-0.05577813
0.00515635
0.04340036
0.03439457
0.00884491
-0.06459811
#999
0.01087116
-0.07839402
0.03945265
0.01215097
#999
-0.13028608
0.00079265
-0.00867332
-0.07575713
-0.04284552
0.0341041
0.03826971
-0.03739989
-0.05584614
-0.02513613
#999
0.03210365
-0.03365096
0.06425084
-0.04158992
0.00454613
-0.04038481
-0.0842526
0.03211154
0.00702115
0.00797557
-0.09556298
-0.00607708
0.00719988
0.09828606
-0.00360191
-0.03864489
0.0049802
-0.01935136
#999
0.08019009
0.01332611
0.04197384
-0.0656105
-0.0974268
-0.03173517
0.0056946
-0.0191454
-0.016803
0.02431431
#999
-0.06722863
0.00956517
0.02947165
0.03166277
-0.03319367
0.03445942
0.07144825
-0.01277338
0.04766908
0.01854384
-0.00477978
-0.03418127
-0.06413939
0.01376739
0.01532963
0.02064297
-0.02621772
0.02061918
0.06672983
#999
-0.03726882
-0.03614009
0.00995875
0.03627524
-0.05367618
-0.04054263
0.02342165
0.00851729
0.04857207
#999
-0.04505082
0.04404055
0.01739785
0.00791757
0.02863337
0.09722823
0.02156528
0.04522787
#999
#999
-0.14666359
0.03329036
0.02588316
0.01169116
#999
0.02918652
#999
#999
-0.07258448
-0.00812007
-0.08394661
-0.02931841
0.000102
0.06223636
#999
-0.0062067
-0.03458197
-0.07285842
-0.00084659
-0.03366067
-0.04045131
0.00374586
0.03548159
0.01935724
-0.0156874
0.01380822
0.09305291
-0.01190648
-0.01056599
0.04818484
#999
-0.03477734
-0.08199163
#999
-0.1025728
#999
-0.09347026
-0.01306402
0.05365716
-0.04011798
-0.02927045
0.00138837
0.02594932
0.05420139
0.02189192
0.01304017
0.09371738
-0.027714
-0.0089584
0.00926495
0.10254092
0.04662224
0.05975518
0.04177294
0.01771121
-0.0913085
0.02753981
-0.07150959
-0.04058162
0.0123025
#999
0.02497716
-0.02247671
#999
#999
0.01148707
-0.01536833
-0.00476199
-0.03565984
0.02703718
0.06829988
-0.01703037
0.020898
0.09607764
-0.0182387
0.0318252
-0.030744
0.03867927
-0.01812688
-0.00854918
0.04637904
-0.00354273
0.13823916
-0.04271349
#999
0.00191032
-0.0274145
0.09789372
-0.09137799
0.01856741
#999
-0.08011522
-0.08862735
0.10093008
-0.07557309
0.05622468
#999
0.04030549
0.09745461
-0.05962819
-0.09446302
0.0640541
#999
-0.04003496
0.09721117
-0.00333623
#999
0.04477372
#999
0.09068672
-0.04151169
-0.01818723
0.04196192
-0.01916659
0.09820035
0.0551379
-0.02824051
#999
-0.01832782
-0.06434827
-0.06006824
-0.0224664
0.01103574
0.03517484
#999
#999
-0.03294898
-0.0216153
#999
0.0462176
-0.06193916
#999
-0.04886462
#999
0.01214861
-0.10330412
0.01856271
0.0491605
-0.07794889
#999
0.01728851
0.02406281
0.05060232
#999
#999
0.00734578
0.06210271
#999
0.04696034
0.04652994
#999
-0.17138708
0.01319821
-0.05955696
-0.0114237
-0.01844099
-0.01978996
-0.04975974
0.0453187
0.07730578
0.05833998
-0.05989112
#999
0.02324568
0.02667037
-0.0640321
-0.05490113
-0.05153454
0.07381801
-0.00824191
0.06095593
0.01771723
#999
#999
0.06413846
0.09417968
0.0667036
0.04706056
0.05666806
-0.00281344
0.02848053
0.00513936
-0.01694381
#999
-0.02063932
0.05814943
0.03166774
-0.03063419
0.02742791
0.03671422
#999
-0.11949433
0.00642691
-0.07555612
0.04567741
0.07113462
-0.02795048
-0.02077385
0.06709957
0.04981995
0.03272672
0.04696944
#999
-0.00885042
#999
0.07287612
0.00832736
-0.03535827
0.00701552
-0.05728709
0.07739757
-0.05341372
0.0005441
#999
-0.00759271
-0.09160877
-0.01500845
0.00911789
0.03360999
0.07465222
-0.04185682
0.0371591
0.00924461
0.01649567
-0.02496535
-0.04098132
0.08793858
0.02919007
-0.00981371
-0.01345604
0.09964237
0.01672439
-0.00613871
0.04075123
0.08124298
#999
0.05008697
0.14600536
-0.00591501
0.09217706
0.08765815
0.07705967
0.10166958
-0.00640465
-0.06219548
0.02302583
-0.00564241
0.03682813
#999
0.08275606
0.06645613
0.02206644
-0.02443256
-0.02770622
0.02688857
0.03924065
-0.00632057
-0.04193546
0.07733299
#999
0.01551606
#999
0.03794274
0.05925139
0.00644364
-0.00049615
-0.10243693
0.0197315
0.10419863
0.01416008
-0.06038018
0.04137102
0.0229276
-0.05912933
-0.03419054
#999
-0.05843296
#999
-0.05387682
0.02734687
#999
-0.00997461
-0.13443979
0.02996657
#999
0.14781864
0.04714332
#999
-0.09017088
-0.00011319
-0.10695019
-0.03047108
-0.02976216
0.04327958
#999
0.05081421
-0.04805233
0.01789789
-0.08853948
0.1466905
-0.0982462
-0.05061105
0.04616649
0.0039845
-0.06566777
0.033779
0.08792956
-0.00963006
0.09108806
-0.01249592
0.09990132
#999
#999
0.08243836
-0.00650289
#999
0.09123993
-0.01501271
#999
-0.0644888
-0.02438666
0.046744
0.00525185
-0.03679668
0.0790536
#999
-0.08167656
-0.06191767
#999
-0.0822445
-0.05000471
0.00249353
-0.00939002
#999
-0.04780455
#999
0.00566975
-0.02740671
#999
-0.00118066
0.00752293
0.03013463
0.01569575
0.01615445
0.02849975
-0.02152635
0.01597048
-0.04138601
0.02290965
-0.06982483
-0.02589896
0.0233441
#999
0.05384268
0.03406744
0.09142847
#999
-0.02549452
-0.04600398
0.00215932
0.05992501
0.03767384
0.08375597
-0.04593338
-0.01945501
-0.03350549
0.0093611
#999
0.03379232
-0.01639456
-0.12139982
-0.03293869
0.02117124
-0.07602465
-0.04568447
-0.01742026
-0.01749411
0.00141978
#999
#999
#999
#999
-0.00547538
0.01248154
-0.02323647
-0.04055937
#999
-0.10842276
-0.04263814
0.00913731
0.01921876
#999
-0.07153448
-0.03163578
0.0494635
-0.00118586
0.04348111
-0.05661408
#999
0.04049497
-0.04465647
-0.06379116
-0.02355003
0.02178438
-0.04912934
0.04286963
-0.02461038
0.03469526
-0.02679929
-0.04537425
-0.00817404
0.00295221
#999
0.06762542
-0.01904894
0.00590534
0.06551396
#999
#999
0.03684519
#999
-0.00521633
0.01179337
-0.01737769
0.04515067
-0.03842794
-0.09759213
-0.00829655
-0.02060388
0.05357481
0.01745744
-0.03065588
0.0288451
0.00759245
0.01446535
0.1590626
-0.04239647
-0.05308834
-0.02332614
-0.06007079
-0.01305238
-0.10386075
-0.12540484
-0.01778042
0.00957
0.00404698
#999
#999
#999
0.06733915
0.00287437
-0.02070768
#999
-0.00453971
#999
0.03154038
-0.04670312
#999
0.11501042
0.00890503
0.03703274
0.06655951
#999
0.04023507
0.06597309
0.00967471
#999
0.08600132
0.06881213
-0.10184121
#999
-0.06187246
0.02521757
0.03134604
#999
-0.00176307
0.02227447
-0.00231396
-0.00636003
-0.04806156
0.0217524
#999
0.00114724
-0.01156925
#999
0.01623585
-0.11322585
0.01009381
0.02667524
-0.02828929
-0.0349394
-0.04830827
-0.02927917
-0.07329079
#999
#999
-0.08116413
0.00189965
0.01425281
#999
0.06325329
0.02425206
#999
-0.03859801
0.04258223
#999
-0.04110791
0.004272
0.00993828
-0.03363699
-0.01545923
0.08137781
-0.08630252
-0.00866813
#999
#999
0.0717589
-0.04840513
-0.00193184
0.01252916
0.08592556
#999
0.09987842
0.12721341
-0.1111995
-0.02056785
0.04294735
-0.045917
#999
0.01145243
0.09161931
#999
-0.08300944
-0.0470443
-0.04801793
0.0003936
#999
-0.02271974
0.03446365
-0.0379596
-0.05636266
-0.01223028
0.02816537
0.00583709
-0.07662982
-0.03776133
0.01644709
0.02533436
-0.01156665
-0.0217048
#999
0.0567873
-0.09734994
-0.0409504
0.02209962
0.04371057
-0.01901657
0.04546474
#999
0.01857477
-0.01436137
0.07571454
-0.03571185
0.02338831
-0.01001
-0.05349673
0.0397677
0.07111704
#999
0.01442916
0.04151174
0.02138235
#999
0.03172455
-0.02902645
#999
0.03105037
0.00091998
0.03724895
-0.0013193
0.07566125
0.03458186
0.07068222
#999
0.03612616
-0.05126353
#999
0.01941449
-0.03873543
#999
0.03813755
-7.881e-05
#999
-0.05840082
0.09313876
0.07061257
-0.04283927
0.08071835
#999
0.02510613
0.06319513
0.08984266
-0.01295808
-0.01440876
0.03633029
-0.05017426
-0.01230755
-0.04843647
0.00528957
-0.03294813
0.01216693
#999
0.01097869
0.0883079
-0.00959271
0.07406004
0.0465772
0.04872402
-0.0331493
#999
-0.08126714
-0.03121093
0.0092959
#999
-0.02761817
-0.09839989
-0.0083188
-0.05364321
#999
-0.00062041
0.02215526
-0.02295938
0.00309486
-0.07851062
-0.05607745
-0.01200325
#999
0.04557431
0.01207436
-0.05062909
-0.00048248
-0.05118561
0.04688693
-0.00856894
-0.05456602
0.02078202
-0.01928237
0.05820824
0.02556512
-0.07972401
-0.07283839
-0.04784821
-0.04309742
-0.02147455
0.03986551
0.02556361
#999
0.08375545
-0.02258216
0.03582003
-0.03102975
0.02953551
0.03657438
0.02459178
0.02399773
0.00107589
0.00967414
0.0359344
0.02400269
-0.06491001
0.02774842
-0.05752599
-0.04265297
-0.06198769
0.00067996
-0.10373075
0.08745569
0.01253274
-0.06269341
0.00824989
0.03573021
#999
-0.00831238
0.04996969
#999
-0.05504791
#999
-0.03136527
-0.00608671
#999
0.04956835
-0.00423253
-0.10583209
0.08152854
0.00898272
#999
#999
-0.01008666
0.06553354
-0.04612137
0.03408557
-0.08813325
-0.04809592
0.01363263
0.07538344
0.04436667
-0.02831667
-0.00484593
-0.03699522
-0.0344028
#999
-0.01402421
-0.03328949
0.07814468
0.04550743
-0.0611735
#999
-0.02600828
#999
0.06039998
-0.00155077
0.00985418
-0.01923775
0.04671673
-0.05172777
-0.04108584
0.00898718
-0.02172732
-0.04505462
-0.05913523
-0.00783567
0.00288507
-0.10352761
0.01364452
-0.11228347
-0.08040548
0.10307844
0.08974565
0.00794267
0.06172925
#999
-0.05049952
#999
0.06052729
4.511e-05
0.09163205
-0.00441664
-0.01556467
#999
-0.03095489
-0.02537534
-0.17129874
-0.02115349
-0.05405817
-0.03920101
0.00338769
0.01887447
-0.00573479
0.04798973
#999
-0.06680883
#999
0.02128953
0.00101866
-0.02295082
0.03998446
-0.05585626
-0.02905838
#999
#999
0.02468771
0.05194823
#999
0.05206955
-0.06370258
-0.09696559
-0.03790564
-0.01516703
0.04990868
0.07649802
#999
0.03710693
-0.00211947
-0.06199221
0.06595643
0.00857701
0.00636665
-0.02212125
#999
0.00112408
0.0179312
0.07076141
-0.00012842
#999
0.06594506
0.03665079
0.03981984
-0.0394673
0.013952
0.11430105
0.02711364
#999
-0.00542415
0.05348048
-0.03753412
-0.02782235
0.01609538
0.06399008
0.0025101
0.01702279
-0.07080243
-0.06809848
-0.00793171
0.01717389
-0.08418986
#999
0.01820346
0.02260872
-0.03512887
0.06841657
-0.1105142
#999
0.06461032
#999
#999
-0.00827035
0.04604281
0.00845281
-0.05531154
0.05842626
-0.00057291
0.12829011
-0.01016286
-0.03762741
-0.07418142
0.03325737
0.00402485
-0.05156616
0.0236952
#999
-0.01435547
-0.02895423
#999
-0.04801797
-0.0067926
0.01612245
#999
0.0139154
#999
0.06642618
-0.01131878
#999
0.03609325
#999
#999
-0.03452924
-0.06133774
-0.01058467
0.03190368
0.02623645
0.06386497
-0.00937502
-0.08428621
0.04858051
-0.02580999
-0.10626472
#999
#999
-0.05181783
0.01149481
0.13761669
-0.00278656
0.00152915
0.00848552
0.04519567
0.01328299
-0.01703843
0.1059207
-0.07947565
