#Number of photons observed douring the burst: 41453
#Average flux [c/s]: 1455.5126404494383
#Average variability: 0.04338576685886332
#GRBbn191001279 temporal parameters: 
#                                   T_detection(MET)= 591604915.579128 s
#                                   T_start= -6.002000000000001 s
#                                   T_end= 22.477999999999998 s
#                                   CCF campionation= 1e-6 s
#                                   Fit amplitude= 0.5 s
#                                   Used detector= 8 GBM
#                                   Variable bin size= 10 ph/bin
-0.04662616
-0.02568271
0.01999048
-0.02832818
-0.0660549
0.04482267
-0.06021355
#999
-0.05237046
-0.05408768
-0.00832072
0.03616876
-0.03989268
-0.05785044
0.07096621
0.07371771
-0.03800946
#999
-0.02329249
0.03149616
-0.0143315
#999
0.03600768
-0.06107721
0.01680784
0.01526036
0.03957508
9.863e-05
-0.01578899
-0.03179773
-0.04946131
0.04150606
-0.05575181
-0.00705568
-0.06104887
0.03332086
#999
#999
-0.07535519
-0.0316895
0.02710881
#999
-0.03998263
-0.02186279
0.03719887
0.02689259
0.03079734
0.06798833
0.00247266
0.05355532
0.0289719
-0.0031282
-0.03725609
-0.03194101
0.01607393
0.0005716
-0.01488097
0.02804551
0.00677917
-0.00455823
-0.01910481
0.03763339
0.02388622
0.0672466
#999
-0.01134066
0.04185114
-0.05107037
0.06061512
#999
#999
0.01247847
-0.03847756
0.04283496
#999
0.02769124
-0.00584166
#999
#999
0.01318324
0.05600672
-0.04582563
-0.03983863
0.01275837
0.02581037
#999
-0.00315695
#999
-0.0169148
0.02724291
0.00182698
-0.05768964
#999
-0.08093898
-0.03819711
#999
#999
#999
0.00569646
-0.0033421
#999
0.05010054
-0.01473787
0.04051483
0.01936474
0.00337127
-0.00256631
-0.06139519
-0.04581767
#999
0.05365142
0.02528892
-0.01860443
#999
0.01447418
#999
#999
0.02084889
0.02223768
0.00935793
-0.04059656
-0.04765424
#999
#999
-0.04087478
0.06751429
0.02058964
#999
-0.00687393
-0.05361496
0.02205818
0.01164635
-0.06504874
#999
0.04402037
0.02248424
0.07125154
0.0527606
-0.10968089
-0.01898244
0.01285285
-0.00611092
0.01556597
#999
-0.0228566
-0.00665978
0.01768748
0.08637927
-0.03729211
0.01044103
-0.10067687
-0.06503381
-0.07189366
0.08489302
0.02929221
-0.00592404
0.07777148
0.00358214
-0.03291259
-0.01242379
#999
0.00554508
-0.03342783
-0.02493298
-0.06599059
-0.01422119
-0.06263088
0.01341827
0.00378457
0.0182523
-0.00715169
0.00594457
0.04021434
-0.03288091
0.04047998
0.00119741
0.0280836
0.00552006
0.01938698
0.0333358
0.07517628
#999
-0.02545959
-0.00635256
-0.01613984
0.02284535
-0.02633222
0.03493643
0.04801754
#999
0.0040065
0.02505198
0.08483068
0.04969238
#999
-0.02711789
-0.00627696
-0.00685467
0.01861318
#999
#999
-0.01852556
0.02597681
0.0039333
-0.05685007
-0.05133688
0.01768007
-0.02423848
#999
#999
-0.0191429
-0.02525087
0.01157281
0.03365183
-0.00576514
-0.00847743
#999
#999
0.01053827
-0.03237857
#999
0.01074152
#999
0.01869913
-0.03475807
0.03797239
#999
-0.00898379
-0.07085655
-0.00033175
0.0168873
-0.03564528
#999
-0.02231304
0.0380571
#999
#999
-0.05915797
0.01313456
-0.0181591
-0.00297725
-0.00980898
-0.04045391
0.01164723
-0.05954038
#999
0.0272206
-0.00493732
0.01118135
0.01716582
0.0009776
#999
-0.03574019
0.03584067
-0.01190378
0.04019331
-0.00093188
#999
#999
0.05055576
-0.00426766
#999
0.06705421
-0.0232762
#999
0.01014954
0.01741847
#999
-0.01456415
-0.04997448
-0.01283278
0.0398594
-0.00472819
0.00800165
0.0023341
-0.05454847
-0.02987525
-0.06591392
0.06256888
0.04511261
0.00082596
-0.00555736
0.00794483
-0.01900907
0.04177957
-0.03279844
#999
0.03905396
0.07072969
0.034413
#999
-0.03120271
#999
0.00111429
0.04378741
-0.0171332
0.02715115
-0.04089489
-0.01813799
-0.02433787
#999
0.04967871
0.07802978
-0.05213001
-0.02045211
#999
-0.07355217
0.05730629
0.04555094
-0.03599442
0.00100423
#999
0.0201362
-0.01523103
0.00742649
#999
0.06115029
-0.05137786
#999
-0.00361777
#999
0.0453149
-0.01792154
-0.02335328
-0.08438785
0.06465471
-0.01087207
-0.00874198
0.0861169
0.03593119
-0.01535572
0.02141236
0.06150999
0.00054947
0.04950105
-0.00739463
0.02850862
0.00194715
#999
-0.01866514
-0.04889153
0.02192802
-0.05594605
0.0337459
0.06767586
-0.01082128
0.00295596
0.00526311
-0.00912411
-0.02536138
-0.06753772
#999
0.01315772
-0.01723272
0.02015585
-0.06603292
-0.03102291
0.00864251
0.08967128
#999
-0.01000855
0.01518898
0.01379729
0.05434493
-0.03276775
-0.01062517
0.01339075
-0.00359397
-0.07264966
#999
0.05660429
0.02393156
#999
#999
#999
-0.01511196
0.01290764
0.02184698
-0.03078762
0.06822663
-0.03251345
0.0154099
0.06664845
0.03559555
-0.01896281
#999
-0.00035801
-0.0251239
#999
#999
0.00504038
-0.00272732
-0.02003759
#999
#999
-0.01442313
0.00367196
-0.00536712
-0.05051135
-0.00819575
#999
#999
-0.06985462
0.06601041
0.07642063
0.02083516
0.01810181
0.05719851
#999
0.038992
-0.02685808
-0.02895487
-0.04200594
-0.03029001
-0.06427427
-0.01409214
0.03936603
0.00213777
-0.07060984
0.02743885
-0.00547982
#999
#999
-0.02603698
0.06788756
-0.07002129
#999
-0.07277118
0.01876389
0.01262483
0.0412156
#999
#999
-0.00553428
-0.04461401
-0.00478462
-0.10556033
0.03597092
0.05534444
0.02102648
0.00810694
#999
#999
0.01103891
0.05413523
-0.01724533
-0.01644093
-0.04142326
0.00752721
-0.03182325
-0.02967119
0.02801057
#999
0.06169231
0.0551492
0.0104271
-0.0332088
#999
0.01169324
0.04964213
0.00481757
0.00011114
0.02254461
0.02816903
#999
-0.01751831
-0.05765685
-0.04995622
#999
0.00962393
-0.04984767
-0.06287425
0.10618437
-0.03022191
0.02715986
0.06437829
-0.02441096
#999
0.06092583
0.01756431
0.05053777
0.06415725
-0.08428432
0.02586515
0.01155419
-0.00915645
#999
0.00885692
#999
#999
0.0025159
-0.03758338
#999
0.02661968
-0.0019619
0.06038193
-0.02597105
0.00525992
-0.0145445
-0.03144867
#999
-0.04783826
-0.0309658
0.0311348
0.04145776
0.02456641
-0.01531384
-0.05608815
-0.00814035
-0.04644085
0.04770758
0.00259305
0.03818401
-0.04781757
0.00038413
0.01696274
0.05970005
#999
#999
0.07297954
0.00298521
0.00580349
-0.08701289
-0.05626557
-0.02354422
-0.0430177
0.05424606
0.04250281
-0.0034486
0.0038094
#999
#999
-0.00151976
0.00730745
0.00464611
0.00839495
0.01040637
0.00271676
-0.01838969
0.0326638
0.0134572
-0.00522082
#999
-0.08090123
0.00833116
-0.0984536
0.04669029
-0.0099937
-0.01643443
0.04120703
#999
0.03802301
-0.00778457
#999
-0.03039341
-0.0338369
0.00374814
0.03028271
#999
-0.03800317
0.06523191
-0.02939916
-0.02677379
0.04868911
0.00154977
-0.04199273
#999
0.05239376
0.01794753
0.04382529
-0.03657097
-0.05979203
0.07118432
0.03199415
0.02448973
0.05996226
0.02460952
#999
0.04925546
-0.01210177
-0.02557173
-0.05132754
-0.04023542
-0.01505193
#999
0.00651013
0.03528901
#999
-0.00776596
-0.0523968
0.02776048
0.07643388
-0.00278374
-0.01034628
-0.07255617
#999
-0.00644156
0.03709216
-0.01535147
#999
-0.04852798
0.03172634
#999
-0.03624744
#999
0.04359195
0.10012031
0.04793088
0.03500465
0.00300498
0.00471588
0.07033248
-0.06640134
-0.00643504
0.04022797
-0.03557449
-0.06725517
#999
0.03495033
0.01515568
#999
-0.00414424
-0.01140922
3.366e-05
-0.02456465
0.02073872
0.00857755
0.0784247
-0.03251453
0.0090465
-0.03721368
#999
#999
-0.07069807
0.04641401
-0.05625152
-0.09045715
0.07641339
0.05569836
-0.02170019
-0.04151119
-0.03287967
-0.01251682
#999
#999
#999
0.01353903
#999
#999
0.05779574
#999
-0.02120335
-0.01367422
-0.03401715
-0.01701555
-0.0162322
0.01056499
-0.04031432
0.04636264
0.00453902
0.00367072
-0.0403373
#999
-0.01988027
#999
#999
-0.04728555
-0.05680794
-0.00038252
-0.04196562
-0.07681813
0.05229714
0.01282724
0.00594687
#999
0.11682703
-0.07854482
-0.00847511
-0.02828498
-0.04033727
0.04264401
-0.02753566
#999
0.07359497
0.01472023
-0.03122178
0.07255007
#999
#999
0.00685832
0.02527183
0.06153037
#999
-0.01388103
0.0115726
0.01424062
#999
0.03378882
0.00802033
-0.04961181
0.01801438
-0.01060021
-0.00973807
-0.00338464
-0.06678815
-0.02900672
-0.08329286
-0.00415567
0.08977593
0.00785995
#999
0.02881158
-0.02111746
-0.05579751
-0.0032397
0.03377501
-0.07751907
-0.02969619
-1.026e-05
0.02438538
#999
0.02804244
0.02662862
#999
-0.05290256
-0.03025819
0.07297687
#999
#999
#999
0.01286267
#999
-0.02868989
0.03030914
-0.00351306
-0.08717215
#999
0.01314548
-0.05007474
0.05600314
-0.01267711
#999
-0.03004199
0.00168239
#999
-0.07994755
-0.14878188
-0.03054843
0.0265393
0.00084485
0.02167575
-0.01331194
0.00551341
0.0364502
-0.0165453
0.03812424
0.0493934
0.00632013
-0.10137667
-0.03795297
-0.03713668
0.0361423
0.00497587
#999
-0.01952401
-0.04992169
#999
0.03648257
#999
0.03055401
-0.00548033
#999
0.02280931
#999
-0.0034009
#999
#999
0.01165175
-0.02898038
-0.09817103
#999
0.01228841
0.02968179
0.00860372
-0.02853748
-0.00321567
0.00752543
-0.04870399
#999
0.00479661
0.06179585
0.03089778
-0.01170825
-0.02130728
-0.09459119
0.01598711
-0.05717414
0.01932174
#999
-0.02356564
-0.013124
-0.03213235
-0.00101196
#999
-0.07806455
-0.00159907
-0.04331894
-0.02928656
-0.08778566
-0.03962046
0.02888879
0.00497703
0.00571346
-0.02020452
0.01976165
-0.05549012
-0.0023895
-0.0603986
-0.00513093
#999
-0.05038335
0.00697013
0.06432585
-0.03164519
#999
-0.03901657
0.01370731
-0.0081148
0.04330013
-0.02921757
-0.0644865
0.01923024
0.0017363
#999
-0.01389505
0.0082434
#999
-0.00201596
0.08813509
0.02444213
0.02648398
-0.01196049
-0.02862319
#999
0.00334139
0.06606059
-0.03533801
-0.03715016
-0.00150864
0.02649631
-0.07985707
0.03418855
0.00017426
#999
0.00714842
0.03718873
0.00720597
#999
#999
-0.00813532
0.03223493
-0.03226276
0.01025178
0.0046181
0.01586472
0.03676158
0.01256511
#999
0.00344548
0.02881612
-0.02158877
#999
0.03292728
#999
0.05087119
0.03362897
#999
0.04727451
0.04722694
0.11375622
#999
#999
0.00735238
#999
-0.00771758
0.00834113
-0.04835943
0.01111363
0.00345866
-0.01616348
#999
#999
0.03424475
0.01880217
-0.05974566
-0.03092749
0.0126514
-0.02548357
-0.00505353
#999
0.04519234
0.07595658
-0.01386242
-0.02638773
-0.02156156
-0.01190609
#999
-0.0104958
0.02113173
#999
0.01819847
0.03956493
-0.00798356
-9.146e-05
-0.0529356
0.01192776
-0.05974333
-0.02273037
#999
#999
0.01812342
-0.0547332
#999
0.0050096
0.01233255
-0.05621233
0.04097636
-0.00470744
0.05096451
0.01129966
0.0020209
#999
-0.00020104
0.02088275
0.01091195
#999
0.01701627
-0.01862124
0.02488447
0.02847198
-0.02849011
-0.02304799
#999
-0.02720351
-0.04417657
0.08280822
0.0168374
0.00988067
0.02311399
-0.00470912
0.04933
-0.04751107
#999
0.02055649
-0.02333317
#999
-0.00689338
0.06663561
0.04069263
-0.01959593
-0.02860521
#999
#999
#999
#999
-0.02368291
-0.00926726
0.00253777
#999
0.05009415
#999
0.00708466
-0.11852701
#999
#999
#999
-0.00125271
0.05090196
-0.00262383
0.05267867
-0.01663842
0.0121451
0.01062701
0.04207024
-0.03342308
-0.02125442
-0.00023098
0.07516599
0.02697327
-0.00569566
0.02392007
0.01610242
0.03719519
0.01566375
-0.03176332
-0.00053695
0.01262285
#999
-0.00637779
#999
