#Number of photons observed douring the burst: 40926
#Average flux [c/s]: 1613.801261829653
#Average variability: 0.05816561465073105
#GRBbn100528075 temporal parameters: 
#                                   T_detection(MET)= 296704083.10967 s
#                                   T_start= -1.754 s
#                                   T_end= 23.605999999999998 s
#                                   CCF campionation= 1e-4 s
#                                   Fit amplitude= 999.0 s
#                                   Used detector= 9 GBM
#                                   Variable bin size= 10 ph/bin
0.3664162
0.27542728
-0.31895661
0.19481799
-0.05283944
0.15179867
-0.09072004
0.02641121
0.13661466
0.21157275
-0.28807414
0.09663622
0.06009305
0.00035863
0.29755155
-0.58011221
-0.08873874
0.02938021
0.11416632
0.06046712
0.42024449
0.09997469
-0.14309716
-0.21609591
0.01596326
-0.12150533
0.05285242
0.17580821
-0.16211329
0.10942728
0.1499023
0.15064107
-0.11093022
-0.16809377
0.01870149
-0.01291658
0.28326414
-0.33764601
0.11989485
0.20317185
0.14511516
0.03617455
0.06520181
-0.02540764
0.14917068
-0.26645969
0.0219784
0.21660266
-0.12675093
0.43444077
0.12097169
-0.20201343
0.1328869
0.34777832
-0.08917738
-0.15366125
0.03997807
0.16863994
0.11725146
-0.32715809
-0.14463645
-0.07354018
-0.25257609
-0.23557709
-0.18652096
0.33149414
-0.10754761
0.18747778
-0.01788022
0.04277366
0.1466022
0.04290949
-0.20369169
0.16631743
-0.14529376
-0.02296881
-0.22206186
-0.18210806
-0.15814921
0.11443827
-0.15776583
0.11137752
0.03221057
0.24242416
0.06449064
-0.06116273
0.23462422
0.03896652
0.155452
0.00887893
0.23474101
0.24150007
-0.07826892
-0.13843201
-0.03237489
0.13455423
-0.09055294
-0.02690313
0.15938619
-0.20373688
-0.38071104
0.13460642
0.0084563
-0.31221257
-0.18835927
0.03167856
-0.08178497
0.20582784
-0.13327931
0.02949817
0.08767753
-0.05452371
-0.57435975
-0.12704684
-0.40745868
0.07160872
0.10136328
0.09693124
0.2003252
-0.18627244
0.09774795
0.08219747
-0.22213342
0.08337562
-0.14078981
-0.3684156
0.29586508
0.24163069
0.11840027
0.02686022
0.179697
0.34110285
0.27455353
-0.4916038
-0.51609429
-0.11084075
-0.07377466
-0.0360624
0.36400681
0.33627294
-0.36481555
-0.1431413
-0.14614116
-0.13032651
-0.10246852
0.00773098
-0.37107642
0.0652979
0.22080293
0.19847623
-0.0035506
0.09406514
0.19818802
0.22457053
-0.04812341
0.38501624
0.01096026
0.01082873
-0.50103849
-0.58422083
-0.10381511
-0.17837993
-0.02668029
-0.11333316
-0.16050481
0.31234936
0.22778835
0.0484816
0.1360794
-0.06946925
0.04080765
0.08587149
0.20191494
0.32163294
-0.3198184
-0.09328631
-0.19554254
0.1611269
-0.05509614
0.21975666
0.34057547
-0.44315802
0.19325984
0.00248083
-0.00053268
-0.17298816
-0.11230219
-0.19318924
0.15998691
0.02867006
-0.34615871
-0.45160443
0.11340071
-0.07695445
0.35818399
-0.25088423
-0.074351
-0.04630232
0.0717452
-0.35373908
0.00236164
0.36610329
0.11005424
-0.18400736
0.31020404
0.37076775
0.05949876
0.46706239
-0.05238506
-0.10894994
-0.11097321
-0.01925131
-0.09615983
-0.07755339
0.32470702
-0.06216718
0.19285492
-0.14546962
-0.19477673
0.2037915
0.13607751
-0.30180697
-0.09822864
0.1623671
-0.06400165
-0.18447757
-0.05856368
0.49728199
0.12475117
-0.05273857
-0.01319399
0.23736156
-0.23695162
-0.05922731
-0.23715416
0.02392635
0.09517045
0.55496724
0.21506618
0.08395221
0.47281075
0.13605551
-0.13667605
0.02128923
-0.15226122
0.30066113
0.01449242
0.01619493
-0.5442399
-0.09162541
-0.19803968
0.25703073
0.0291635
0.01855892
0.22657058
0.13092138
-0.10819643
0.50604003
-0.11799603
-0.12924095
0.12982723
0.09969614
0.06512747
-0.03815329
-0.19084936
0.16712854
-0.11467784
-0.28275623
-0.05906936
0.16029087
-0.10204884
0.08778839
0.14278527
0.25172676
-0.12246576
0.13941845
0.1034163
-0.1031584
0.33181486
-0.25540804
0.23457443
-0.49321508
-0.05837673
-0.09809366
0.02347002
0.08384695
0.11013744
0.31753803
-0.00704201
0.06982749
-0.10235578
0.31137301
-0.01999495
0.04338147
0.12955209
0.27043258
-0.47091209
-0.45587703
0.2054695
0.02440627
-0.48607213
0.08340143
0.32166403
-0.43843107
0.00175644
0.32411337
-0.10986478
-0.05598332
0.05079551
-0.06819352
-0.04963584
-0.10594291
-0.28338115
0.28172291
-0.13708514
0.1338303
0.03866697
-0.2215165
-0.02097471
-0.42458992
-0.50567732
-0.00712592
0.2887182
-0.15068086
-0.26986191
-0.02301377
-0.09712383
0.08224055
0.33997352
-0.11686698
0.19141324
0.07648062
0.25039122
0.05059894
0.19517336
-0.04517757
-0.25294048
0.10435157
-0.19109493
0.09498183
-0.02519607
-0.33430367
0.08033049
-0.23083352
0.08891127
0.26309615
-0.07410973
0.29894216
0.11105708
0.42707528
0.1953058
-0.04339132
0.07482542
-0.27581213
-0.07901258
0.06044505
0.38696487
-0.04178686
0.02491973
0.15896096
0.07399534
0.42992256
0.10285634
-0.08620764
0.17442731
0.3556002
0.3867131
0.07122121
0.17895133
0.28918625
-0.26318028
0.07149855
-0.14281572
-0.45132538
0.15567103
0.09438945
-0.04901301
-0.20488214
-0.14245972
0.55828678
-0.07039082
-0.0279933
0.28140928
-0.20005934
-0.17533621
-0.18069279
0.10434833
0.21509275
-0.04631147
0.03103694
0.01501951
0.24948259
0.24354101
-0.23878278
0.11524666
-0.05368262
-0.06790367
0.18077633
0.15103855
0.18075017
0.16453112
-0.63457854
-0.06048949
-0.23200331
0.28516477
0.0905645
0.44177062
-0.0746835
0.35888074
0.13222212
-0.02495788
0.2973413
-0.26875278
0.32216393
-0.28733784
0.23177167
0.05447014
0.04505829
0.13445438
0.12141292
0.00721182
0.13685678
-0.06828175
0.08836456
-0.23318104
0.08502754
0.15356374
-0.27924169
0.26896907
-0.22038065
0.01261743
-0.07311942
0.03581189
0.05238452
0.4249253
-0.04622653
0.0053334
0.25654482
-0.181456
0.34120946
0.20668554
0.38569614
-0.06156965
0.00303908
0.04750981
-0.00637227
0.28863646
0.30800531
-0.05157032
-0.03147807
-0.09721459
-0.15441698
-0.40113494
-0.00390207
0.17702477
-0.15011153
0.0347988
-0.00285902
-0.49383797
-0.0262358
-0.50840428
0.23484329
0.09821731
-0.01761267
-0.23130877
-0.13097708
0.2256392
0.08627968
-0.02458747
-0.03454662
0.28183458
0.2754585
-0.32217445
0.02990564
-0.24644195
0.1640775
0.07736361
0.10819695
-0.09076745
-0.22813244
0.15711147
0.01107907
0.00215485
0.09144905
-0.3088652
0.31597966
-0.22689857
0.47516958
0.00979392
0.04346255
0.11088338
0.13505903
0.13842802
-0.00323792
-0.32160919
0.13324029
-0.26110751
-0.06122223
0.19812876
-0.19504679
-0.02399513
0.04666019
-0.02129607
0.08730641
0.04190268
0.03317891
-0.19306009
-0.23102267
-0.04549681
-0.37617636
-0.04662722
0.2310826
-0.14345448
0.01754841
-0.16085298
-0.08601654
0.00222432
-0.2011811
0.14395443
0.176148
0.29249559
0.01058971
0.25614983
-0.18451888
-0.02836559
0.29333123
-0.10060133
-0.04640728
0.17652679
-0.26476227
-0.19027871
0.17653502
0.24242242
-0.09774205
-0.30915144
0.22227768
0.03072197
-0.14683569
-0.44631987
0.08586459
0.10427765
0.12838981
-0.29345449
-0.24236374
0.06544391
-0.02404441
-0.06483725
0.01927537
0.11345146
-0.03479785
0.30926303
0.02438966
-0.10485445
0.02912466
0.24481009
-0.1922251
0.0768965
0.03467454
-0.14885666
0.19516469
0.01799546
0.09910077
0.01046823
-0.0330321
0.34364875
0.02933403
-0.07918999
-0.03082215
-0.34191065
0.2203886
0.18775987
0.07293245
0.11525609
0.00997378
0.1350561
0.04938944
0.07697418
-0.28454949
0.12243873
0.27591438
0.16650604
0.22332199
-0.25588797
0.027349
-0.12576201
-0.19768455
0.00326806
0.40839004
0.35801292
0.21715994
-0.02463897
-0.0306939
0.14910841
-0.09370994
0.20098774
-0.26525806
0.39352139
-0.03379112
-0.01293516
-0.02404394
-0.24485871
0.40854383
-0.24550735
-0.17270898
0.1000335
0.14550419
0.35001789
-0.0779442
0.22411392
0.01339137
0.1052855
-0.06102047
-0.00241467
-0.00281129
0.25214831
0.24280679
-0.32441063
0.02977049
-0.19536145
-0.29090223
-0.29659365
0.02061076
-0.1957689
0.05120464
0.0344742
0.2061777
-0.12989139
-0.23857899
0.18368209
-0.16068112
0.22649975
0.28772513
0.08998483
0.09534406
0.40017091
0.19640121
0.03931368
-0.17328757
-0.17078539
-0.18263007
0.54159081
0.22507585
0.32050338
-0.16639173
0.27537526
0.05166417
0.01954898
-0.08880038
0.2090545
-0.06655484
0.02453293
-0.07955552
0.00276285
-0.11438901
0.07768821
-0.12485201
0.11972696
0.00116913
0.05713979
0.14784197
-0.16546729
0.04640226
0.00045099
0.21118516
0.38016453
0.0149655
-0.28454022
-0.2530898
0.0814574
0.14573623
0.03274493
0.10419086
-0.05048535
-0.01809467
-0.10558961
0.03920254
-0.12057736
-0.20069228
-0.40762951
0.03135522
0.31263373
-0.00891051
-0.02288301
-0.12393592
-0.18648845
0.02004974
-0.03932151
-0.01851093
-0.3494642
0.14884443
-0.30204317
-0.26654439
-0.00240951
-0.14980719
0.01110207
-0.06768237
-0.05252505
-0.02716602
0.33528673
0.34944728
-0.02339567
0.24710125
-0.1901668
0.15968383
0.17883298
-0.45110613
-0.15479714
-0.06399321
0.04922356
0.21543413
0.09222315
-0.03853634
-0.05500563
-0.23479575
-0.20464226
0.20611037
0.13057699
0.4036201
-0.08220627
0.12002734
0.07371994
-0.2106041
0.10180471
0.08083244
-0.02565607
0.05483338
-0.43689794
-0.09785472
0.03437212
0.14662869
0.17306758
-0.21724963
0.23144297
0.12510959
0.0115537
-0.4613294
0.07703611
-0.23353135
0.08585188
-0.08054503
-0.24809594
0.20208752
0.09026051
0.14928478
0.09162093
-0.22495566
0.13841344
-0.24993227
0.11517932
0.49346834
0.17674028
0.01552051
-0.16673263
0.20372458
0.26829784
0.15146597
0.48008076
-0.10633235
0.28953072
-0.02028289
0.27175418
0.08520085
-0.19017415
-0.06700586
0.06430614
0.09418642
0.01227107
0.19805136
-0.2353683
-0.09246076
-0.20233576
-0.34436006
0.12770975
0.42483979
0.39395468
0.05682545
0.31188169
0.37243332
0.3717817
0.00193115
0.05159388
-0.08030499
-0.24668581
-0.1238852
-0.39877208
0.15334334
0.04980234
-0.22159588
-0.08802821
0.32032783
-0.14558662
0.08216401
0.18379841
0.6448566
0.19396226
-0.26791961
-0.14213858
-0.23207403
-0.09316088
-0.20251181
0.01542651
-0.02182612
-0.22428725
0.02305594
-0.03880166
0.16046116
0.26890535
0.05208964
-0.11853779
0.46327797
-0.1758178
-0.16213563
-0.06722317
0.1493271
0.12505235
0.22959854
0.25340122
0.11623014
-0.28996897
-0.01013976
0.19468419
-0.15739345
-0.01116927
-0.09169004
-0.29979237
0.13615258
0.10278968
0.24902727
-0.06446222
0.05820891
0.08346326
-0.02601419
-0.22007135
-0.3028123
0.08247269
-0.07582751
-0.04482767
0.28862439
0.00412756
-0.49673893
-0.004938
-0.05062562
-0.12319725
-0.02768128
0.14655249
-0.23399327
-0.01039342
-0.20603491
-0.10870021
-0.05493768
0.17734322
-0.21938028
0.13038579
0.20847557
-0.36814035
0.09785347
0.03231798
-0.01836815
0.00100855
0.0610824
-0.2336626
0.01163561
0.00171518
-0.12732555
0.07257989
0.11135756
-0.03780843
0.06118914
0.18734448
0.24594136
0.28506379
-0.03766919
-0.22437982
0.09929644
0.001882
0.17331048
0.13270101
0.02253147
0.09292644
0.08246815
-0.1040845
0.19928556
0.02039347
-0.22780352
0.14237878
0.01039285
-0.01628485
0.03370147
0.0036051
-0.1468147
0.45869715
0.1007078
-0.31305627
0.18631585
-0.03651461
-0.26230014
0.10615761
0.06292401
0.07645127
-0.153089
0.08524827
0.07417512
-0.07453502
-0.20514825
-0.22959399
-0.08377869
0.22499109
-0.02630076
-0.00895191
-0.18038522
-0.00720253
-0.05052834
0.22193653
0.33255741
0.17787545
0.15067408
-0.28916774
0.08539832
0.06057046
0.05451188
-0.02847567
-0.00230758
-0.14451009
0.04304854
0.2862309
-0.23012167
0.05602572
-0.20715314
-0.06649292
-0.25339882
-0.21543992
-0.17365037
-0.20343266
0.16216961
-0.12691059
-0.41274393
-0.06573956
0.09414694
-0.21949133
0.40063593
0.05879762
-0.26205132
-0.32070218
0.07855423
0.31244258
0.19671751
-0.24312877
0.0459246
-0.06517031
-0.07543779
0.11471158
-0.39048781
0.00998231
-0.15416792
-0.26994783
-0.30410501
0.21902346
-0.05808971
-0.24795364
0.07917392
0.29016514
0.10254381
0.17664042
0.36316972
-0.25305464
-0.0348289
-0.08108705
-0.19445664
-0.39397987
-0.11443537
-0.23101467
-0.10183685
0.01293275
-0.07549809
-0.03189404
0.03533576
-0.10466699
-0.14177649
0.07463931
-0.08952307
-0.17594123
-0.32490583
0.15383321
0.05481634
-0.23156857
-0.07224494
0.07916288
-0.52716931
0.04411527
0.33247598
-0.04927997
-0.10544552
-0.09840259
-0.04168308
0.03149403
-0.11367644
0.10497713
0.36329314
0.14243673
-0.31988318
