#Number of photons observed douring the burst: 72862
#Average flux [c/s]: 1062.360574469636
#Average variability: 0.016066051619880676
#GRBbn201208252 temporal parameters: 
#                                   T_detection(MET)= 629100208.248204 s
#                                   T_start= -23.462 s
#                                   T_end= 45.123000000000005 s
#                                   CCF campionation= 1e-4 s
#                                   Fit amplitude= 0.8 s
#                                   Used detector= 6 GBM
#                                   Variable bin size= 10 ph/bin
-0.12176814
-0.14658558
0.19499378
-0.11348732
-0.30828934
0.32621681
-0.14112826
-0.04369113
0.15612445
-0.26679744
-0.21897332
0.06338404
0.1179726
0.03213605
0.19845426
19.53251927
-0.21628079
0.65553
-0.05387077
-0.3007549
0.3659472
0.14160149
-0.16007604
0.0156275
0.20554931
0.01589061
-0.33130096
0.17044427
-0.02494914
0.26874949
-0.12851418
-0.03872059
-0.16543065
0.08002115
-0.01990152
-0.15720133
0.02019759
-0.15207739
2.24780093
-0.20188699
-0.15506614
-0.12733184
0.50028824
-0.00072923
0.02303839
-0.20304873
#999
-0.07938733
-0.02400272
-0.35486624
-0.23966227
-0.15620027
-0.68947755
-0.21262121
-0.13951097
-0.30163379
-0.30133985
0.23908993
0.23496897
0.21536655
-0.085647
0.01391827
-0.00964611
-0.16436072
-0.25995306
0.15509418
0.26862491
-0.11853108
0.17168072
0.1537519
-0.00089084
-0.29457528
0.25802485
-0.14357369
-0.1465112
0.19726048
0.15862028
-0.07931455
0.08239594
0.05276793
-0.00747024
-0.13847063
-0.11989312
-0.18850161
0.08634807
0.17525977
0.12159803
-0.03462602
-0.24310676
0.23748429
0.01917957
#999
-0.22561678
0.14722463
0.1609685
-0.0516821
0.12700581
-1.14333354
-0.04078227
0.37632036
0.11436012
-0.16529937
0.64974121
0.09768533
-0.14496641
0.10323846
-0.85950092
-0.06825928
0.06197146
0.08736569
0.03829909
0.0868503
0.45685364
-0.08776221
-0.5467792
-0.19941081
-0.14308069
-0.11822931
0.05064259
0.67480585
0.28051949
-0.40897674
0.32758797
-0.15180089
0.28225361
0.38605508
0.02666616
-0.02713052
0.37276349
0.09242788
0.08117457
0.17226186
-0.25077972
0.09753424
0.1876488
0.08980962
-0.30133211
0.37674309
0.05147378
0.05837023
-0.58334778
0.07779891
0.10683136
0.2425622
0.27585908
0.144924
-0.41095007
0.27037135
0.07447546
-0.08156343
-0.13519904
-0.28413676
-0.031601
-0.54620623
-0.07318239
0.29330279
0.19963105
-0.026198
-0.14833526
0.17125858
0.16790799
0.37768353
-0.08868145
0.23142154
#999
-0.30255141
0.03729837
0.30467093
0.03169338
-0.17289297
-0.19019985
0.15911677
0.03233641
-0.21477773
-0.15676483
-0.27410896
-0.06899118
-0.28857925
0.01068498
-0.14899532
-0.01063176
0.29550511
0.05482117
0.01357973
0.41106604
-0.22361842
-0.54381104
0.09814256
-0.07552478
-0.18607044
-0.15707446
-0.09027218
0.53278453
0.06966142
-0.11272375
0.19369262
-0.0763622
-0.14543001
0.30229958
-0.55441021
0.08157607
0.26404217
-0.11505212
-0.33314739
0.23171428
-0.14858427
0.02495121
0.25950184
-0.16706052
-0.01995761
-0.06078705
-0.21341269
-0.74650079
-0.12380502
0.07844455
0.38352672
0.18097532
-0.51933834
0.59407797
0.09741672
-0.53067527
-0.21579351
-0.23614348
0.10925209
0.59930618
0.05093173
-0.00575922
-0.04519496
0.10460206
0.25575816
-0.01107483
0.10285903
-0.08183715
0.25704393
-0.14763043
0.16629393
-0.06323757
-0.07750253
-0.16387599
0.09637884
-0.52572346
0.23540654
-0.1860989
0.19635285
0.07533355
0.17518733
-0.30073382
-0.10096187
-0.16126001
0.06086613
0.04905647
0.04208418
-0.25955157
-0.21044339
-0.10494382
0.12230768
0.01309343
-0.17530862
-0.20016458
0.08470218
0.33885757
0.00043947
-0.01047448
-0.07900206
0.02613669
-0.08576438
0.21479146
-0.12192157
-0.04025231
-0.07174842
0.19284164
0.01166894
-0.24333653
0.26167543
-0.22363322
-0.35665263
-0.00406328
-0.03504263
0.25739899
-0.19392103
-0.21646319
-0.07631542
0.09940963
0.18835325
-0.03378094
0.11453735
0.28030608
0.77312496
0.05184868
0.28717372
0.1627423
-0.04505843
-0.03012618
0.34086944
0.42634231
-0.17541521
-0.1435292
0.01241697
0.29140274
0.04966576
-0.27930991
0.16735652
-0.16175229
0.36148138
0.10827862
-0.180139
0.13265444
-2.72973494
0.02676707
-0.13644267
0.24370825
-0.08666046
-0.22438992
-0.13641094
0.21478536
-0.19439535
-0.018119
-0.05770393
0.02750424
0.50546821
0.03058109
0.03017386
0.0391535
0.31472179
0.31366001
-0.16380753
-0.03235351
0.51668329
0.26377464
0.07908484
0.22843181
-0.04195149
-0.14888828
-0.06900812
0.02050175
-0.13145198
0.13124093
0.10114544
-0.14329651
0.16604715
0.19659498
0.25109589
-0.6251491
0.09294455
-0.09754913
-0.17867653
-0.02667412
2.96580282
0.55496796
0.0408884
-0.21756121
-0.30106359
-0.20235499
-0.43154917
-0.17541453
0.01718141
0.13731331
-0.07067671
0.28568531
0.03161527
0.17442028
-0.21299061
-0.13819772
0.11812071
-0.14410052
-0.11077572
-0.14195665
-0.19356723
-0.11971479
0.05490976
0.10298919
-0.11077248
-0.2895523
0.69980627
-0.2215388
-0.13737991
-0.0972386
0.07127733
-0.115006
-0.2141765
0.1268492
0.1120919
0.13839106
-0.18144196
0.17418881
-0.05683437
0.39166262
0.33932426
0.21837297
-0.06989271
0.12052054
-0.09279055
-0.35757564
-0.26573998
0.13695484
-0.10986886
0.17554944
-0.03041446
-0.33694124
0.12990168
0.24247732
0.01033445
0.40522776
-0.12429811
-0.15414955
-0.29189974
-0.09580501
-0.05266955
-0.08601026
-0.02618463
-0.14034752
0.07162547
0.21426518
0.23727685
-0.23061209
-0.56168948
0.26675329
-0.07007971
-0.10003077
-1.1503553
0.26818313
-0.0057077
-0.16179936
-0.09808285
-0.03260253
0.13515017
-0.51315067
-0.48186619
0.14518169
-0.13281427
-0.26632368
0.04713197
0.16176784
0.36671918
0.55126518
0.11736848
0.70830871
0.0911387
0.68071641
0.30474342
0.54118887
0.08723955
0.28955342
-0.25802638
0.10007073
-0.08389637
0.04459892
-0.37787234
0.12143384
-0.05040704
-0.20484772
0.21799146
-0.14764046
-0.14379997
-0.28117589
0.10806227
-0.11316614
-0.01902055
0.11019714
0.37645435
0.15590851
-0.03338684
-0.16879975
0.08867327
-0.22129096
-0.12497273
0.1508785
-0.38327651
0.13893273
0.35684035
0.40831398
-0.15007086
0.18541397
-0.13127472
-0.1608717
0.73409034
-0.328641
0.4186491
-0.01883796
-0.56507541
-0.1534172
0.21530292
-0.09460197
-0.5619273
0.0916008
0.17973387
-0.15599174
-0.68761072
0.29488078
0.25723964
-0.21826977
-0.28169077
0.53213124
0.21636431
0.24565444
-0.10754711
0.07906345
-0.10330937
0.07133373
0.10437198
0.10525167
-0.36821098
-0.15049097
-0.38114935
-0.08866861
-0.34223931
-0.19710831
0.08858426
0.22838271
0.034434
-0.19721066
0.05408313
0.22465818
0.15706974
-0.11443825
0.07799647
0.24346855
0.51355446
0.45749989
0.06312879
-0.09836927
0.0430043
-0.19042647
0.19217127
-0.02610039
-0.32087689
0.24990027
0.14432014
0.266749
0.24703837
0.09565551
-0.47334637
-0.05168193
0.12224753
-0.06643056
0.32601027
-0.0858891
-0.09157523
-0.00703482
-0.10792462
-0.01838371
0.01361374
0.42613286
0.31674428
-0.19970266
-0.04745951
0.06841442
-0.1142783
0.10549819
-0.32928553
-0.22192457
-0.02996862
0.32546758
-0.05220924
-0.18877098
-0.23052561
0.20562199
-0.10678963
0.12047791
-0.28726471
0.09467275
-0.12952837
0.04203454
0.15632802
0.32031097
-0.08875342
-0.09507479
-0.35657674
-0.18185631
0.35707677
0.2017193
-0.10245304
-0.2041878
-0.35972551
0.22609647
-0.1812692
-0.07127439
-0.12264496
0.04402877
0.13274444
-0.09247516
-0.10506528
-0.19482512
-0.13325233
0.15249965
-0.16151292
0.19739183
0.09061135
0.04418378
-0.11068154
-0.16274968
0.1063218
0.13780809
0.17410695
0.06620733
-0.36793189
-0.08649119
-0.25638321
-0.03731858
-0.05908518
0.18377833
0.29745716
-0.05322229
0.05096152
0.19428175
0.11314453
0.10584099
0.6159436
0.13382009
-0.66891314
-0.41194808
-0.02628592
-0.21434606
0.17999158
0.08622384
-0.14571779
-0.00216215
-0.08993534
-0.10862196
0.24109758
0.03498376
0.21756998
-0.12085354
0.48074494
0.39278695
-0.0820737
-0.18319958
-0.15820306
0.53514662
-0.09725152
0.00713186
0.1671804
-0.14785174
0.05913049
-0.22390159
-0.22425315
0.05958926
-0.18931605
-0.2551531
-0.19123242
0.08955198
0.22446056
-0.00618951
-0.28967498
-0.37179895
0.11247054
-0.08411727
-0.27896548
0.09522288
-0.41588237
0.10769991
0.09721681
-0.56193667
-0.1707658
-0.22409994
0.0833303
-0.51666466
-0.04678801
-0.23363131
-0.20257424
-0.17625186
-0.63836827
0.11407049
0.04869163
0.07390292
0.23937378
-0.08112589
-0.34850618
0.19012206
-0.07660484
-0.02774244
-0.93031843
-0.61018231
-0.17485225
-0.16896325
0.11517461
0.04413753
-0.4863033
0.04033337
-0.01714767
0.35083571
0.10354855
0.56419218
-0.38588987
-0.05429536
-0.25426291
-0.58868542
-0.17032434
0.01052645
-0.01986623
-0.25527211
0.14704942
0.13999547
-0.39843546
0.22027134
-0.5689971
-0.00739278
0.62766997
0.03334167
0.09425741
-0.19740191
0.01784166
-0.04714951
0.02148276
-0.11777509
0.21362306
0.55120513
0.60834109
-0.19871977
0.08808265
0.33572681
-0.03298637
0.15232871
0.10499025
-0.18640318
0.02162751
-0.22896843
0.02278029
-0.24371392
-0.16471571
-0.18210011
0.32201822
-0.07840692
0.01765542
-0.08150889
0.30094183
-0.36585826
-0.1300422
-0.00946876
0.07624371
-0.15236449
-0.23594898
-0.63973573
0.07778387
0.07549355
0.10599798
0.09310149
0.34914802
0.03831469
0.13019459
-0.13152214
0.0776802
0.58356958
-0.17533315
-0.01782052
-0.14984177
-0.10097585
-0.06570276
-0.3019191
0.30805025
-0.24756391
-0.00662242
0.03715675
#999
0.13315847
0.28712436
0.06926169
-0.14071901
0.02201387
0.2177185
-0.23943801
2.65094102
-0.10859291
0.06015663
0.04473719
-0.07448083
-0.01913478
-0.04657457
0.3969231
0.09361494
-0.46983319
0.14081334
0.10098898
-0.00974268
-0.62733904
-0.24503077
0.10096075
-0.01180185
-0.18038981
-0.11164354
-0.01884602
0.56259968
0.00148818
0.02193332
0.09334184
0.30194159
-0.54977748
-0.13419048
0.15681747
-0.36817371
-0.17845467
0.59011591
-0.05326856
-0.11223547
-0.6820691
-0.43173922
-0.12552349
0.07780607
-0.12592791
-0.3139059
-0.18765921
-0.14747889
-0.1236182
-0.22977346
0.07682885
-0.18806408
0.76514675
-0.28383633
-0.04696626
-0.44599913
-0.20647584
-0.07633805
-0.15169562
-0.64109618
0.2456284
-0.11158561
-0.20609401
-0.08165137
0.6242235
0.60571672
0.01899708
-0.09981866
0.20399141
-0.09541742
0.17608152
-0.17650132
0.09655447
-0.03603286
-0.16423814
-0.13985703
-0.3291996
0.33365273
0.1381522
-0.07300518
-0.25234738
-0.00205354
0.1009929
0.03483308
0.14886825
-0.38411991
0.21343857
0.13478775
-0.0417006
0.76447918
-0.27582781
-0.01560591
0.29911558
-0.08330064
0.02461666
-0.00863396
0.30116604
0.08254244
0.57080993
0.03528568
-0.01114526
-0.03837149
0.28996025
0.32171768
-0.14662659
-0.18653588
-0.03048669
-0.14846327
0.57707153
-0.28471902
0.1029428
-0.004842
0.15651341
0.10679417
0.17948806
0.03857164
0.65616874
-0.6068375
0.03669046
-0.44763586
-0.12087794
0.13995311
-0.12427109
-0.02321258
-0.07429545
0.03326369
-0.22447377
-0.06217865
0.01271913
0.10834626
0.15100306
0.04373201
0.1567395
0.25126097
#999
-0.13894183
-0.09667493
0.48517244
-0.15492597
-0.22799247
-0.0590113
-0.17900908
-0.34831439
-0.10233548
-0.32250254
-0.03216959
-0.20688898
-0.14732014
0.63955988
-0.13506515
-0.23209037
0.4778033
0.15095058
0.34368983
-0.07714871
0.14058563
-0.61657007
-0.0537149
0.14488577
0.18579042
0.12711282
0.20423665
0.33123668
0.04292776
-0.49533055
-0.80362513
0.02143803
-0.10254172
-0.02483765
0.34296749
0.05393282
-0.26520427
0.03048693
-0.15379432
0.11735836
0.35883857
0.09787361
-0.16818801
0.17833011
0.1938021
-0.21569885
0.26098863
-0.17453732
0.13838344
0.09183142
0.16449416
-0.0949304
-0.68522682
-0.44109107
0.22406495
-0.02139166
0.26712555
0.01240035
-0.34370545
-0.06973206
-0.18551486
4.36515017
1.54527427
0.233638
0.11689396
-0.2496176
-0.33779943
-0.26636876
0.22325788
-0.21952315
0.29156999
-0.06833529
0.23029732
-0.75604906
0.25797746
0.1630843
-0.12750209
-0.30119798
-0.24051941
-0.07555937
-0.07399012
0.59220639
0.18087084
0.5599511
-0.03498585
0.26908623
0.15025172
0.1336075
0.27432104
0.2747447
-0.02718152
0.2011854
-0.00761213
2.12084733
0.17407852
-0.28059935
0.17726714
-0.05862026
0.1623559
-0.01590233
-0.23389399
0.1207357
0.05486848
-0.18720623
-0.17345306
-0.04381229
0.31082034
0.10864818
-0.14416362
0.0524429
-0.330864
