#Number of photons observed douring the burst: 45217
#Average flux [c/s]: 1752.5289717452815
#Average variability: 0.05094439554418335
#GRBbn101231067 temporal parameters: 
#                                   T_detection(MET)= 315452212.61084 s
#                                   T_start= -1.141 s
#                                   T_end= 24.659999999999997 s
#                                   CCF campionation= 1e-4 s
#                                   Fit amplitude= 0.2 s
#                                   Used detector= 9 GBM
#                                   Variable bin size= 10 ph/bin
-0.02183733
0.03324998
0.00499703
-0.00756976
0.00491652
0.01183436
0.0176716
0.0182808
0.01531429
-0.02000809
-0.02036942
-0.01575908
0.00040844
-0.01670162
-0.00602383
0.01996144
-0.00970219
0.0098495
0.00115638
0.00821656
0.02927233
-0.00945047
0.00785853
0.01558792
0.0307307
-0.00044706
-0.01184088
-0.00206257
-0.00534933
0.00478059
8.255e-05
0.01568239
-0.01487542
-0.0353896
0.02030288
-0.00211383
0.00455775
0.01100182
-0.03330928
-0.00768777
-0.02337119
-0.00430783
-0.01881993
0.00929204
-0.01549168
-0.01788263
0.00558797
0.00843995
0.00938349
-0.02659602
-0.00669099
0.00548347
0.03007149
-0.01310899
0.01680357
0.00563795
0.01229769
-0.04623126
0.01163181
-0.02571432
-0.00293579
-0.01574482
-0.00915861
-0.02101833
-0.00703443
0.00497316
-0.01208986
0.00462562
-0.02453226
0.0041728
-0.01242037
-0.00657345
-0.02186727
0.00511074
0.00802474
0.00276991
-0.01465148
-0.01684901
-0.01682716
0.02653929
-0.02003856
-0.00955664
0.04336591
-0.00991977
0.00700557
0.00032911
0.01036589
-0.00504156
-0.01106914
-0.01968979
0.0024294
0.02730525
-0.03963126
0.01741564
-0.01310049
0.00495919
0.01896019
-0.02274746
-0.00538301
0.01825908
-0.0047158
-0.01972959
-0.00241077
0.0129091
-0.019661
-0.02258243
-0.01190397
0.01688498
0.01111057
0.01019479
0.00199775
-0.02589538
-0.02283745
0.00957972
-0.01678712
0.01059949
-0.01964177
0.03815299
0.00498361
-0.00584529
-0.01333444
0.01534838
0.00287172
0.02143109
-0.01261417
-0.04680677
0.01774521
-0.00430102
0.00158782
0.02801658
0.00896403
-0.01538606
-0.00931631
-0.01729361
-0.00273852
0.01128023
0.00675302
-0.01472102
0.00415541
0.01738939
0.00728589
-0.00667185
-0.01328756
0.00923699
0.02162895
0.01135812
0.01152914
-0.01607489
-0.02876899
0.01837621
-0.01472867
0.00551473
0.01305604
-0.00871188
0.04295092
-0.01030037
0.01673559
0.00345389
-0.03341353
-6.468e-05
0.02434422
-0.0030038
-0.01682443
0.01484618
0.00796157
-0.01489353
-0.01369639
0.05791671
0.01730241
0.01041774
0.00445816
0.00942451
0.00871646
-0.02160015
-0.01290806
0.01458696
-0.01239682
-0.01032656
0.00030759
-0.00230393
0.02740315
0.02395781
-0.02447679
0.00112193
0.01557109
0.00016821
0.01988982
0.03113896
-0.03015471
0.00640909
-0.00759786
-0.01622049
0.01785969
0.05857636
-0.0059339
0.00861548
-0.00835197
-0.00275973
0.03817827
-0.01357413
-0.00530328
-0.00553307
0.01906989
-0.01052906
-0.0002859
0.00339308
0.01261866
-0.00418048
-0.02923562
-0.00403158
0.04389603
0.03032724
0.00403318
-0.02547758
-0.00308941
-0.01696146
-0.00028794
0.00801763
0.01595099
0.03457713
-0.03162839
-0.00511556
-0.00487998
-0.00791444
0.03042618
-0.00625816
-0.00015958
0.01604937
0.0077119
-0.01517039
-0.01944348
0.00835095
0.00088715
0.00150956
-0.01787763
-0.00484659
-0.0128522
0.02641673
0.01168386
0.0299013
0.00906426
-0.00964164
-0.00148767
-0.00281324
-0.06283827
-0.01747977
0.03372088
3.038e-05
0.01442712
0.02552024
-0.00716367
-0.02216307
-0.00629234
-0.02603498
0.013929
-0.01356744
0.00214392
0.03051784
0.00748106
0.01579317
0.00979853
0.00109822
0.0248949
-0.00894837
-0.00250274
0.00276921
0.00336133
0.01143192
-0.0179785
0.02412653
-0.00207315
-0.02226042
0.00191701
0.02180999
-0.00815319
-0.0147665
0.02141866
-0.0055963
-0.00237349
-0.01921282
-0.00276429
-0.02661206
-0.0162072
0.00876817
0.01162782
-0.01107601
-0.0238638
-0.01849783
0.01626775
0.00901191
-0.00500788
-0.01751716
-0.00794072
-0.01843694
0.01473816
0.01657113
-0.00964842
0.01060681
-0.03375126
-0.03059742
-0.04687301
-0.04781722
0.00736993
-0.0039509
-0.00571475
0.00040202
-0.01123917
-0.00331467
-0.00355071
-0.01063799
0.0077812
0.00015544
0.00885333
-0.00042806
0.01360964
-0.02679473
0.0207249
0.02243259
0.01090726
0.01486677
0.0017572
0.00523405
-0.0054158
0.00179233
0.02241965
0.01501775
-0.02414865
0.01126023
0.01317823
0.00886899
-0.0241686
0.0012472
-0.01260922
-0.00587682
0.01904318
0.00100952
-0.03230769
-0.01624717
0.00730743
0.00818785
0.00296766
-0.00400196
0.02411458
-0.00249036
0.00455741
0.00609651
0.03023967
-0.00323465
0.00700967
0.01028626
0.00179031
0.0076457
0.03391242
0.02103184
0.01651193
0.00718385
-0.01603746
-0.00284426
0.00483566
-0.01111073
0.03778518
-0.00240493
0.00016247
0.01310077
-0.03564874
-0.02454893
-0.00938402
-0.010141
-0.02754884
-0.00965064
0.00586255
0.01456772
-0.00451649
0.01147765
-0.01230775
0.02201331
-0.00392123
-0.01889257
-0.01628153
-0.01654465
0.00708263
-0.02100896
-0.03402237
-0.0080581
0.01801769
-0.00160777
-0.00381032
-0.00897429
-0.00541509
-0.04095198
-0.00773866
-0.03274125
0.00079853
-0.00474302
-0.00781543
0.03251635
-0.00924313
-0.00148612
-0.02621037
-0.01917943
0.00231128
0.0074506
-0.01016939
0.00193405
-0.02667919
-0.00419476
0.01504241
0.01452366
-0.00693493
0.0230091
-0.0108445
0.02545706
-0.00466917
0.00867424
-0.01535064
0.01353417
0.00322656
0.01746448
0.01268031
0.01786961
-0.01929102
0.00377936
0.02222166
-0.00022708
-0.00439264
0.01762849
-0.00389786
0.00101247
0.01637873
0.02620202
-0.02742187
0.00151118
-0.00256117
0.00393622
0.02316793
0.02039806
-0.01072695
0.021627
-0.00808673
-0.02732733
0.01504124
0.00684371
0.01710844
0.01206292
0.00502429
-0.00901757
0.01550087
0.02018841
-0.02880578
0.01707328
0.00730202
-0.0143155
0.00045487
-0.01429445
0.00261426
-0.00952901
0.01946856
0.00510898
0.01816148
0.02562163
0.02368494
-0.00993401
-0.00274754
0.00385851
0.0156703
0.0135684
-0.00066823
-0.01676389
0.0106577
0.00044644
0.01033235
0.01107392
-0.01524138
-0.00308864
-0.00577999
-0.00435184
-0.01334752
-0.00524863
-0.02117618
0.02920491
0.01148725
0.01504751
0.00450391
5.33e-05
0.01339505
-0.01937999
0.01414835
-0.01593114
0.00396498
-0.00897126
-0.01442162
-0.03440394
0.03110567
-0.01168264
0.00825697
0.02760518
-0.02055028
0.00922661
-0.00359284
0.03059735
7.258e-05
-0.00100219
-0.01271187
-0.03991204
-0.01684842
-0.02051937
-0.00359365
0.01229354
-0.00893056
-0.02316311
-0.00732444
-0.0031051
-0.01379495
0.003878
0.0068636
-0.00787499
-0.00477181
-0.00772721
0.0017159
0.00700375
0.02333595
0.0088632
0.00379413
0.02408865
0.01538145
-0.00483991
0.00035948
0.00549635
-0.00576242
-0.00378157
-0.00297948
-0.00102776
-0.04054846
0.01322444
0.01345984
0.00224159
-0.01223647
0.00267681
0.0131846
-0.00193815
-0.02724363
0.00885593
0.00967821
-0.04394965
0.03312256
-0.03303219
-0.02186788
-0.00966166
-0.01423769
0.01545016
0.02955672
-0.00940696
-0.00253493
-0.00202951
-0.00543771
-0.00415243
0.0133204
-0.02493223
0.03490613
-0.0110811
-0.01426627
-0.02362516
-0.01407616
-0.01465792
0.00588597
0.02144109
0.01228866
-0.00419678
0.01114528
0.00091037
-0.00337221
0.0121312
0.00115534
-0.02833295
0.01152574
0.03444319
#999
0.01069353
0.01565783
0.00292938
-0.01504691
0.02467926
0.01033001
-0.02481727
-0.03123
-0.00897639
-0.01121964
-0.04943881
0.00182754
-0.00127243
0.00795298
0.0008578
-0.01869101
0.01322755
-0.01332144
-0.00131821
0.01605515
-0.02038192
0.02385718
-0.00650389
0.01980566
-0.005329
0.02396057
0.01236988
-0.00918399
-0.02287315
-0.00096838
-0.00711757
0.01438104
-0.01813622
0.00142514
0.0187765
0.00291564
0.0130654
-0.00545874
-0.02737069
0.00971955
-0.02892774
-0.01906509
0.0203892
-0.030238
-0.00038328
-0.00502503
0.03500565
-0.01483295
0.02896659
-0.01495048
0.01654382
-0.03678429
0.02214956
0.00862419
-0.01670092
-0.02645665
0.000861
0.00268292
-0.02220558
-0.01463531
-0.02390161
0.01504062
-0.01806237
0.02551734
-0.01504835
-0.03900309
0.01064289
0.01185358
0.02177709
0.00268713
0.02184559
0.01774611
-0.0158557
0.02025588
0.01942257
0.00579448
0.01608931
-0.01703484
0.0163317
0.04321209
0.00110244
-0.01405762
-0.01021288
0.00836354
0.00712218
0.00251449
0.00567621
0.01011083
0.00851534
-0.03022562
0.02210948
0.00070956
0.00169535
0.01345458
0.0102438
-0.01546098
0.0022578
0.02494072
0.00245428
0.00917849
-0.01421954
0.02336352
-0.01052968
0.04376979
-0.00901397
-0.01937407
0.00034666
0.00614875
-0.02206504
-0.01375147
0.01617981
0.01189804
0.03171108
0.02902101
-0.01531013
-0.02213259
-0.00289271
0.0002313
-0.00356358
-0.00935004
-0.00174769
0.01063973
-0.001543
0.0201083
0.0165754
-0.02300635
-0.00378861
-0.03018142
0.0311598
-0.00250446
-0.01372018
0.0308381
0.00385898
0.0030541
0.02315059
-0.00449762
-0.00313995
0.01325912
0.00812437
0.00080725
0.04280828
-0.02163851
0.00453915
-0.00396197
-0.00101265
-0.00573537
-0.0154544
0.01218826
0.00529814
0.00615263
0.02818231
-0.01288334
0.00984044
0.01658228
-0.00302429
0.01847729
-0.01350537
0.01916418
-0.02587482
0.02910938
0.02200462
0.04516106
-0.00394155
-0.00582794
-0.00621629
-0.01254412
-0.01229751
0.00959961
-0.02541252
-0.00417959
0.02131242
-0.04015352
0.00588583
0.01730139
0.02767318
-0.01577142
0.0260966
-0.0046225
0.02737638
0.01916605
-0.01944108
-0.00857995
0.0085273
0.00557587
0.00978319
-0.00214514
-0.00335483
-0.01759813
-0.01523362
0.00861105
-0.00558303
-0.00655462
-0.00423831
-0.01813623
0.00953417
0.013502
-0.00884025
0.00425512
-0.02064254
-0.00198196
-0.00334746
-0.00611017
0.02104686
0.01380726
-0.01070851
0.01245567
-0.00440875
0.02916254
-0.00535077
0.0045543
-0.01739377
-0.00520281
0.01755686
-0.01147777
0.00038862
0.04471033
-0.00467062
-0.01717505
-0.0140961
0.01402766
-0.00393617
-0.01861652
0.0005224
-0.01505088
-0.03250631
-0.00652412
0.02500028
0.02768191
0.00384547
-0.01886176
-0.02011985
0.01235715
-0.01255582
0.00583198
-0.01939303
-0.00207626
-0.00741793
-0.0186459
0.00696589
0.04927407
0.00565553
-0.02333562
0.00140074
0.01246586
0.01367805
-0.02629231
-0.01192605
-0.02231116
0.00160094
0.00787278
-0.00287989
0.02293988
-0.02379372
0.01602683
0.02907256
0.01921568
0.00098369
0.00255526
-0.00236304
0.00855601
0.00785906
-0.03605489
0.00985461
0.02515155
-0.00363413
0.00878234
0.00663665
0.00857112
-0.0015567
0.03612365
-0.03151071
-0.03512301
0.02698305
-0.00144289
0.0155319
-0.00464884
0.04953956
0.00986017
-0.02126272
-0.00531177
-0.01478418
0.05692413
-0.01863465
0.02495179
-0.02325368
0.03699755
0.01294595
0.00318787
0.00878961
0.05259933
-0.02324825
0.00764198
5.687e-05
-0.00072928
-0.037277
0.00730973
-0.01918631
-0.02319456
-0.02911387
0.00202216
-0.0052778
-0.00105061
-0.00261698
-0.00917315
-0.00125546
0.03711018
-0.03731078
0.03556254
0.00884257
0.03311227
0.01868464
-0.00792068
-0.00412344
-0.00858975
-0.01119584
-0.00665719
-0.00951557
-0.00582121
-0.05442996
-0.01432488
0.00492539
-0.02698749
-0.00696397
0.00430399
-0.0159863
0.02329938
-0.02691487
0.01680841
0.01703411
0.00619211
0.01530505
0.04025613
-0.00261692
-0.02027233
0.02906899
-0.03904355
0.04329362
-0.01915356
-0.00099728
-0.06384734
0.02125445
0.0121046
-0.0198028
-0.01727581
-0.00057147
0.00187706
0.02407196
0.00455484
-0.02498225
-0.006753
0.02515835
0.00271005
0.00763316
0.00034532
-0.01357754
0.01400292
-0.02083642
-0.01151127
-0.01669875
-0.00634923
0.01467886
-0.01447755
0.00771735
0.01612744
0.01119966
0.00970706
0.00945341
0.00139115
-0.00819052
0.03008419
-0.00453913
0.00378302
-0.00486283
-0.01904615
0.02307575
-0.00099441
-0.0273523
0.01410704
0.0014654
0.00180214
0.01005777
0.01882474
-0.0007546
-0.01001911
0.01169633
-0.0068912
0.00412098
0.00978483
-0.0203377
0.02924782
-0.02289371
0.01077882
0.00837683
0.00487726
0.00271775
-0.01685214
-0.03595523
-0.00839068
0.01211842
0.02194258
0.01337574
0.03310245
0.01118684
0.02099932
0.00580353
0.00329898
-0.0058866
0.02350113
0.01459437
0.02848335
-0.02268249
-0.01676194
0.0001614
0.01768419
0.02026588
-0.0269904
-0.02468312
-0.0174182
-0.04475339
-0.01626445
0.01866736
0.01798474
-0.01189759
