#Number of photons observed douring the burst: 153619
#Average flux [c/s]: 1280.5638452176522
#Average variability: 0.008449421778514977
#GRBbn100609783 temporal parameters: 
#                                   T_detection(MET)= 297802093.326776 s
#                                   T_start= 1.4099999999999993 s
#                                   T_end= 121.372 s
#                                   CCF campionation= 1e-4 s
#                                   Fit amplitude= 999.0 s
#                                   Used detector= 5 GBM
#                                   Variable bin size= 10 ph/bin
0.39529134
1.61998628
0.94654988
2.05113596
-1.87658622
2.18420235
3.44684191
-0.19799099
0.50309795
-1.60094409
-4.86230464
-3.3552468
-0.48789152
-1.35428938
1.12597736
-0.76178275
-0.65998708
0.26015847
0.85947656
2.00068431
-1.66216075
0.31910544
2.50201492
-0.68758457
1.96810679
-0.76202092
-0.21792459
-1.45590967
-1.9160925
2.69318785
-0.34216057
5.67789112
0.46846452
-2.90215407
-2.55367201
-1.42241437
0.20793383
-1.54721794
1.55208352
1.60414064
0.28407391
-3.23995779
4.29279603
-0.66498294
-2.7499408
-1.9018882
-1.25877504
2.15698577
-2.60559063
5.24446918
3.2562178
1.16524838
2.07671319
-3.38381626
-1.88922465
0.08275461
-0.08422259
0.9052052
-1.41330577
0.21567626
-1.99533668
1.36435834
-1.56768248
-0.7392572
-1.29709234
4.61659301
-1.44367558
0.94205266
-0.14921484
-0.88329804
0.05951025
-0.01989294
-0.96879994
-0.21889129
1.44113937
-0.80701054
1.42239997
1.88120762
1.37036979
-0.31789581
-2.23530398
-0.46043453
2.28880241
2.35972842
-1.71327191
-1.01145785
-0.78483029
0.39190023
-0.56964021
1.65820914
6.33110441
-0.3657003
1.09090021
-3.91287791
-1.22622301
1.96455233
-1.65308278
0.30577215
-0.62089196
-0.37663144
0.94553577
0.81063582
2.93547808
2.5992048
-0.66554304
-1.12469525
-1.24082068
-0.27101365
1.17345882
-0.19384071
1.91548053
3.94172029
0.72576905
4.25195684
-2.37265196
-1.43438764
-1.02655534
3.34578533
-1.50941127
-1.07668295
0.0202605
1.93590187
0.14458669
0.86677
-0.25977489
-3.13623935
-1.27243103
0.56902125
-1.9638774
2.55684124
-0.24408775
2.53384423
1.37277569
-0.17661291
1.59536563
-1.27743312
0.49485603
-0.61120472
-1.45867921
3.63267526
3.3420386
1.77380562
-4.09788135
-2.67545925
-0.40478771
-0.66771525
2.71680338
0.24627738
1.09369385
-1.72515487
-0.14892293
-0.58479722
1.53407181
3.57344237
-2.51095549
0.71168709
2.1360975
-0.23895288
-1.22172971
-1.43610636
-2.10194975
0.65062872
0.76348445
-1.19981188
-3.10406201
-0.38912851
-0.71502321
3.38380753
-0.19293748
3.15454457
0.89321936
0.33531495
-0.83465977
1.94401978
-2.16569889
2.69805606
-0.79020778
-3.45589635
-2.3551202
-1.23996793
1.63490077
5.36600456
0.24147394
-5.03753593
0.67541253
0.23937349
-0.09952601
-0.59251186
3.2750038
-1.2521009
-0.75605459
1.15383575
4.43439684
-2.00467055
0.96692804
2.49665746
-0.68637342
-0.50279857
-1.61646689
-1.59657373
-0.89362007
2.52285797
-0.90599787
-1.51538698
1.88577614
3.05640992
3.4782147
-2.50006203
-0.13535028
0.3264478
-4.41037894
0.42843157
2.5824514
-4.2093294
1.83475015
0.41354362
0.04662214
-2.61983929
4.39926724
3.0892438
0.18675427
1.01388271
-0.09998639
-2.17680462
3.20676014
1.02381565
-2.31880143
1.32289036
-0.50399247
0.95867584
-1.47211565
0.79180653
1.46845954
-1.12744839
-0.80558057
-1.78247925
-0.04955287
2.59191383
1.85925453
1.99955484
1.93434497
1.5992686
-1.30975481
-0.29910786
1.67911651
3.06490681
1.81376953
1.84723726
5.20868582
2.67140056
-0.39995975
2.10665406
-4.86027243
6.41845508
-1.48326097
1.58545516
-2.0403164
-2.63325921
0.02665292
-0.31683688
-3.43928031
1.27630504
-0.95607033
2.6633555
-0.75743769
-0.92086359
2.29749965
-1.39800135
1.92622731
1.91270818
1.07377688
3.27344707
-0.47950972
1.04728869
-1.73993332
-1.86188784
-0.41324983
1.72011007
-0.58325122
-0.79729258
0.09697247
-1.17956364
-3.85388184
3.2779273
-1.02354164
-4.50136979
2.73201345
0.23172323
-1.82124502
2.13382727
-1.61684464
-5.87550938
1.51306616
-0.46332656
3.35819579
1.70344282
3.25418895
-0.55748659
3.44568827
1.90217138
-2.99557899
0.51826144
1.61695045
-1.73645807
0.4656209
2.63063031
1.355151
-0.45791627
-0.71759117
2.6624593
2.2793311
-0.79697522
0.38876759
1.44858503
2.22453481
1.2935988
-0.08860907
3.36406976
-1.50288347
-0.18219518
0.43368582
0.82577395
-2.62519283
1.33290578
0.54737783
0.92625481
2.3087715
-1.04147162
-0.06565016
1.69921728
-1.94686042
5.65670986
2.48755593
-1.12605844
-4.31849235
1.25631907
1.74125369
-3.28942371
2.38362248
0.01458785
1.70387842
1.57459499
-2.01552795
1.15645559
0.19089808
1.80369129
-1.49814867
1.4443412
0.52363349
3.42482382
0.11740233
1.05634319
1.21574629
-1.40822101
2.08837248
2.13208626
2.7334718
4.4593157
-0.87120242
-0.37795201
-2.2368759
1.69978723
-0.39538427
2.70614373
0.51758597
1.31192215
-0.9380372
0.6108445
2.06858456
0.03692207
-4.36678264
1.31642388
-1.75660769
0.31942875
0.6710051
-1.42608071
-1.7114266
0.07873824
-3.54961392
-0.39663164
-2.6123784
0.89722842
-0.47259843
-1.55052105
-1.82783714
-1.30185563
2.22887511
-3.48503031
-2.61193419
1.83449451
-2.76813347
1.97748635
0.7867099
-0.85319588
1.74086732
3.19996309
0.69564968
-0.2036293
2.31860182
-1.15483347
1.07207794
-0.53647364
-3.14530631
-5.18438092
0.03108
-1.18675182
0.60000861
-0.19658218
-2.23986083
1.16014283
0.36778912
-2.62211335
0.99990997
0.18776958
-2.37578824
1.0787109
1.83061627
1.46751719
-1.24202317
-1.92154195
-2.36031688
-1.1814146
-1.10961708
0.58663525
-0.48156098
2.35346439
1.79751715
-0.31622685
-1.86967251
0.98637729
1.90643887
0.46105592
1.35364527
2.57944031
-0.97259748
-1.53472637
-0.78875705
5.58221906
-5.75571383
-1.91050771
1.03754671
1.39640492
0.18534135
0.36363327
1.26189819
1.68421284
-0.17129594
-1.43081275
-3.14687265
2.53761126
3.41812386
-0.58077753
-6.11837894
2.40099516
2.65878147
1.35120208
2.88860865
0.95169712
4.1579523
1.35172449
0.38450562
0.88955048
-2.17233734
1.0294274
1.144834
-1.53963523
-0.49626303
3.18446966
-0.28226154
2.34995811
-2.07798111
-0.04998019
1.44229822
-0.66992445
1.35636589
1.67310201
1.16930488
-2.41993442
5.08150341
-1.27555249
-1.01927137
-0.59174335
4.29591261
0.46605208
1.7060027
-1.90531384
-2.2926061
0.91060377
-1.21347135
-4.23861043
-2.97122235
0.79572942
-1.19382343
1.96579735
-1.08337329
-1.96870087
1.4792167
3.34948162
2.85068066
1.97969799
-1.8771027
0.27572614
-1.19050327
-1.5622234
-0.63683275
0.58469239
2.85403368
1.11991348
-2.75986626
2.22679097
-4.37772954
1.8883909
6.85794299
0.56925465
-2.95417956
-3.40020975
-3.37474894
-2.10216606
-0.78876417
3.61373485
2.12576699
-0.90135536
0.07152153
1.42568117
1.88262796
-1.20615192
-1.70091444
1.34900409
0.04418977
0.90449523
0.67448794
0.01884149
-1.21728223
-0.96877371
3.16647793
-1.72532901
0.76842397
2.55132012
0.36313208
2.26703639
2.27918122
-0.81059443
-2.34646123
-1.61188415
-2.76246793
-1.75268291
0.73661781
-3.14205959
2.93408201
-0.58595508
-0.21175666
2.11538448
-1.89729628
3.86189116
-0.98126585
-0.12925549
-1.24507099
2.04450971
-1.58930573
4.3770617
4.60926308
-3.37329395
0.64463266
-3.68319595
0.78201886
-0.14259509
1.56510865
-8.07032076
-0.08903561
0.05273522
3.65564508
0.84817046
-1.39419403
3.76135618
-0.69915046
-3.23105369
-5.9234231
0.30588929
-1.54181509
2.05889363
-0.924459
2.0699542
0.70770067
-0.84287937
-0.11903337
0.13669043
-0.38621054
-0.8813888
2.91748877
2.41020437
-2.96243291
-3.60021779
0.7032877
-4.11359297
-0.72363344
1.55125833
2.27605703
-0.63751364
-0.04461956
-0.33318437
-0.55526462
0.83179648
0.4576442
-1.40344689
-2.28483989
0.26924384
-1.29742428
-2.28826573
0.34714734
5.39143698
1.51050906
-0.4030373
-0.34312837
-3.43895479
0.94941756
-0.56563871
0.58053567
-0.3321039
0.91243803
0.69275204
1.52979391
-3.4129266
0.27857534
1.63571224
-0.82543256
-1.24062014
3.11824328
-3.5929818
4.21708468
0.18325707
2.9316018
4.27205852
0.23118425
-1.19857674
-1.58747347
-0.53373849
-0.3314803
-1.4774333
0.32833099
2.38307858
0.84916103
-2.23087724
4.16892364
3.16439693
-1.154029
-0.39626944
2.25109706
1.79001438
0.43413837
2.72917778
2.7401288
-2.22705812
-0.26226845
0.2324513
2.34573921
-1.36267436
-1.85851607
2.47480452
2.41944472
1.69448455
0.29581558
-4.1178652
0.37526611
-3.02202783
1.81738689
-0.89980124
-2.49232699
-0.06118412
3.34861078
0.35075947
0.23327853
1.27410343
1.43178827
-1.41558779
-3.07350632
0.08064802
0.7476685
1.41743603
-1.56954777
2.67825484
-2.00254305
-0.41577956
1.96960478
-1.08927137
0.84999202
-1.33494402
0.0130412
1.73520943
0.93194301
-0.33592402
0.55977669
-2.70885906
-1.85557848
0.5802379
-0.75940545
-1.01483588
-3.9249041
-1.43673158
-1.32408844
-0.95192189
1.47607087
-0.99536191
-1.36330162
-3.04589727
-2.21569134
-2.26468052
-6.51551797
-0.54126102
0.86880508
1.94557954
-0.20025751
2.10686427
-4.41882752
-0.90351943
1.62242778
0.37413275
3.1113328
1.80748594
-0.56990242
2.56149329
-3.22553973
-0.99912571
-2.05179352
-0.24102966
1.45547339
1.80540503
-4.27786914
-0.15717386
2.15483706
0.59797533
2.09991876
-4.42736318
0.20051047
0.80553365
-1.2729085
-3.30002754
-1.16996718
2.77196779
-4.95554484
0.85742589
1.27722893
1.12186096
3.28575453
-1.19036551
0.43099672
0.43580675
2.16357218
-2.26381794
-0.34303154
0.15294129
2.49424806
1.99167578
0.01773475
-0.20464758
0.19389955
2.44924592
-0.52860479
0.90183709
-4.85381617
-0.81351688
2.53524236
-2.20082578
-1.25057602
-2.7174168
-2.097167
-0.0661774
-0.55676928
-2.59803193
-2.96025429
2.38693029
0.63515722
2.6285761
0.75521068
-0.27411815
-0.39234432
0.40059728
-0.17409179
-1.91173518
-1.52437179
2.80040897
-0.13511644
-1.34898377
-0.09578543
3.839177
-0.87403625
-4.97377299
3.09857426
0.95488184
-5.23025168
0.52256877
-0.8813993
-0.8777869
1.17866275
1.98198234
-1.51552665
-0.27516514
-1.69053778
-0.32243472
-4.11863512
-0.16668211
-0.57455571
3.24862449
-0.5063106
0.90014915
-0.15433019
-2.3901099
-2.13031016
1.13538756
0.27330464
-2.01198589
1.4966147
-0.25305267
-2.8085303
2.15514092
-2.58310383
-0.63277992
-1.70112512
3.74317621
1.41152507
4.07346663
1.25490675
-1.03231488
0.25003047
2.21824981
1.42625801
-0.42026326
-2.22697008
-1.55174169
3.00580112
0.8683385
1.82080356
-2.89873405
0.08125818
1.56733646
-0.24630104
-0.93192525
-0.74066523
0.05428809
-0.62886035
-0.52682805
2.95713696
-0.05153123
-1.54010451
0.54724351
0.04797032
3.24989637
-0.87088228
-1.29330209
-1.13400969
3.57044481
0.45311509
-0.9948971
-0.12688526
2.06430945
-1.99380543
-1.81861958
3.1735671
0.22874904
-1.03472182
2.87705063
1.4764268
-0.44153304
1.06073462
2.12159962
1.13324676
-2.12732083
0.70101451
-4.07009993
2.96695148
-0.08786966
3.31346556
0.53144449
0.37079663
-3.38122076
-0.48222354
-0.17851913
3.39691887
3.78896034
-1.57259999
-0.28165495
-1.72359877
2.62259875
2.97837737
1.25187726
-0.33273836
0.85335431
1.16377731
-1.65558404
-0.64341986
-2.16455477
0.33153723
2.46826647
1.20231302
-2.16925023
-0.70579667
0.69768947
0.44390751
-0.0331437
-3.52935736
-3.21753394
-1.85525318
-0.28675778
-0.72589699
0.82574112
-3.50514652
2.40081241
0.22192871
-0.58477816
0.86918978
0.88425898
5.02363117
-3.72503709
-1.26908061
1.56011858
2.4287828
4.15450468
-1.33565896
1.53081752
1.22864384
-1.44812508
-0.48886687
0.64230482
1.86371338
0.87196909
-3.03661352
-3.20417394
0.5122386
-2.5032076
-0.18511534
0.78501647
3.48603451
-8.27194198
-1.84640874
-1.9049725
2.3737034
-2.10025412
-1.382967
-1.23230827
2.8435613
2.52086129
-2.32030251
2.38449856
-0.04598714
-2.79609176
3.22549952
-0.80481716
-0.85948942
-1.25577666
-1.72621142
0.79041261
-1.88707686
0.26017195
0.70264474
-1.98201507
0.31980043
-1.48324967
-2.80390555
-0.93987349
0.72061826
-1.00619028
1.5242069
-1.70221718
1.3692928
5.36312476
-0.65618327
0.12881641
0.05007266
-4.24213349
-1.93772931
-2.91288479
-1.57875934
-0.65400242
0.60877883
-1.56869372
-2.94708459
-2.05571636
0.09173606
-1.35948209
3.15085761
1.12044331
-0.56235998
-0.59726819
1.38975248
-1.22262025
-2.39389937
0.16434027
1.82313532
0.57495329
2.39634558
-2.49034436
-3.35654012
3.60213132
1.82724598
-1.54828862
2.1329522
-0.00152726
-3.79556188
-1.22353573
1.1386756
5.47372407
