#Number of photons observed douring the burst: 62136
#Average flux [c/s]: 1854.5291747500376
#Average variability: 0.08952321814140676
#GRBbn100122616 temporal parameters: 
#                                   T_detection(MET)= 285864459.314122 s
#                                   T_start= -0.41800000000000015 s
#                                   T_end= 33.086999999999996 s
#                                   CCF campionation= 1e-6 s
#                                   Fit amplitude= 1.0 s
#                                   Used detector= 9 GBM
#                                   Variable bin size= 10 ph/bin
-0.0053421
0.11376337
0.0509659
0.01852093
0.04098105
-0.02397435
-0.05034257
-0.03431348
0.01227944
-0.03442391
0.02026938
0.02277094
-0.00959789
0.02997905
0.0453782
0.02415005
-0.0482872
-0.0371405
0.02239777
-0.00201827
-0.05296767
0.02958115
-0.00547014
-0.04594671
-0.01983374
0.03034494
-0.0079554
-0.00094737
0.01692057
0.12901354
-0.0146174
-0.00445689
-0.00219231
0.0367741
-0.01886413
-0.0361182
-0.07852228
0.00703574
0.02082157
-0.03261191
-0.03627752
-0.02523303
-0.00592533
0.04293132
-0.0207573
0.02146134
0.00687737
0.00955609
0.01765681
-0.03372614
-0.04815032
-0.01016845
-0.00407339
-0.00497816
-0.01739745
-0.03692453
0.04580544
-0.00377237
-0.00996636
-0.02571577
-0.01228242
-0.02715576
-0.04797745
0.0079119
-0.02477778
0.01002898
0.04522716
-0.02843686
-0.00786184
-0.04852041
0.02955844
0.0571911
0.01939319
-0.04863939
0.07284935
-0.00519375
0.00602148
-0.0187929
0.01220089
-0.01858677
0.03931762
-0.0216564
0.03938643
0.02468127
-0.03056273
0.02077444
-0.04246512
0.00314496
-0.06117182
0.05114266
0.09795309
-0.01344279
-0.00229006
0.01714007
0.04078576
0.00411254
0.06948047
-0.00087341
-0.02223096
0.02651662
-0.00839714
0.03941864
0.02575505
0.06594467
-0.07771598
-0.03644027
0.02198223
0.0270998
0.01637007
-0.00453837
0.00836099
0.00735611
0.04058019
0.014111
-0.00482428
-0.03522799
-0.03279725
0.01759377
-0.00064284
0.00935603
0.00247386
0.08839259
0.05720532
0.01458244
-0.03389241
-0.01771617
-0.01636692
-0.02866307
0.0081114
-0.05195248
-0.06716051
-0.00112362
0.00446598
-0.04147878
-0.03503227
0.01554928
-0.03778766
-0.02023248
-0.00574067
-0.05538624
-0.00631724
0.05003953
-0.01392748
0.00442882
-0.04920348
0.0349255
0.0012966
0.00242861
0.06189795
-0.02527575
0.00973967
0.01379123
0.00128638
9.875e-05
-0.04415085
0.0198131
0.01408355
0.01379046
0.00128454
0.00560817
0.00833759
0.0469635
-0.01575256
-0.0248167
-0.02582049
-0.01206746
0.02426909
-0.01991257
0.02058485
0.01539217
0.04379037
0.00616208
-0.00279851
-0.0063452
-0.00137232
0.03461623
0.08439894
0.07462057
-0.01426219
-0.06852552
0.03519923
0.01958299
-0.03266221
-0.01401141
-0.0069271
-0.02428923
-0.02085075
-0.09445199
0.01819978
-0.01656884
-0.03040912
-0.02523299
0.02634158
-0.0034386
-0.06481922
-0.00013865
-0.05354431
0.04384586
0.03971765
0.02546841
-0.00153776
-0.04085922
-0.08898581
-0.01024056
-0.05656119
0.05079471
0.03367859
0.00061501
0.01177434
-0.04974031
0.01364492
-0.03091579
-0.01269501
0.00960724
0.01688053
0.05070115
0.02341418
-0.04666303
-0.02634926
0.0451277
0.02972959
0.02268657
-0.01578116
-0.04151845
-0.01881201
-0.02869539
-0.02258499
-0.03076063
0.00215152
-0.02782452
-0.0464483
-0.00892483
0.03262938
0.01896137
0.05134402
-0.04507928
-0.01450926
0.04615735
0.02759037
0.05043941
-0.03928779
0.0356745
0.03197378
-0.01250971
0.00808354
-0.0440047
0.01568411
-0.01152459
0.0288207
-0.02129021
-0.00600978
0.06192223
0.03446989
-0.02197667
-0.03321088
0.05503426
0.01498169
0.04904036
-0.00319165
0.00647967
0.05169366
0.05264999
0.04394987
-0.00517813
-0.0084015
0.00761529
0.00687742
-0.00152199
0.00681288
-0.04905522
0.00831053
-0.00843758
0.00647037
-0.00539536
0.03812504
-0.03767718
-0.05017118
-0.04830209
0.017945
-0.02291238
0.00609237
0.0280303
-0.01652067
-0.00112991
-0.03842082
0.00566474
0.03404431
-0.01715896
-0.02648551
0.07387581
-0.00914322
-0.00516274
-0.02235107
-0.01384133
0.04364985
0.0221652
-0.03578368
-0.01831791
0.05237132
0.08603798
0.09700696
-0.0043619
-0.00043356
-0.00729831
0.00454329
0.00924819
-0.00042974
0.05630998
-0.01250124
-0.09650392
-0.02190824
-0.04104296
-0.05832075
-0.01762959
-0.02928297
-0.01128956
0.00433336
0.03016254
-0.00349935
0.02304801
0.01226586
-0.0220894
-0.00727942
0.02332418
0.01536232
-0.03162324
0.01661366
-0.03426101
-0.02069757
-0.00114542
-0.01333856
-0.02132949
-0.02953639
-0.02150275
-0.03169397
-0.03265102
-0.03481114
-0.00822516
0.0464289
0.00219711
0.00270128
-0.05178912
0.06514509
0.02633628
-0.03721752
0.00738843
0.03315701
0.01053442
0.01667529
0.04178453
-0.01472513
-0.06924153
-0.01058283
-0.03833237
0.00896947
-0.01208577
-0.00325807
-0.05911066
0.00073078
0.02319259
0.00296681
0.0040451
0.01008207
-0.05868523
0.00756936
-0.01371817
-0.03034028
-0.00572844
0.01720833
-0.01298713
-0.01074476
-0.03800968
-0.04375093
-0.01870996
-0.01520065
0.02535214
-0.04777756
0.02624209
-0.0546091
0.02559248
0.07658859
-0.02149784
-0.02941957
-0.00330123
-0.01594254
0.00474512
-0.01749564
-0.03640356
0.02870973
0.03141605
-0.04314129
-0.00340061
0.03167825
-0.01289778
-0.0070832
-0.02504809
-0.03276048
0.0198575
0.01356075
0.0331776
-0.00701939
0.01766126
-0.01848735
-0.03638716
-0.03609666
-0.00306254
-0.04041274
8.809e-05
0.0401983
0.00967563
-0.0086822
-0.0266578
0.01303485
-0.03076923
-0.03275299
-0.00333383
-0.00679898
0.04109289
-0.0196814
-0.03047207
-0.00296387
0.01115164
-0.05662783
-0.02732123
0.08124409
0.03043136
-0.04707766
-0.08301037
0.01568422
0.02090783
-0.03174459
-0.02373358
-0.07218406
0.00036471
-0.00234771
-0.03158728
0.01273758
0.03695947
0.04498457
-0.00085439
-0.00042728
0.04648327
0.05150962
0.02429531
0.02196377
-0.02982991
-0.00679113
-0.04978467
0.08287866
0.05112581
0.0561541
-0.04183048
-0.02805027
0.07963336
0.01955587
0.01950887
-0.0759398
-0.05776382
-0.04126292
-0.00258596
-0.08493312
-0.00108598
-0.008689
0.03680647
-0.03868108
-0.00406948
-0.01964011
0.02649634
-0.00198469
0.06585781
-0.01929462
0.01295504
0.01150349
-0.00811687
-0.00688937
0.01245021
0.00250174
0.03848779
0.01410143
0.04889405
-0.00221589
-0.06779973
0.04367781
0.04789742
-0.00409987
0.02183966
-0.01328528
0.0932435
-0.03196791
0.03793249
-0.04411655
-0.00425895
0.02277977
-0.0041392
-0.02818899
0.01879515
-0.0038062
0.01389395
-0.03453712
0.0313698
-0.04055038
-0.00497874
-0.0402032
-0.07256716
-0.07079803
0.03921483
0.02123319
-0.0066953
-0.03176466
0.03522062
0.00037975
-0.05569559
0.05923181
-0.013544
-0.04021059
0.03261466
0.023305
-0.02622384
0.01363142
-0.05427076
-0.03839948
0.03117485
0.03230864
0.03834162
0.02171527
-0.0456063
0.05205976
-0.06415715
-0.02709687
0.03306089
0.01922222
0.02195409
0.00955767
0.02667338
0.03018848
0.03857661
-0.0106955
-0.0218929
-0.01786164
0.06227798
0.06113093
0.04703121
-0.01466442
-0.01140087
-0.06157438
-0.02013666
-0.03402039
0.07361642
-0.03907789
0.02682845
-0.02673988
0.01080363
0.01508576
0.02275065
-0.02867599
-0.00128027
-0.01232374
-0.02613753
-0.01213179
-0.0254976
-0.01067059
0.02007429
-0.02322357
0.0437019
0.04820195
0.00916179
-0.00988773
0.01619944
0.02390151
0.00126353
-0.0457832
0.04220843
0.00053802
-0.03782678
0.00037676
0.01115166
-0.04874811
-0.00800433
0.07591715
-0.00588024
0.013942
0.02911256
0.01893211
0.00192505
0.05045975
-0.05851076
-0.01564634
-0.0449448
-0.02208436
0.06284215
0.00567638
-0.00624134
0.07774245
-0.01092609
0.05655767
-0.06119665
-0.02942578
0.01751298
0.05927153
0.01060917
-0.04546458
0.04216633
-0.06036818
0.02069551
0.04038316
-0.03008337
-0.01921843
0.00133627
-0.04133601
0.03953124
-0.02539107
0.04359754
0.01169322
-0.03497391
-0.0293647
-0.01407242
-0.01224978
-0.03996915
-0.03399568
-0.04283732
0.00143809
-0.01169187
0.00372891
0.02010039
0.03921797
0.00896616
-0.01627191
0.02734436
-0.01008031
0.00646432
-0.02707444
-0.00405761
0.00826986
0.00172324
0.03430477
0.02050945
0.00126536
-0.03051796
-0.03331069
-0.04333922
-0.01317641
0.03119464
-0.08949919
-0.02952254
0.02615303
-0.0306894
-0.04144473
-0.00841642
0.02856587
0.01495333
-0.02103506
0.07142441
0.04450715
-0.01763374
-0.01785361
-0.01104157
-0.03793035
-0.0745054
-0.02246132
-0.08391143
0.0246149
-0.00794867
-0.02920875
-0.03117763
-0.06770772
0.00870524
-0.01965642
0.07021396
0.02119927
-0.03484192
0.01428923
0.0186091
-0.04822366
-0.03523577
-0.02832009
0.01334748
0.00936074
-0.01337719
0.03121043
-0.05795637
0.04036775
0.00566433
0.03076462
0.01473245
0.01417832
0.05866165
0.00990276
-0.00917876
-0.03936499
-0.00355213
0.00298388
0.0202275
-0.0792415
-0.02672649
0.02631422
-0.0070157
-0.00658407
-0.03934362
-0.02780039
-0.03471311
-0.00259224
0.05141118
-0.02759061
0.03587174
0.0164276
-0.00572227
0.02389666
0.04025903
-0.00993173
-0.08250272
-0.00627586
0.00671746
-0.0093978
0.02046344
-0.02205526
-0.01081416
0.02240462
0.0519406
-0.03289982
-0.00673062
-0.01947948
0.01773369
-0.03241895
0.04069524
0.01245592
-0.02509324
-0.0189967
-0.0717042
-0.02612465
-0.01791928
-0.05843623
0.00471385
-0.01276543
-0.04845526
-0.00355511
-0.00526841
-0.04452034
-0.0026316
0.00865428
-0.06326823
-0.01643333
-0.00641632
0.02031021
0.03571846
0.04602889
-0.03956861
0.00213759
-0.060059
-0.02052054
-0.0186194
0.05910433
0.01548864
-0.01075174
-0.04361096
-0.03969093
-0.03960925
-0.04234919
-0.07716189
-0.03129779
0.04222583
-0.09689395
0.05666879
-0.02303968
0.02911534
0.0079969
0.07050206
0.01966553
0.05114945
-0.04251168
0.04046151
0.00717643
-0.02261542
-0.02498734
0.02206271
-0.05477898
-0.00562882
-0.01229527
0.00419571
-0.04553952
0.05403221
-0.0010906
-0.00297464
-0.05123674
-0.04598631
0.00408895
0.02290804
-0.06310353
-0.0233819
0.01429306
-0.00354296
0.02695906
0.0356209
-0.01945104
-0.05162475
0.06069655
0.10769179
0.03581944
-0.02798953
-0.01404432
0.05006646
-0.02236858
-0.00413171
0.03625191
-0.00026012
-0.05635171
0.00449185
-0.03022946
0.0617972
0.02391151
-0.01580178
-0.0144982
-0.03071862
0.00870633
-0.01331837
0.0151598
-0.0517293
0.01679315
0.03524008
-0.01244483
0.02196949
-0.01177431
0.04441802
0.02593265
-0.00157427
-0.03520313
-0.04828647
-0.0226912
0.04218969
-0.01011426
0.00915537
-0.0088905
0.00270052
0.01728067
-0.03766845
-0.03330768
0.01218554
0.01187255
-0.03716271
0.04682786
0.01796431
-0.03439705
0.00121888
-0.02827944
-0.01073652
0.02215685
0.0206069
-0.04970376
-0.01406443
-0.05044131
-0.0052801
-0.02198859
-0.00630552
-0.05607462
-0.00916643
0.02369041
0.02824307
-0.01783995
-0.04464951
0.07692471
0.02047908
-0.00264198
-0.05780507
0.02864176
0.0291071
-0.03696309
-0.03993332
0.03867487
0.0269897
0.02881585
0.02084152
-0.01760919
0.0014935
-0.05845909
-0.00434717
-0.00651727
0.04856092
-0.04173543
-0.00406911
0.00505774
-0.02044886
0.01918204
0.02940628
0.00319477
-0.00334657
0.00792237
-0.00674353
0.01616052
-0.02927575
0.00370376
0.00158418
0.01427117
-0.02924945
-0.01142339
-0.03545021
-0.08251218
0.03672646
0.00350013
-0.04526309
0.04200839
0.0310333
-0.00225748
-0.01045273
-0.06455518
-0.03223823
0.04215832
0.02100692
0.00494518
0.0300651
0.01927424
-0.02218985
-0.0570133
0.03840187
-0.00288652
0.01571043
0.04392674
-0.01414892
-0.04916995
-0.02370903
-0.01196025
0.01027966
0.00800648
0.03775664
0.01355859
-0.02562
-0.00039033
0.04012241
0.06483688
0.05356324
0.02097842
0.01029851
0.0138546
0.0510609
0.03631444
0.01604537
-0.03134581
-0.0178987
0.00348147
-0.01218102
-0.02007871
0.01950265
-0.00809605
-0.043622
0.05078931
0.04009027
-0.03700605
0.03183518
-0.01186936
0.02184299
-0.02140053
0.00172224
-0.04829075
0.04156152
-0.04950211
0.0336744
0.0181071
-0.05353111
0.03546514
-0.02166333
0.05602514
-0.00776108
0.01282141
-0.00660264
0.01318363
-0.04047808
0.00949324
-0.01787563
0.00444278
0.02667146
0.00118805
0.07097708
-0.05280887
-0.03684322
-0.04322973
-0.00306826
-0.00255428
-0.03393609
0.0115834
-0.00264919
0.03682003
0.03148749
-0.0015858
-0.04634802
-0.00337985
-0.03409279
-0.00605336
-0.01762069
0.02284324
-0.00180813
0.03308697
0.04265378
0.00315692
0.0562851
0.01107236
-0.00460928
-0.03727947
0.02211149
0.04846976
-0.01769007
0.00782356
0.04585582
