#Number of photons observed douring the burst: 11440
#Average flux [c/s]: 2186.5443425076446
#Average variability: 0.5194694883576997
#GRBbn100131730 temporal parameters: 
#                                   T_detection(MET)= 286651859.670194 s
#                                   T_start= -0.714 s
#                                   T_end= 4.518000000000001 s
#                                   CCF campionation= 1e-6 s
#                                   Fit amplitude= 0.15 s
#                                   Used detector= 6 GBM
#                                   Variable bin size= 10 ph/bin
0.00377428
#999
-0.00835556
-0.00036678
0.00167669
-0.00641961
-0.00886928
-0.0167009
0.02519069
-0.00544458
#999
0.00245074
#999
0.00204813
-0.00116949
0.00096667
0.01308333
0.01496452
0.02715791
-0.01751881
0.00541121
0.0099019
-0.01348278
0.015834
-0.00432584
0.02212102
-0.01996662
0.01062904
-0.00574779
0.0124381
-0.0042619
0.01575652
0.01414809
0.00242904
0.01643992
-0.00875637
0.02760023
#999
0.01946781
-0.01673748
-0.00331825
0.02034298
-0.00741888
#999
-0.00665283
0.00072316
0.01721314
0.01520092
-0.00766551
-0.00782826
-0.00404815
-0.00286305
0.02493863
-0.01530117
0.02431376
0.01537023
0.00773624
0.00684777
0.02126846
0.00285885
0.01401815
0.00107697
0.00908193
0.00362257
-0.00941287
0.00519559
0.01008875
0.02339509
0.01844999
0.02507088
-0.00548868
-0.0261445
#999
#999
-0.00856021
0.01305406
0.00870336
0.02530871
0.01251553
0.01144317
-0.01370563
-0.01258986
0.00235806
-0.01471995
0.00838711
0.01349564
0.00338696
0.00484509
#999
-0.00892859
-0.02748673
0.00596752
-0.0307266
-0.00849859
4.435e-05
0.00331452
-0.01673491
0.01553216
0.00112674
0.00383894
-0.0048058
-0.00136288
0.00091883
-0.02838793
-0.02502387
-0.01282656
-0.01932863
0.0289472
0.00913645
0.00525747
0.01939841
-0.01664449
-0.00046627
-0.01195114
-0.00380325
#999
0.00975336
-0.02015557
0.01993542
-0.02249509
0.00485505
-0.00750076
-0.01142232
0.00057606
0.02627489
0.00149538
-0.01002621
0.02029061
0.01505415
0.00577397
-0.00148936
-0.01049327
-0.0137377
0.00086095
-0.0088621
0.0104286
-0.01785966
-0.00507279
-0.00760737
-0.01087695
-0.02216452
#999
0.02578241
0.01289549
-0.04103967
0.01382907
-0.00347677
0.00155386
0.00676536
0.02359277
-0.00178959
-0.01045306
0.00254921
-0.00393349
-0.00190158
0.01304533
-0.01142566
0.01788723
-0.0061559
0.01607392
-0.00645348
0.01482599
-0.01368519
0.02014997
0.00453497
-0.00737462
-0.00334676
-0.0004062
-0.02981991
0.01814022
0.00768141
-0.00624412
0.03641714
-0.01435711
0.01038736
0.01591112
0.00571106
0.01073203
0.00914866
-0.0030443
-0.01937257
-0.00875552
0.00193184
0.0024391
-0.01353963
0.03095216
-0.01912622
0.02027197
0.00681451
-0.0017473
-0.00029709
-0.02102895
0.02355654
0.0045502
0.01485005
0.01318649
-0.0031704
-0.03004909
0.00815507
0.00837629
0.0036278
0.02166514
#999
0.0010754
0.02536592
-0.02459344
-0.00449633
0.01217473
0.01466974
#999
-0.00152181
0.01754222
0.00085794
-0.00632053
-0.01698802
-0.0111978
0.00414558
-0.01040523
-0.00628174
0.00249276
-0.00952449
-0.01182296
0.00970228
0.01118989
0.01283626
-0.00228882
-0.0092411
-0.02444462
-0.00358497
-0.00075478
0.01137151
#999
0.01050256
0.01059332
0.00141027
0.01817054
-0.01292268
-0.01454496
-0.00350821
-0.0035513
0.01223521
0.00790365
-0.01924483
-0.02652008
-0.00135579
0.01143648
0.00114635
-0.01335736
-0.00931963
-0.02135778
0.00940038
-0.00705306
0.01338431
-0.01442264
-0.0170365
-0.0135395
0.00739464
0.0032797
0.00854161
-0.00907435
0.01211747
0.00276352
-0.01202158
-0.00336381
-0.01161171
0.00067636
-0.00531278
0.00910394
0.00936424
-0.01027445
-0.01126989
0.00195623
0.0104749
0.01017259
-0.00010596
#999
0.00215954
0.02488755
-0.00108967
0.00337898
-0.01100707
#999
0.0085545
-0.02956847
0.00987123
-0.00306136
-0.02331748
#999
0.03905289
0.00349734
0.02058904
-5.55e-06
-0.02715231
0.00108927
-0.01060002
0.00174096
#999
0.0319986
0.00373495
0.02255125
0.01444445
#999
-0.0047778
0.00687578
-0.02115814
0.01302584
0.00608926
-0.01232908
0.00749431
0.01058381
0.00201275
-0.01230636
0.00041962
0.01715597
-0.01124151
0.00488157
-0.00260227
-0.00360465
-0.01502933
0.01785148
8.233e-05
-0.00882169
-0.00058118
-0.02155968
-0.01869667
0.00605487
0.01473669
0.03365781
0.01349901
-0.00429778
-0.0219507
0.00765785
0.0348975
0.00269046
0.00418477
0.02147395
-0.02260865
-0.01794965
0.01647471
-0.01406815
0.00087531
0.01934751
0.01011119
-0.01679505
0.00520138
-0.01912774
0.01245982
-0.00619644
-0.00373422
0.0151108
0.02604597
-0.01387601
-0.0066265
0.00028544
-0.00426609
0.02812091
-0.02268705
-0.01263164
0.00743586
0.01442417
-0.00821778
0.00474076
0.00128755
0.00889526
-0.0206162
0.02399198
0.00890456
0.00989897
0.02000894
-0.01384881
-0.0205016
-0.00495206
-0.00804492
0.01069325
0.01614534
0.00728933
0.0114727
0.01281579
-0.0146705
0.0261185
-7.229e-05
0.00971502
-0.01772232
0.00683177
-0.00349264
0.02846842
-0.00067484
-0.01182407
0.02714884
-0.00102658
0.02615448
-0.01571119
0.00742082
0.00701461
-0.00468119
0.00945482
0.01123134
0.01731842
0.01953927
0.00513711
-0.00727038
-0.00481058
-0.03264756
-0.03491752
0.01718832
0.00530088
0.02604346
0.01475851
0.01210267
0.02815088
-0.02205431
#999
0.01440158
-0.00224731
-0.00871358
-0.00800709
-0.01732638
-0.03861876
#999
0.00594544
0.01427833
-0.00582867
-0.00723406
0.0234263
-0.00199319
0.01128974
-7.636e-05
-0.00354019
0.00615889
#999
-0.00103717
#999
0.01560083
-0.00843352
0.01748926
0.00367047
-0.00353804
-0.001513
-0.01720407
-0.01317641
0.01233364
0.02042493
-0.00108546
0.00687546
#999
-0.00785605
0.02136325
0.00080421
-0.01166974
0.01043173
-0.00789222
0.01983944
0.00204951
-0.02331385
0.00201766
0.00012746
-0.01863544
#999
-0.02784062
-0.00731055
0.00622599
0.0035282
-0.01867845
-0.00906041
-0.02398641
0.00903136
-0.00251238
0.00831521
-0.02316407
#999
0.01665697
0.00599564
0.00451299
-0.03291835
0.01614805
0.0028734
0.02427907
-0.0229509
-0.01994558
0.01618013
-0.0129716
#999
-0.00414208
0.01614852
-0.02685389
-0.00462003
0.00234086
-0.01676009
0.01179217
#999
0.01902695
0.00590704
-0.0136756
-0.01146025
-0.0088454
-0.00836081
0.00438018
#999
0.01969397
-0.00329054
-0.01881169
#999
-0.00139446
-0.00899688
-0.00375734
0.00445096
#999
0.01951514
-0.00736092
0.00650608
0.00852095
-0.02653631
#999
-0.00486125
-0.017713
0.02278225
-0.00690889
0.00084819
-0.00482538
0.01063122
-0.01782666
-0.02796461
#999
0.01256718
0.0106244
0.00265799
-8.427e-05
-0.00393643
-0.0094284
0.00706289
-0.01671264
0.02175656
-0.01616633
-0.01432945
0.02116571
0.01241495
0.0138601
-0.00206774
-0.0158825
0.01090424
0.02104876
-0.0040093
0.01752361
0.01920763
0.00872406
-0.00258697
0.01563302
#999
0.00793532
-0.00785179
0.0008636
-0.00037386
0.00376555
-0.00920192
-0.01273987
-0.00931014
-0.01426293
0.01493835
0.01453376
0.00391904
#999
0.01968609
-0.00358606
0.01129089
-0.00476669
-0.00454177
0.00604192
0.02953511
0.01632771
0.00362996
-0.031233
-0.01771635
-0.00658708
-0.00103579
0.0060836
-0.00536739
0.00540754
-0.01395558
-0.00987804
0.00305178
0.00659222
-0.01280623
0.00955175
-0.01019515
-0.01328851
0.02187882
-0.02565422
#999
-0.01330185
-0.00017575
0.00564743
0.01126449
-6.882e-05
0.00051005
0.020299
-0.00158694
0.00017429
-0.00891476
-0.00053212
-0.0072602
0.01515001
0.02556142
-0.00361499
0.01417336
0.00742408
0.01482155
0.02488389
-0.0156799
-0.00146803
#999
0.01487375
0.00421969
-0.0132501
0.00356672
0.0145129
0.01733576
0.00021012
0.00622361
-0.0060563
0.02256795
0.00958012
-0.02031101
-0.00543459
0.00814849
-0.01006963
0.00439179
-0.02383596
#999
0.0067042
-0.0181704
-0.00058746
-0.01642668
0.0060166
0.00457784
0.01246538
-0.00541272
-0.02235384
0.0062606
0.02382561
0.00143265
0.02150408
0.00063238
0.01153056
-0.01252035
-0.01320584
-0.00599933
-0.02382522
0.0085275
-0.00011474
-0.01783483
#999
-0.00131009
-0.00603137
0.01683951
-0.00111375
-0.02709244
0.02292274
#999
0.01366531
0.01166841
0.02314214
0.01255957
-0.01854064
-0.00655272
-0.03393693
-0.01505644
-0.01360078
-0.01379861
0.0152868
0.01094664
0.01390986
-0.01582
0.02568348
-0.01157857
0.01546115
-0.01097724
-0.00221082
-0.00497176
0.00082614
-0.0077162
0.02628005
0.00429667
-0.00163849
0.01848031
-0.00775842
-0.0017365
-0.02193946
0.00488145
0.01357984
-0.00029311
0.00654803
-0.00488385
0.00514907
-0.0056526
0.0339346
-0.013649
-0.00358278
0.00828472
0.00147189
0.01226098
0.01765614
-0.02523269
0.01129308
-0.00745795
0.01618713
-0.00690226
-2.639e-05
0.00419948
0.01734025
0.00443379
0.0094938
0.00535967
0.0197713
-0.02406547
-0.00451062
-0.00314596
-0.01249829
-0.01249218
-0.02081829
-0.01162161
-0.00075416
-0.00416537
-0.01339659
0.00490267
-0.00358184
-0.01590869
0.00627098
-0.00793176
0.01465362
0.00094789
0.00359002
0.0017482
0.00513078
0.00969496
-0.02586119
-0.02484664
-0.00162669
0.01921173
0.02488369
0.01728248
-0.01061232
0.00261084
-0.01834823
0.01774071
-0.00055209
-0.02566299
-0.003764
-0.01944731
0.00479184
0.01256409
0.0084934
-0.00303531
0.00600197
-0.00525051
0.03441663
-0.00664614
-0.00307963
#999
-0.00452265
0.02615004
-0.00139473
0.00803446
0.0073158
-0.00334355
-0.01179668
-0.00711187
-0.01040615
-0.00499696
0.01097445
0.02004362
0.0044545
0.00911382
0.02179395
0.01373955
-0.00897883
-0.00773244
0.00516862
-0.00948608
#999
0.01253969
-0.0031442
0.0077996
-0.00126885
-0.01437283
0.02452301
0.00077674
0.00442197
0.01748315
0.00684401
-0.00621333
-0.01549266
-0.00733431
0.02614953
-0.00283049
0.01185371
-0.01746178
0.01167518
0.0082588
-0.01838986
-0.01793431
-0.00279858
-0.01858128
-0.03191265
-0.01048342
0.00797999
-0.00719294
0.00315177
#999
-0.01890899
-0.00606536
-0.01164843
-0.00503391
0.02466424
0.02390079
0.00300964
0.01145845
0.01131545
0.01675173
-0.00421241
-0.0277103
0.01610077
-0.01090097
0.01267201
0.01284342
-0.00639315
-0.00083406
-0.01604842
0.011373
0.00899236
0.01910082
-0.00477855
-0.00068717
0.01427994
-0.02191391
-0.00117351
-0.01989012
-0.01363359
0.00825752
0.00942511
-0.00404098
0.00416478
-0.02594164
0.01510856
0.0290085
0.02043655
-0.03027821
0.0075101
-0.01300937
#999
0.01072457
-0.00231517
0.01485523
-0.01408297
-0.00795613
-0.01173431
-0.02693645
-0.02216191
0.02338469
0.00722144
0.02840776
-0.0174472
0.0150702
-0.00605694
-0.03289265
-0.00207309
0.01242997
-0.01657817
0.00192793
-0.00769085
-0.01126397
-0.00623723
-0.01214579
-0.01069766
-0.00382916
0.01976861
-0.00141517
0.00127531
0.00109399
-0.00375567
-0.00787354
0.006919
0.0071648
-0.02418773
0.0279046
0.02457958
0.00556862
-0.02071803
0.00102132
0.00862234
0.01962339
-0.02907341
-0.00801811
-0.01759978
0.01702821
#999
-0.03703282
-0.01868959
0.00263867
0.02124168
0.00493439
-0.00954622
-0.00757984
0.00319597
0.00940388
0.00210584
-0.00613475
0.01202164
-0.00940304
0.01048212
-0.02940628
-0.00863807
-0.02723414
-0.02896646
-0.00431607
-0.00184079
-0.01532982
0.00791161
#999
-0.02818416
0.01254325
-0.00768367
0.0060629
0.00112908
0.00522957
0.01341353
0.0115601
0.0096614
0.0044556
-0.00381228
-0.01703234
-0.01487448
0.02851338
0.02432489
0.00258032
-0.00790375
0.00786963
0.01883538
0.00287153
-0.01547719
0.01231864
#999
-0.00773601
0.0063915
-0.02632977
-0.01389745
0.01224548
-0.013942
0.01373739
0.0267524
-0.00751532
0.00275037
0.00786562
0.00072467
-0.00091406
0.03168586
-0.0122313
-0.01451092
#999
0.01801178
0.01113137
-0.00504123
0.00076134
-0.03958019
0.02494748
0.00234309
-0.00355228
-0.00280674
0.00598178
0.02073533
-0.02339017
-0.01460888
-0.0066502
0.02132576
0.01229008
-0.02528616
-0.01575779
0.0034249
-0.01119174
-0.01353049
0.01407562
0.00126652
-0.00029077
-0.01238205
0.01609655
0.00324089
-0.01672858
#999
#999
0.01006147
0.02131475
-0.00361821
0.00569727
-0.00842685
-0.00965956
0.01389106
-0.01949678
0.01242408
0.00139881
-0.0131938
0.00266878
