#Number of photons observed douring the burst: 19816
#Average flux [c/s]: 1317.903697791966
#Average variability: 0.0994353152711796
#GRBbn210807687 temporal parameters: 
#                                   T_detection(MET)= 650046564.535838 s
#                                   T_start= -5.008 s
#                                   T_end= 10.028 s
#                                   CCF campionation= 1e-4 s
#                                   Fit amplitude= 0.2 s
#                                   Used detector= 8 GBM
#                                   Variable bin size= 10 ph/bin
0.12373719
-0.13367762
0.02795059
0.19419351
0.13495089
-0.12697396
0.14434137
-0.0003186
-0.0495374
0.22628095
-0.1124371
0.1127906
0.12793147
0.03326548
0.00582515
-0.10638823
0.09664146
0.01025417
0.86530735
0.06542414
-0.04708907
0.1123674
-0.10683999
0.14629932
-0.02629135
-0.1589551
0.09216609
-0.02324716
-0.27318616
0.13384158
-0.08731084
0.06482238
-0.08528022
-0.14798301
0.13491987
-0.10455492
-0.13951885
-0.03297577
-0.04650987
-0.15938908
0.14609969
0.11163205
-0.03939908
0.05658495
0.0629903
0.12628744
0.11592245
-0.12900358
-0.27369145
0.24542372
-0.04470989
#999
0.19251224
0.10587356
#999
0.16122162
-0.07257909
-0.11224159
0.13091438
0.09333458
-0.0518349
0.02380964
0.16275431
-0.11340037
-0.1390397
-0.10590446
-0.14934895
-0.00444377
0.03845883
-0.05213202
0.13214745
-0.15750467
0.05577801
0.00543712
0.07812122
0.05137465
-0.14234821
-0.03962697
-0.11458739
-0.03991188
-0.00373688
-2.42678529
0.08863353
-0.1205536
-0.11372107
0.14289979
0.11356284
-0.02092725
-0.02262091
0.14197098
0.04290733
-0.0712477
0.12289262
0.13849548
0.15150771
-0.04384309
0.00617887
-0.11196249
-0.04117244
-0.04431715
0.12223746
0.11292653
0.14811277
-0.18481479
0.11411323
-0.00083094
0.01876059
-0.05506765
-0.00217708
-0.12981927
-0.02923088
0.05660496
-0.03145882
-0.02946932
-0.53779329
-0.14904086
0.1005586
-0.13007288
#999
-0.1332895
0.14942207
-0.12702951
-0.0542
-0.12141286
-0.0955114
0.13856225
#999
0.3381418
0.19843842
0.13615412
-0.13970358
-0.16525094
-0.10085859
-0.10352835
-0.14951699
-0.07516049
0.00371868
0.01327941
0.11700879
-2.61051227
-0.05576751
0.16233466
0.0864173
-0.0258895
0.0933091
0.05779999
-0.13059332
-0.1300044
-0.04291399
-0.05725802
0.01463786
0.02481591
-0.06360041
0.04001905
0.10581906
0.16091626
-0.00503895
0.16524718
0.13362186
0.13121662
-0.12372357
0.01543449
0.12603358
-0.10528656
0.20589064
-0.20668917
-0.17820497
-0.05871417
-0.05756193
0.09154853
0.06211481
0.05087455
0.04976624
0.04146905
0.0380719
-0.14078368
0.21901928
0.02993527
-0.12732422
-0.08583169
0.03363136
0.17351051
0.11526673
0.13854429
-0.14563514
#999
0.11273677
0.11171468
-0.13193288
0.12415055
-0.06303226
0.01681811
0.17343082
-0.21427926
0.1101951
0.02504349
#999
-0.14976378
0.11358817
0.14559545
0.16785126
-0.1511789
0.12311448
0.11483674
-0.00276443
0.07439528
0.01056556
-0.12793406
0.16246722
0.19455803
-0.10704884
0.08815413
0.15055495
0.08301832
0.13780016
-0.1125841
-0.11821999
0.09569342
-0.23102013
-0.13250114
0.01969057
0.12470668
0.05062387
0.04202505
0.08333057
-0.02303559
-0.00492458
-0.03054941
-0.12576489
-0.15306883
-0.11662558
-0.03817713
-0.14076239
0.0364711
-0.1372959
0.07222762
0.14189565
-0.12409889
0.07489106
0.00074125
-0.15197932
-0.12987527
-0.0223627
-0.02235408
-0.03310268
0.04445654
0.18428177
0.00734075
0.10135684
0.04712299
0.11659389
-0.04654309
-0.04573698
-0.02335602
0.11724495
-0.06009111
-0.12164511
-0.01164077
0.04994408
0.08770029
-0.02177671
-0.02948998
-0.0053131
-0.13246146
0.04579108
0.00484684
0.04227814
0.02903092
-0.11886326
-0.00941282
0.01190562
0.01837611
-0.06231524
0.05305356
-0.13141724
-0.12871658
-0.19517751
-0.06515972
0.08658899
0.29196686
-0.02295291
-0.14249992
0.08889706
-0.07843361
0.0436566
-0.01075201
0.04456269
-0.10917951
-0.01267508
#999
-0.06416828
0.01195457
-0.14558335
-0.06568369
-0.13247664
-0.18588889
0.06279491
0.10603536
-0.00231967
-0.20885278
0.13795655
-0.15591977
0.02702895
0.10150981
#999
-0.11222499
1.85510513
0.10701178
0.16097547
-0.01670336
#999
0.01994735
-0.13775464
0.05843142
0.08345195
-0.04058875
0.0424935
0.14657377
-0.13615314
0.06348424
-0.13694541
#999
-0.10375614
0.03706683
0.16797912
0.03042492
-0.05206245
0.15616326
0.07191808
-0.10619183
-0.06022121
0.10719923
0.01223036
0.02894589
-0.19440324
0.13653349
-0.0308268
-0.08001398
0.02319674
0.00752607
-0.11454141
0.1303087
-0.05521153
-0.09170601
0.05551715
0.10034292
0.08553658
-0.02946683
-0.17157141
-0.01489532
0.15808129
-0.12605761
0.01195805
0.08380438
0.0444961
-0.11701366
0.08336202
-0.09091306
0.00889863
0.12076864
0.17373378
0.03800262
-0.03844892
0.07654707
-0.04151346
0.07535065
0.09765669
0.06565561
0.09524496
#999
0.12576243
0.1251255
0.0156469
-0.0195646
0.20998046
0.00345279
-0.7557314
0.18916638
-0.11638873
-0.01653291
0.0441963
0.10323707
0.06469026
-0.12533838
-0.11819251
-0.03002492
-0.04046767
0.04514515
0.11315837
-0.16467955
-0.05992816
-0.03703292
0.01744225
-0.11491237
-0.03798608
0.11852098
0.04667077
0.03243375
-0.1848693
0.0121896
#999
-0.15661428
-0.08776293
-0.10300704
0.18463183
-0.07906707
0.08066677
-1.65888326
#999
1.63407642
0.08266795
0.09269582
-0.06603277
0.10673587
#999
0.14130779
0.10508118
-0.05190061
-0.00826812
0.03764908
-0.05132564
0.13901748
#999
0.08604344
0.1305269
0.14216599
-0.07654576
0.06811186
0.05052624
-0.16698906
0.11172471
0.86248228
0.02673824
0.05420749
-0.04682175
0.04532374
0.08856351
0.08562512
0.4374147
-0.13190272
-0.0549184
0.05260801
0.01749845
-0.15153308
0.06564535
-0.06875481
-0.15593362
0.15611581
-0.08562069
#999
0.13426659
-0.04326688
0.04436247
#999
-0.01814403
0.18006481
-0.02740781
0.10267227
-0.12875615
-0.06406077
0.0487023
#999
0.04159151
0.15478705
0.08487583
-0.01214145
0.09478241
-0.08824527
-0.04855197
0.06438441
-0.09438754
-0.15248209
-0.04584713
-0.13219664
0.10651212
0.10666038
-0.09937844
-0.14287523
0.0002159
-0.14842244
-0.03460444
0.08697448
-0.01691358
0.15784646
-0.0346078
#999
-0.09838289
0.03758693
-0.12203235
-0.00201158
-0.13167758
-0.12390889
0.05834926
-0.03855129
-0.06245662
0.03186585
-0.13937928
0.02368259
0.13709185
0.15999581
-0.11480048
0.04250272
0.13131913
-0.16046883
-0.13387889
-0.14152734
0.05520218
0.10766851
-0.03722528
-1.00092444
0.11348616
0.06985408
0.02905761
-0.0849989
0.17453093
0.91497376
0.11007581
-0.0644797
#999
-0.12151685
-0.01106241
-0.05184762
0.08686656
-0.15707296
-0.01803628
-4.25309281
0.12667447
-0.04586937
-0.02532906
0.16571718
0.02419393
-0.04520209
0.03480513
-0.05606313
0.1203303
-0.01143673
-0.02939313
0.09917346
0.08550401
-0.09936562
0.00553562
0.17450697
-0.01772302
0.15403475
-0.144911
-0.07739701
-0.02756459
-0.12002746
0.05510277
-0.0385644
0.10495099
0.01270212
0.01051483
0.13122836
-0.03439932
-0.0100643
-0.00952254
0.08408943
0.11110358
0.07256362
0.11989068
0.11131017
-0.14394334
0.05511841
0.1010977
0.14685407
-0.15155176
-0.13987785
-0.32958068
-0.14427427
0.07177504
-0.04407948
-0.03057008
-0.05279948
-0.42746522
-0.03274694
0.06660299
-0.05267919
-0.05735928
-0.1191529
-0.0320541
-0.13028654
-0.00945214
0.09283514
0.17293224
0.11798825
0.12382278
-0.04807292
-0.08406114
0.01381426
0.00135563
0.01770664
-0.15322481
-0.1231602
-0.08008332
-0.02355887
0.03235867
-0.14515898
0.12050963
0.48952051
-0.05439532
-0.12367286
0.03074408
-0.1167514
0.02689565
#999
-0.03459423
-0.14438633
-0.0026666
0.01431031
-0.00267519
-0.02239093
-0.11230186
#999
7.06947323
-0.01926391
0.1431369
#999
0.1237388
-0.12588054
-0.21334951
0.04518227
0.0201661
-0.04695703
-0.03404037
-0.14138613
0.08127716
0.02253659
-0.0409148
0.12833372
-0.04822281
-0.1130017
-0.09741741
0.09686509
-0.94512416
3.8896686
0.0460217
0.12582695
0.14527604
0.01650867
-0.04543395
0.07455203
#999
0.13894221
-0.1067932
0.10222972
-0.17462272
-0.038589
0.17638171
-0.09266858
-0.01345034
#999
0.21467079
-0.11989631
-0.05029759
0.10730692
-0.12349347
0.06675643
0.2631525
0.13809165
0.09946642
-0.1582012
-0.10916339
0.14974489
-0.05555691
0.09896017
0.02812613
-0.08388444
0.00704583
-0.10268423
-0.10276909
#999
0.10971485
#999
-0.00278659
-0.13835691
0.0153843
#999
-0.03128599
0.09284897
-0.00567313
-0.02305581
0.15716876
0.01686457
0.17387964
-0.14208418
#999
0.09368269
-0.08544018
0.05220818
0.19541287
0.0805952
0.10893637
-0.09928968
-0.00497288
-0.02833208
-0.12850043
-0.02429822
-0.01135155
0.08674691
-0.0488487
0.09613438
0.15680958
-0.13404738
0.13997682
-0.12657814
-0.11746318
0.03736935
-0.06951915
0.17358937
-0.15097575
-0.00815786
-0.14165228
-0.00793138
-0.04571057
-0.12205926
0.1355471
-0.02269274
0.02748145
0.15883787
-0.12221673
0.07062829
-0.07715537
-0.13325578
-0.02124584
-0.08549308
0.12209027
0.1046388
-0.01120648
0.1161754
0.02881966
0.05188292
0.16601278
-0.09408871
0.11716712
0.14786556
-0.02703829
-0.0194447
0.16078871
0.06809196
0.16971693
0.03747607
-0.04249386
-0.13129925
0.04852237
0.12928836
0.12071994
-0.09817195
0.12184822
0.05148299
-0.16075935
0.14531032
0.10623555
0.07381161
-0.77281645
-0.00971228
0.07074584
-0.12729227
-0.11934968
0.05959153
0.07391925
-0.14531222
-0.05367724
-0.0576479
-0.00692954
-0.14462601
-0.09981641
-0.17411074
-0.12190746
-0.10064439
-5.94558491
-0.03229293
-0.0630717
-0.16471441
0.00585283
0.09996625
0.19024941
0.10937355
-0.08420559
-0.13081413
0.1406577
0.1507667
-0.02179952
0.14714476
-0.01933111
0.05927513
-0.05126709
-0.11789697
0.06131698
-0.00285538
0.04263659
0.00828518
-0.14832711
-0.05181329
-0.15437009
-0.47577153
0.10842565
0.10104615
-0.11082606
-0.0207257
0.13271435
0.01748231
0.04736107
-0.15933683
-0.05022633
-0.11977665
-0.00847817
-0.07420367
-0.11748782
0.05833972
-0.06843192
0.12901949
-0.05516577
-0.10135692
0.20607186
0.34353097
0.10813254
0.02717748
-0.02351325
-0.04771436
-0.13394265
-0.14207069
-0.07400347
0.04782448
-0.14094882
-0.07583889
0.08298531
0.11469533
-0.05522789
0.03889613
-0.05190709
-0.98852415
0.04269208
0.1011391
0.11653311
0.01143658
0.00316605
0.10611972
-0.11729893
0.07545534
-0.09049872
0.03768171
-0.06829845
-0.04571375
0.17624062
0.07366129
-1.10380877
0.11122898
0.10735477
0.00455563
0.13859567
-0.0490998
0.00921686
-0.05747564
0.186216
0.12037367
-0.11534911
0.04214
0.18812262
-0.10668169
-1.22966559
0.15481597
-0.81323061
-0.11512633
0.11594377
0.02126669
-0.00041506
-0.01721742
-0.15480521
0.01580202
0.04220406
0.09800445
-0.03189402
-0.12197011
-0.10414561
-0.01177068
-0.00321382
-0.04323896
-0.01485235
-0.04982582
0.0099602
-0.12312198
-0.05800358
#999
0.12175164
0.08623501
0.32876773
-0.04531447
-0.156666
-0.12561782
0.28938828
-0.13386465
-0.0159572
-0.1358779
-0.14476888
-0.1313614
0.09522729
0.1628379
-0.11352128
-0.04276701
-0.08000832
0.04322961
0.07883051
0.1403839
-0.06685186
-0.13784878
0.09965647
-0.0942972
-0.18973668
0.30034205
-0.08002196
0.04586151
0.01074745
-0.00307464
-0.01509566
-0.25477002
0.02366676
-0.15885199
0.12835249
0.18529403
-0.03490722
0.15930619
0.17419617
0.1045697
-0.0270457
0.02887359
-0.08003391
0.12387308
-0.08570385
0.03602665
0.02754256
-0.13596118
-0.09481206
#999
-0.09496731
0.12347729
#999
0.02119353
#999
#999
0.15408358
0.12840866
0.11746613
-0.09357759
0.3583729
0.10774587
-0.22036519
0.01973153
-0.05719428
0.56737271
-0.17301708
-0.12470701
0.14877374
0.17316607
0.11673533
-0.16435871
0.05905404
0.12851831
0.12811653
-0.01920328
0.08276471
#999
-0.1256342
-0.06908371
-0.02288522
-0.29825938
-0.11570646
-0.09315633
-0.14991932
-0.02934183
-0.03364762
-0.12730581
-0.09265812
-0.20167965
0.15774873
0.12381524
0.02522255
0.14463725
0.06106983
-0.13783533
0.05246019
0.10458423
-0.14731308
-0.00275521
0.06039696
-0.13893541
-0.01852353
0.05603705
-0.13295641
0.01909845
-0.15135664
0.11436005
-0.62754369
-0.03574571
0.05041578
-0.08617297
-0.14893901
0.18657674
-0.00191222
-0.01170442
