0  5.3075233  6.2382803
1  6.2382803  7.165655
2  7.165655  8.090485
3  8.090485  9.013605
4  9.013605  9.935853
5  9.935853  10.858065
6  10.858065  11.781077
7  11.781077  12.890926
8  12.890926  14.004578
9  14.004578  15.123565
10  15.123565  16.250319
11  16.250319  17.387804
12  17.387804  18.538994
13  18.538994  19.706858
14  19.706858  21.094378
15  21.094378  22.513067
16  22.513067  23.967262
17  23.967262  25.4613
18  25.4613  26.999516
19  26.999516  28.58625
20  28.58625  30.464632
21  30.464632  32.41852
22  32.41852  34.3448
23  34.3448  35.79413
24  35.79413  37.241676
25  37.241676  38.895733
26  38.895733  40.57571
27  40.57571  42.28041
28  42.28041  44.008644
29  44.008644  45.95505
30  45.95505  47.9274
31  47.9274  49.92405
32  49.92405  51.94337
33  51.94337  54.18885
34  54.18885  56.4576
35  56.4576  58.747437
36  58.747437  61.056183
37  61.056183  63.593826
38  63.593826  66.14855
39  66.14855  68.71753
40  68.71753  71.51339
41  71.51339  74.31907
42  74.31907  77.13097
43  77.13097  80.16199
44  80.16199  83.19165
45  83.19165  86.21797
46  86.21797  89.457405
47  89.457405  92.694496
48  92.694496  95.930084
49  95.930084  99.38067
50  99.38067  102.83152
51  102.83152  106.28366
52  106.28366  109.95412
53  109.95412  113.62841
54  113.62841  117.52437
55  117.52437  121.42746
56  121.42746  125.556435
57  125.556435  129.69495
58  129.69495  134.0615
59  134.0615  138.43845
60  138.43845  142.82574
61  142.82574  147.44345
62  147.44345  152.0724
63  152.0724  156.93373
64  156.93373  162.02902
65  162.02902  167.13745
66  167.13745  172.48192
67  172.48192  177.84047
68  177.84047  183.43712
69  183.43712  189.04878
70  189.04878  194.90068
71  194.90068  200.99449
72  200.99449  207.10529
73  207.10529  213.46014
74  213.46014  220.0608
75  220.0608  226.68042
76  226.68042  233.548
77  233.548  240.66531
78  240.66531  248.03409
79  248.03409  255.4248
80  255.4248  263.06915
81  263.06915  270.96884
82  270.96884  279.1257
83  279.1257  287.30728
84  287.30728  295.74805
85  295.74805  304.4497
86  304.4497  313.4139
87  313.4139  322.64236
88  322.64236  332.13675
89  332.13675  341.89862
90  341.89862  351.92957
91  351.92957  362.23117
92  362.23117  372.80493
93  372.80493  383.65225
94  383.65225  394.77457
95  394.77457  406.17316
96  406.17316  417.8493
97  417.8493  430.0485
98  430.0485  442.52896
99  442.52896  455.29166
100  455.29166  468.33743
101  468.33743  481.66705
102  481.66705  495.52905
103  495.52905  509.6774
104  509.6774  524.1124
105  524.1124  539.0842
106  539.0842  554.3441
107  554.3441  570.143
108  570.143  586.23065
109  586.23065  602.8586
110  602.8586  619.7747
111  619.7747  637.23126
112  637.23126  655.22815
113  655.22815  673.5108
114  673.5108  692.33167
115  692.33167  711.68933
116  711.68933  731.58203
117  731.58203  752.00714
118  752.00714  772.70593
119  772.70593  793.93
120  793.93  815.675
121  815.675  837.9357
122  837.9357  860.70636
123  860.70636  884.23584
124  884.23584  908.2604
125  908.2604  944.5046
126  944.5046  981.9393
127  981.9393  2000.0
