#Number of photons observed douring the burst: 69690
#Average flux [c/s]: 1200.2893508551351
#Average variability: 0.017896746096492448
#GRBbn101206036 temporal parameters: 
#                                   T_detection(MET)= 313289539.530058 s
#                                   T_start= -11.671 s
#                                   T_end= 46.39 s
#                                   CCF campionation= 1e-4 s
#                                   Fit amplitude= 2.0 s
#                                   Used detector= 9 GBM
#                                   Variable bin size= 10 ph/bin
0.3193667
-0.20298486
0.00412894
0.15408823
-0.43169399
-0.08252982
0.12225327
-0.4550868
-0.06978355
-0.11406954
0.39649855
0.18855041
-0.16519747
0.08706627
-0.16952417
0.06045395
0.01811603
-0.35213075
0.4460514
0.40252495
-0.36589285
-0.12427382
0.28042495
0.04753681
0.17486113
-0.06366311
-0.188858
-0.30555212
-0.17617822
0.10922763
0.20203485
0.19808463
-0.08891499
0.03472254
-0.4570672
0.24301147
0.14360285
0.06128332
-0.23654914
-0.06815784
0.18267281
-0.44413741
0.0966817
0.0473578
0.17189645
-0.19783564
-0.48696522
0.33743237
0.00232368
-0.09557173
0.14251319
0.30236943
-0.02233681
0.15328381
0.01510467
0.1386322
-0.30799419
0.11167831
-0.20185791
-0.59282526
0.21034555
-0.15007652
-0.42700113
-0.46908793
0.18641545
-0.02252073
-0.32114366
0.30985964
-0.12687651
0.12694834
-0.19651753
-0.22150264
-0.49929765
0.04547295
-0.30658725
0.40861139
0.36897148
-0.18857672
-0.17375159
-0.38952971
-0.29726564
-0.35713182
0.52283813
0.0419108
0.20815878
-0.34301406
0.49938615
0.31019996
0.07716489
0.28985411
0.27647267
-0.12374259
-0.06659858
0.04740859
-0.08725061
0.41144316
0.22287898
0.19621334
0.22490246
0.03034919
0.14208094
-0.48036007
-0.47952244
-0.1067539
-0.10262558
-0.14372258
-0.06875356
-0.0864112
0.45286892
0.10677442
0.05685627
-0.13043592
0.00737126
-0.63736342
0.11524087
0.14303408
0.12828258
0.27690391
0.1841344
0.34229187
0.10904082
-0.18818938
0.25291999
0.18877061
0.35197565
0.5112608
0.31483674
-0.14299156
0.21120853
0.07375463
0.1911941
-0.07755149
0.20241116
-0.01999936
-0.06249739
-0.15067344
-0.03011669
-0.38053145
0.30050747
-0.27008638
-0.28250996
0.25559202
-0.08149712
-0.05352515
-0.32673751
0.09557174
-0.18688813
-0.0356785
-0.06956301
0.31927458
-0.00066265
-0.01271325
0.09629069
0.30832781
-0.30931502
-0.20497748
0.42468475
-0.07829095
-0.24324449
0.01000106
-0.04703665
0.12121098
-0.52358477
0.51406573
0.03265892
0.32830938
-0.13262503
-0.36360441
-0.26362407
0.03609688
-0.19971164
0.11720854
-0.0701759
0.270751
-0.14824627
-0.0029731
0.14945234
-0.25378312
-0.23256653
-0.48538056
0.03292671
0.04731623
-0.10529204
0.30274619
-0.11459205
-0.08645343
-0.19405097
-0.06840249
-0.52660259
-0.19197967
0.1332355
-0.20481214
-0.31229631
0.02319584
0.11714256
-0.37044871
0.12457411
0.35473746
-0.17247781
-0.24400001
-0.05506038
-0.03897627
-0.20129644
-0.07593765
-0.26069709
0.2917023
-0.09652824
-0.34345628
-0.11850224
-0.3121453
-0.07352839
-0.13059742
0.10155136
0.16996027
-0.35523963
0.41082093
-0.22265231
0.00427599
0.14782292
-0.35825496
-0.22288835
0.16480891
-0.08383638
-0.1544523
0.26671488
-0.2449394
-0.31688349
-0.18425879
-0.40059971
0.21109025
-0.05786009
-0.0745094
-0.09090162
-0.25371314
0.37665322
0.03216086
-0.06899137
-0.02031964
0.24855452
0.0456445
-0.15905981
0.18949025
0.26098311
0.1134309
-0.02862369
0.06526354
0.15798199
-0.038809
-0.28273101
0.24140605
-0.03913862
-0.46547144
0.07004963
0.13860725
0.54165422
0.3522834
0.1229824
-0.2498577
0.21348327
-0.00180808
-0.17741022
-0.12477055
-0.15946506
-0.1825661
-0.08879188
0.20436194
-0.03028232
-0.46452819
0.16568838
-0.30545399
-0.18916051
-0.1107999
-0.14553873
-0.07212167
-0.10618607
-0.25081876
0.11497079
-0.26547234
-0.00011587
0.27775428
0.10806912
0.12489541
0.17763497
0.30849963
0.2771754
-0.06173564
-0.03020972
0.09079448
0.27029067
0.05608692
-0.3562701
0.28521208
-0.08591566
0.47934342
0.18319469
0.62634947
-0.02830968
0.61508204
0.01861921
0.19259932
0.08736463
-0.25976696
0.19265511
0.19096119
0.11068993
-0.25412309
-0.01921213
-0.21176773
-0.12777906
0.18381366
-0.33649237
-0.06171537
0.00558959
0.0207488
0.38382894
-0.1074759
-0.00355862
-0.35084375
0.26524373
0.15316875
-0.24349116
0.49671755
0.03652712
-0.13872837
0.366967
-0.08266113
0.08544288
-0.32229796
0.20745788
0.23757785
0.27003678
-0.07603009
-0.57266055
-0.08345331
0.10605979
0.36388947
0.20332064
-0.16128073
-0.23201509
-0.11230972
0.03764918
0.48992515
-0.12625013
-0.30291528
-0.1138807
-0.12382284
0.12190666
-0.23299945
-0.00460216
-0.2206694
-0.16338982
0.394442
-0.07365701
-0.32795596
0.17769051
-0.04840004
0.14516311
-0.09348436
-0.435254
-0.41112608
-0.08588671
0.46286651
-0.09174898
-0.04887247
-0.01798112
0.41019077
0.08923635
-0.07296399
-0.16003144
-0.08618753
0.08494757
-0.20015193
0.31679775
0.34259241
-0.05473572
0.15445853
0.4323846
0.0337222
-0.20612014
-0.35847931
0.03287362
0.0128279
-0.24824073
-0.19310693
0.28212964
-0.00379907
-0.09451131
0.12462451
0.11743714
0.38634313
-0.06584763
0.17422514
-0.32544887
0.13920901
-0.17840723
-0.00020221
-0.08914035
0.22902012
0.03419057
0.24258313
-0.17600474
0.01606153
-0.20492043
-0.05688079
0.01984925
0.13610881
-0.20013306
0.0768557
-0.43466808
-0.38577933
-0.10286265
-0.17934812
0.01230728
-0.07894104
0.1754456
-0.10934344
-0.36982798
-0.24162896
0.24167936
-0.06931351
0.14624312
0.0052056
-0.21268058
-0.22875846
-0.13674001
0.40947331
0.16126953
0.25770241
-0.24114405
-0.15732547
0.03240971
0.26319135
-0.07530873
0.10800588
0.20103669
0.15151771
0.01796155
-0.481395
0.04813242
0.1066437
0.29388601
-0.07726156
-0.16100047
-0.03271085
0.24310385
-0.01055019
0.1533858
0.10974478
-0.23905092
0.14706658
0.03943391
0.29041577
0.26837582
0.02037606
-0.17049422
0.20775719
0.12088065
0.59594078
-0.1714776
0.40553166
0.01199333
0.30209711
0.01900159
0.168459
-0.27526796
-0.3915015
-0.00451873
0.31694589
0.45092299
-0.10619503
0.19053283
0.12629308
-0.2498614
0.32499367
-0.19185185
0.32748811
-0.00717336
0.30344222
0.02557307
-0.2759051
-0.17106968
-0.10910133
-0.39236716
0.0584284
-0.06775679
0.12564143
-0.21070507
0.07605811
0.19369572
-0.32118085
0.23832324
0.24321866
0.29251202
-0.06157693
0.16710327
0.2349317
0.05379401
0.04371154
0.07914183
-0.2968692
0.20651521
0.02515634
-0.01438119
0.20109436
-0.03752197
-0.06949305
0.14880397
0.19639061
-0.14493244
0.06761044
0.36796987
-0.02036669
0.10944528
0.24802024
-0.11903912
0.42222009
-0.01766028
0.13060811
-0.29635418
0.30155379
-0.20073599
0.30121945
0.00108358
-0.17178898
0.03355397
-0.44655349
0.17333345
-0.21402671
0.09787739
-0.19969055
-0.1543394
0.13083838
-0.08042329
0.26610234
-0.05780053
0.05593472
0.13383882
-0.45804755
-0.07200134
0.04533992
-0.38536893
-0.48009387
0.1701187
0.16451504
-0.10941387
0.11475318
0.15596391
0.03020505
0.13848863
0.18047357
0.20013862
-0.20934332
0.03449727
0.43511011
-0.26670792
0.20598831
0.24033742
0.15623564
-0.06421757
-0.13509338
-0.20340634
0.23555221
-0.2766339
-0.14989666
0.3162904
-0.31187204
0.07201074
-0.02713914
-0.03587836
-0.10317652
0.16957074
0.16401508
-0.19262386
0.3131333
0.24811598
-0.63810713
0.21184932
-0.12394675
0.17047466
0.61698769
0.03916808
0.60716202
-0.00711078
-0.04782878
0.18336823
-0.33367589
-0.065417
-0.38835933
0.02546968
-0.37067252
-0.4556673
0.23309961
-0.49802606
0.36163256
-0.00540964
-0.34970361
-0.29562938
0.02484708
0.20529966
0.32019362
-0.0112782
0.15666986
0.00998503
0.23010797
-0.41972856
0.18275367
0.2065531
0.45060215
0.34525301
-0.00750534
-0.14767471
0.08327558
0.46637414
-0.07859059
-0.10403277
0.18387353
0.15239617
0.30568808
-0.22420387
-0.19414714
-0.27278765
-0.18821495
0.14160979
-0.21257279
-0.06917136
-0.12200361
0.12441168
0.51913434
-0.14215002
-0.14062905
-0.00721117
0.22264015
0.00068923
-0.11735516
-0.06371436
-0.32339866
-0.40960111
-0.42774387
-0.14265225
0.00261855
0.24990519
-0.02781605
0.19922046
-0.28879496
0.03909231
-0.25928746
-0.00166929
0.32786316
-0.25781778
-0.30126327
0.40972932
-0.04677824
0.24452605
0.0798254
-0.23298101
0.29849493
0.06623416
0.56109514
0.23244106
-0.21357388
-0.1660843
-0.36669529
0.01348822
0.41898519
0.09903428
0.33069076
-0.21226065
0.01882181
0.33809116
-0.13607028
0.4979864
0.14718349
-0.26363859
0.28298756
-0.22135621
0.17558632
0.05402162
-0.33585307
0.49304179
0.27329326
0.17627143
-0.4254656
-0.10113667
-0.32366117
0.20215158
-0.07093774
0.03392232
-0.02707868
0.01068147
0.40412976
-0.47038482
0.44505697
-0.11047492
0.09455892
-0.21975507
-0.38646886
0.41656011
0.09167496
0.05930393
0.15165223
-0.05070023
0.22042474
0.05565603
0.10681757
-0.07788141
0.09591736
-0.23716327
-0.22440204
0.09507837
-0.24048119
0.13732274
-0.09803576
0.03050584
0.16593456
-0.21600404
0.14755293
0.14073294
-0.21450248
-0.06487812
0.00475685
0.25985396
0.26232735
0.04091379
0.08400335
0.17306612
-0.15371369
-0.08051608
-0.45910527
0.09558417
-0.03345232
0.01280664
0.12076464
0.1215484
-0.28675071
0.23522036
0.57312831
-0.39899797
-0.33975811
0.17334562
-0.12529131
-0.04861225
0.02074038
0.05615634
-0.04192464
0.28889141
-0.20039843
-0.24413798
-0.048624
-0.04110347
-0.13240439
0.26388211
0.07675795
-0.21224285
0.18004036
0.12810144
0.12781087
0.50112062
0.34359057
0.13114397
0.40969116
0.0951222
-0.45128984
0.24803009
-0.07621668
-0.34594003
0.21984924
-0.01576008
-0.20093489
-0.22500572
0.3093384
-0.17123821
-0.23263601
-0.33093416
0.04204582
0.04763977
-0.28146724
0.17252276
0.05142266
0.19294673
0.15636204
-0.06334543
-0.08286599
0.13551027
0.09217803
-0.19608653
-0.31946562
-0.086228
0.40037822
-0.04030093
-0.01585989
-0.22517622
-0.18496292
-0.22815747
0.16946712
0.25567636
-0.05042489
0.06699379
-0.02325164
0.54628213
0.13854746
0.15106496
-0.2169182
0.14843773
-0.01970331
-0.14334896
-0.02358707
0.15499179
0.1934835
0.09827415
-0.47349617
-0.13152364
0.34270082
0.17789416
-0.02501283
0.30284031
-0.08944013
0.2703798
0.23723074
-0.30778448
-0.17841571
0.28997867
0.13572203
-0.35391396
-0.00223311
0.25018189
-0.3556189
-0.40190233
-0.28673439
-0.0595267
-0.16195627
-0.0124844
-0.26783426
0.44800079
-0.12028074
-0.20309804
-0.17311702
-0.18152056
-0.0230255
-0.19121153
0.04272358
-0.2063446
-0.15721324
-0.39887784
-0.05819665
0.35900004
-0.30079025
0.21600356
-0.40943954
0.09554844
0.40080534
0.18707605
0.15983142
-0.07268573
0.07825673
0.49938391
-0.11811325
-0.14746849
0.0147217
0.11004983
0.13267838
-0.08757219
0.15218118
0.13448162
-0.29185541
0.29397182
-0.01507132
-0.13960059
-0.00523895
-0.29437519
0.1488024
0.27544108
-0.36130149
-0.13388701
0.20281852
0.02820008
-0.25295062
0.16059212
0.18623099
-0.42468138
-0.3706462
0.09910282
-0.24102608
0.39600331
-0.00713795
-0.07874684
-0.23339668
-0.38314503
-0.16111117
-0.32917684
-0.26224323
0.01511743
0.13759078
0.20835045
0.02242401
-0.16805374
-0.26437449
-0.09929816
0.01019309
0.34280359
0.50147634
0.00670812
-0.14103179
-0.13259623
0.13972367
-0.41086477
-0.04138139
0.0728544
0.13907881
-0.23013043
-0.23858794
-0.0636803
0.13609398
0.01373375
-0.00554425
0.04676175
-0.43426496
-0.20720061
0.03152566
-0.4504671
0.140655
0.07009432
-0.29211872
0.05621971
0.29851317
0.06876354
0.1255177
0.08511226
0.22567541
-0.35026534
-0.15104055
-0.11380242
0.68052297
0.32361445
-0.21834597
0.27910554
0.0224982
-0.43634005
0.06478983
-0.13629889
0.07552202
-0.25932695
0.19881418
-0.24977104
0.06271595
-0.07468708
0.06844013
0.08808301
0.21259262
0.08868144
0.51270688
0.07724262
-0.11379693
-0.22447146
0.17082332
0.16435597
0.19061985
0.23144754
0.04759714
-0.31016353
0.50416827
-0.19563407
-0.13458118
0.26182374
0.14024728
0.37989257
0.19990825
0.37955337
-0.20121873
0.32131592
0.15271243
0.08618172
0.34970073
0.09030897
-0.29529486
-0.08958678
-0.43615794
0.00590784
0.05709143
0.17576718
-0.01272235
-0.17841117
-0.2025899
-0.31263406
0.19020371
0.33555814
0.82334285
-0.11205632
-0.16241085
-0.36583701
0.06847344
-0.46659845
0.22067127
0.25460121
0.54381605
-0.4233956
-0.08389449
0.37115897
-0.27678412
0.18756405
0.24471779
