#Number of photons observed douring the burst: 33891
#Average flux [c/s]: 1632.199961471778
#Average variability: 0.08821406304993579
#GRBbn111003465 temporal parameters: 
#                                   T_detection(MET)= 339333002.229822 s
#                                   T_start= -1.6 s
#                                   T_end= 19.164 s
#                                   CCF campionation= 1e-4 s
#                                   Fit amplitude= 1.0 s
#                                   Used detector= 3 GBM
#                                   Variable bin size= 10 ph/bin
-0.09658578
0.05374666
-0.02938786
-0.06836234
-0.00632923
-0.04299217
0.03402262
0.02601239
0.02558978
#999
-0.02899408
0.10213341
-0.01433171
0.0304016
-0.02636978
-0.04371513
-0.0575767
-0.15555799
-0.0647065
0.03452853
0.02336043
-0.02836296
0.09894866
-5.052e-05
-0.04463404
-0.04551448
-0.0361665
-0.0788136
-0.03154439
-0.16710336
-0.07646236
-0.04540882
0.08620556
0.00963501
0.03537216
-0.04153973
0.02083283
0.0393288
0.03077909
0.03944084
-0.05180526
0.00404738
-0.01183009
-0.0273812
0.03770506
0.01619643
-0.09462841
-0.01340434
0.04188199
-0.02116894
0.01244134
0.03710247
0.09968588
-0.06880688
-0.01345591
0.09991167
-0.05615034
0.12310097
-0.04640599
-0.07726795
-0.02329169
-0.03173973
-0.02831459
-0.02333986
-0.04077065
0.02677345
0.02909605
-0.07401474
-0.05257524
-0.02799155
0.01469344
-0.03797399
-0.09491626
0.09315654
0.0014918
0.08378207
-0.05981396
0.07822985
0.02953597
0.00235589
0.01877049
-0.02459035
-0.02758018
-0.05078858
0.01721345
0.00624656
-0.03771265
0.03053853
0.03660586
-0.11206995
-0.03020679
-0.00203194
0.09168323
-0.0612255
-0.03340548
0.01677053
0.06603698
0.00327368
-0.03814112
-0.00985339
-0.01286459
0.01855002
0.0434547
-0.002773
-0.07502794
-0.0113504
-0.03088622
-0.0824477
-0.00991249
0.04618193
0.16005621
-0.03653118
0.05328603
-0.05140365
0.01601323
0.02425838
0.03503374
-0.00346811
0.0546276
0.00593548
0.15413775
-0.05689383
0.02558994
0.06884472
-0.093441
0.08144365
0.05919799
-0.05279858
-0.0918073
0.06718641
0.03919461
0.0608748
-0.0627932
0.0115391
0.04155477
0.07634693
0.03406915
0.05719652
-0.04811733
0.08087062
-0.01643977
0.02601299
-0.01183105
-0.03872191
-0.02375809
-0.02603523
0.02371972
-0.05533309
-0.00509657
0.06923529
0.11707887
0.01590611
0.04227759
0.17476371
-0.03165589
-0.00166582
0.10636924
#999
-0.06999576
0.06653383
-0.01746406
-0.11137651
-0.03463525
-0.02959337
-0.00869257
0.05774128
-0.01735436
0.00349556
-0.05376862
-0.08180362
-0.01434162
-0.02218659
0.07751634
0.04789977
-0.01131286
0.04012201
-0.10120021
-0.13506834
-0.07019773
0.00408304
-0.0481275
0.06105932
0.01581582
-0.06650507
0.04775297
-0.01717667
0.01225202
#999
-0.00517858
-0.1143755
0.05081227
-0.06652092
0.07969313
-0.12938574
-0.12689442
0.03474284
0.0160583
-0.00810128
-0.09059947
0.00184939
0.08262402
-0.07126283
-0.0739611
0.06973191
-0.05983057
0.06844781
0.01764698
0.01081448
0.05856208
-0.02345905
-0.04505392
0.04716987
0.08768647
0.05836084
0.00965835
0.12018906
-0.01938383
0.02431761
0.09397442
0.0051208
-0.02340334
0.12679131
-0.04650916
-0.03827416
0.00287195
-0.01562502
0.05327335
0.07064232
0.09143327
-0.0070789
#999
-0.07228972
0.02408757
0.01296249
0.03882192
0.0322306
0.03688327
0.02639809
0.00065635
-0.0647885
-0.01737969
-0.04002748
-0.01713729
-0.04173839
0.13744964
-0.0283332
0.0644908
0.13294257
0.13980958
0.06789427
0.03476157
0.07284568
0.05408189
-0.03879593
0.09946973
-0.05388271
0.01214868
0.00865565
-0.10033378
-0.06276057
-0.00464726
-0.08600318
0.01924768
0.0409323
0.12718816
-0.0382985
-0.00880119
-0.04200918
0.04273637
-0.02797418
#999
-0.0783684
-0.10273064
0.02427419
-0.05102737
0.00039227
0.11710721
0.05857821
0.015269
0.05443611
-0.0609699
-0.04850007
0.09425485
-0.0931667
0.17266131
-0.04746519
0.13534237
-0.10211248
0.11589923
0.07754063
-0.04649537
-0.00632932
-0.06283312
0.04371226
0.03972969
0.04445993
0.11595563
0.06104669
-0.03362283
-0.01408115
-0.07006135
0.07629709
-0.13181651
0.01363912
0.02052745
0.06871917
0.02308787
-0.05028447
-0.03987291
0.04082067
0.0757943
-0.0695397
0.06658476
0.01558488
-0.10362066
0.03801677
0.01896811
-0.04152336
0.09816687
0.07619831
-0.06910785
0.06941489
#999
-0.04402569
0.01554044
-0.00855858
0.08306445
-0.05934247
#999
0.06945781
-0.02401641
0.11001828
-0.14008313
-0.04709691
-0.08322607
-0.10716583
-0.02965427
-0.0235505
0.05835748
0.0155981
0.01002619
0.13161357
-0.07105438
0.03060301
-0.03517005
-0.06786959
0.07234202
-0.0158731
-0.11123667
0.07444429
-0.04641233
0.07059586
-0.02501515
0.00293308
-0.12315945
0.02080447
0.00215072
-0.01543348
0.06039389
-0.04036707
0.12149266
0.06461244
-0.13716076
0.00390337
-0.0293373
-0.09576043
-0.00276009
0.03259946
0.04622895
0.02491404
0.08067757
0.02988741
0.09497388
-0.03473285
-0.01384688
0.08619045
-0.00145503
-0.02388563
-0.07934447
-0.01290298
0.10979784
0.08295541
-0.07972864
0.0714296
#999
-0.01107067
-0.00786082
0.00721724
-0.02007795
-0.02694976
0.08443852
0.00323905
0.06903051
0.07970613
#999
0.01694037
-0.09813482
0.091624
0.00047972
0.12652405
0.03061077
0.03631401
-0.03331467
0.04994645
-0.0403948
0.01684349
-0.08120583
0.1282617
-0.04408321
-0.00550516
-0.08147812
0.07815898
0.01037523
0.04240019
0.04953744
0.10501617
-0.00866353
-0.02961403
-0.02382538
0.0780719
-0.01839819
0.06934655
0.00563195
-0.16307371
0.02233125
-0.06914052
-0.05794484
0.03648979
0.0445708
-0.0120103
0.0459461
#999
0.09501875
0.01809563
-0.01529604
-0.08910198
0.00961365
-0.11062932
-0.06982704
0.04776854
-0.07032661
-0.09492633
0.04021624
-0.02019735
0.02407442
0.02811862
0.0641051
-0.00097747
0.08541128
-0.08759212
0.00415745
-0.12222797
0.00085059
-0.15982484
-0.01430202
-0.01411365
-0.16245342
0.00287069
-0.08688136
0.02145531
-0.03178355
-0.02441974
-0.03723347
0.05586645
-0.02995241
0.02106577
0.01906473
0.02219487
-0.02403894
-0.01342345
-0.00764662
#999
0.0321175
-0.00634359
-0.00024631
-0.0258133
-0.01127444
0.09884288
-0.01098912
-0.02695901
0.03996213
0.01839455
-0.08411074
0.07491424
-0.07585575
0.02038969
-0.02217086
-0.03203995
-0.13469805
-0.04519261
0.01931063
0.08317297
0.03153729
-0.00655606
0.04739022
0.04531096
0.14766402
-0.00811742
-0.01158405
0.06928776
-0.04937044
0.10588661
0.08953516
-0.00768464
0.02932323
-0.01261809
0.05841241
0.07279103
0.00229914
-0.12047966
0.03713708
0.06366018
-0.07572767
0.04298767
-0.10790394
-0.05441028
0.07848271
0.03704754
0.04050257
-0.12815889
0.05012963
-0.00614295
0.06214588
-0.10582769
0.12877304
0.06671866
0.06181537
0.15788138
0.10371313
0.00863374
-0.01118358
-0.00135616
0.0507463
-0.02331175
0.02186278
-0.04438972
0.09961749
0.11951347
0.0523209
-0.02964809
0.13372172
0.04661851
0.03041556
0.00413078
0.04614133
0.04033703
-0.02387632
0.11644912
-0.02778171
-0.04485514
0.02080816
0.05896153
0.07905024
-0.05276364
0.05961745
-0.07959617
-0.02091659
-0.02849151
-0.11667579
0.07768787
0.03153638
0.07523123
0.00646546
-0.07227987
0.04829061
0.02800998
0.04172948
-0.10050034
0.02804151
-0.02612201
-0.08970292
-0.04500443
-0.08795078
-0.03654907
0.03778482
0.01008991
0.03173358
-0.06528055
-0.02477018
0.03834035
-0.06687179
-0.06817253
0.03146427
0.04610816
0.01037442
0.08905729
0.04698906
-0.00375804
0.0024774
-0.03932308
-0.07908419
-0.03266969
0.00033039
0.0796813
0.01153702
0.00088522
-0.05575825
-0.02096252
-0.00823019
-0.09102765
#999
-0.06061974
0.0119108
0.04767248
0.06678299
#999
-0.13415706
0.06982695
-0.00382372
-0.06618146
0.05843681
0.06572811
-0.02545742
-0.01733261
0.10147865
0.03815051
0.00948995
0.03289239
0.10198773
0.05619874
-0.01725713
0.11847051
-0.05803066
-0.15563939
-0.09142185
0.00193998
-0.05191575
-0.04514976
0.07423489
0.0437632
0.02975902
0.08874212
0.11920161
#999
-0.07189091
0.09447833
-0.19793745
0.05174469
-0.1020912
-8.153e-05
-0.02545934
#999
-0.07292584
-0.0487716
-0.02600997
0.03779126
0.13620444
-0.03852178
-0.10339987
0.03418883
1.471e-05
-0.06892962
-0.06742217
0.09691532
-0.09273751
-0.15855088
0.04049935
0.01541828
0.00811833
-0.01632181
-0.03587258
0.09582169
-0.03558485
-0.0856956
#999
0.03771499
0.01793775
0.09978573
0.04966519
0.0282309
0.10089276
-0.05265211
0.09434456
0.07617264
0.02658967
-0.01727891
0.06242782
-0.06278293
-0.04705371
0.00393637
0.00712045
-0.13038956
-0.01646806
-0.00347242
0.05571882
0.02542738
0.02548527
-0.06799255
0.04018613
-0.10517709
-0.00380471
0.05323312
-0.00670906
-0.0562039
0.0255734
-0.05223426
-0.12740722
0.03314827
-0.0707897
-0.10515801
-0.03393279
0.06530125
-0.01472872
0.07569466
-0.03314908
0.01088135
-0.08916847
0.00584854
0.04745984
-0.00773337
0.00121986
0.05403683
0.05511163
-0.01259823
0.05907986
-0.03416863
-0.12864626
-0.02953567
0.07922672
-0.04626328
0.02223064
0.04937382
-0.21254714
-0.10058706
0.04385097
0.07739818
0.00796679
0.08959131
-0.00860969
-0.05113521
0.04192105
0.04364666
-0.00061107
0.14025695
-0.04442216
-0.01664233
0.00453519
0.09521802
-0.01371304
0.05448051
0.06279042
-0.07032024
-0.04069173
0.01279584
-0.02391987
-0.06364779
0.03989757
-0.08219959
-0.09350171
-0.06748829
-0.09611655
0.00807992
-0.08094006
0.09359231
-0.02125966
-0.10686568
0.1066812
0.02259263
-0.00706124
0.08767169
0.02277544
0.11240984
0.00632492
0.07203354
0.02338646
0.04369144
-0.07143324
0.03909062
-0.07909936
-0.00384429
0.01535017
0.0182647
-0.05741879
0.11103423
0.08798214
0.06110247
-0.00553904
0.00298475
-0.07687144
-0.04528208
0.03714038
-0.07454727
0.08407862
0.08297204
-0.01538248
#999
#999
0.07710718
-0.03772895
-0.00240564
-0.06486765
0.07850278
0.01056527
0.00700375
0.04302677
-0.08321716
0.04185145
-0.03530906
-0.00869996
0.03668438
-0.03366367
-0.01306966
0.06854837
-0.01457624
0.04751788
0.03692682
-0.02559223
-0.08627779
-0.10365898
-0.00792369
-0.05486191
-0.14631565
#999
0.01828393
-0.05857739
-0.08062584
0.03885699
-0.05819355
-0.17355944
0.04068773
-0.12490456
0.06792809
0.09040668
-0.15494832
-0.06380896
-0.10284037
0.02084238
0.03330704
#999
0.02352199
0.02508658
0.0300304
0.14859919
-0.00209189
0.04039968
-0.03322717
-0.01087963
0.04200524
-0.15249165
-0.00482987
-0.01096404
0.10717151
-0.05550615
-0.01778927
0.10628028
-0.02705444
-0.03379714
-0.01159272
-0.03294264
-0.06415275
-0.02764757
-0.04111795
0.06998403
#999
-0.0856967
0.18271731
0.05924029
-0.1586656
-0.02003954
-0.11421896
-0.01980807
-0.14571109
-0.06819968
0.03276911
-0.00763565
0.04087783
-0.06736267
0.06891691
-0.13052308
0.00323913
-0.04782916
0.09007151
0.11933525
0.05060246
0.00421414
0.10597455
-0.0338381
-0.0192664
#999
-0.0026926
0.05363894
-0.04581624
-0.02149081
0.01675418
0.04853635
0.02054721
-0.00909733
-0.00148895
0.01548631
-0.09402418
-0.02650789
-0.07752141
-0.05156253
-0.00857925
-0.03104815
-0.02153691
-0.02634187
0.03889082
#999
-0.06901507
0.10863581
-0.13907902
0.07548454
0.0419677
0.07551756
0.03019382
-0.02311002
0.12581399
0.02948623
0.06365792
0.05663714
-0.07122087
0.03283962
0.15195525
-0.09000601
-0.14207267
0.09795736
-0.03219315
-0.00068574
-0.0938502
0.0067256
-0.05142509
-0.00756919
0.06903235
-0.01704188
-0.06293202
0.01003237
0.10213854
0.04825201
0.03818054
-0.01038691
-0.07051574
-0.04396298
-0.06948833
0.01029364
0.04591374
0.03471006
-0.05038254
0.05977002
-0.08998996
0.01954809
-0.0774413
-0.05154827
0.00179007
-0.06752562
-0.06472144
-0.09450245
-0.01065113
0.04442527
0.06856907
-0.03181078
0.01232217
#999
-0.01906039
-0.07936703
-0.04808008
-0.02373985
0.05661279
-0.0365432
-0.0083167
#999
-0.1186164
-0.11766417
-0.00508522
-0.02860305
0.11527184
0.07455433
0.12875547
-0.02537061
0.01709595
0.0506969
0.03462168
0.01224697
-0.03561706
-0.03207387
-0.0615068
#999
0.06252599
0.07457461
0.07284698
-0.01952098
0.04127388
0.03176019
-0.07536921
0.06036904
-0.14776447
-0.01104971
0.05679811
-0.08670579
-0.03303265
0.00231537
0.01005912
-0.0066404
-0.09879753
0.07331488
-0.04848338
-0.07969542
0.12246057
0.02237029
0.08395668
