#Number of photons observed douring the burst: 110197
#Average flux [c/s]: 1228.3418048867484
#Average variability: 0.011536075304670903
#GRBbn101112984 temporal parameters: 
#                                   T_detection(MET)= 311297817.811082 s
#                                   T_start= -12.905999999999999 s
#                                   T_end= 76.80600000000001 s
#                                   CCF campionation= 1e-4 s
#                                   Fit amplitude= 15.0 s
#                                   Used detector= 7 GBM
#                                   Variable bin size= 10 ph/bin
0.49198633
-0.29988496
0.04076535
0.48549436
-0.38350619
0.77675327
-0.38604311
0.72977984
0.40384802
-0.16550684
-0.08260318
-2.0469592
1.59762753
1.18372058
-1.27194065
-0.71167682
0.71289056
2.26094978
-2.66350826
-0.29320253
0.75262939
0.01354642
-0.93233401
0.65678896
-2.12402332
0.4859081
0.68709905
0.33297674
1.11190251
0.58578892
0.05378748
0.32110656
-0.93584976
2.16757908
1.08661278
-0.67169443
-1.47825241
4.0411685
0.66247892
0.8096091
-0.25581716
-3.13770424
1.35114845
-0.49167605
0.02505324
1.50440033
-0.71526407
-0.37355927
0.47934287
-0.37728488
0.59620735
-0.15246705
-1.25254299
0.57147612
0.17580567
-1.20381158
-0.35876641
-1.88487883
-0.18860699
-0.04689487
-0.22882893
-0.05830966
-0.318191
2.2520225
0.68392461
-0.66697035
0.48761202
1.73162454
-1.25476704
-0.06971445
-2.30786459
-0.12307613
0.10399175
-0.42954057
-1.92215502
-0.75126557
0.15237775
1.18514482
1.28623191
-0.00059934
0.32803119
2.94093654
1.38892389
-1.49703132
0.55176276
0.9466653
0.41349149
1.47539421
1.25165609
-0.40498985
0.09240643
0.84203502
-0.23437987
-0.29160914
0.95649217
0.5522802
0.15868199
-0.69810943
-0.95759617
-2.63259807
-1.33534922
0.08938057
1.26519299
0.01864693
-0.02312971
-0.9440957
-0.27619388
-0.62072779
-0.67970959
-0.02282255
0.1786076
-0.92178789
-1.35292867
-0.38634407
0.99052726
-0.5997527
1.54867103
-1.92011265
-0.16738501
-1.09884115
-3.22773099
0.07937508
-1.41339708
0.33291099
-0.07179126
1.00366472
0.9829674
0.62149729
-1.78159081
-0.62615986
-0.89477606
0.49295795
-2.10541079
2.3537832
2.1046862
-2.47937308
0.81581315
-0.25132301
1.43065793
-0.68326631
1.15656355
1.34292607
-1.05846449
2.24288728
1.1800853
0.86835379
-0.57327932
1.49873327
-1.0198362
-0.58737343
2.14997913
-2.28578246
0.82629431
0.67241176
-0.96247467
-1.13775337
-1.49586035
-1.36279508
0.73864955
-0.2169107
-0.9755582
-0.32361002
1.46453193
-1.72527826
-1.22901214
0.58026193
-0.18968148
0.42561206
0.11371305
-0.54947942
0.61155306
0.7290243
0.9761684
0.24505952
1.56520977
-1.52872631
0.14721947
-0.5412607
0.20940042
-1.02063413
0.2418464
-2.63353
-0.68322269
-1.17796438
-1.43200348
-1.17608815
-0.82942394
0.49753619
0.32926938
0.10191975
-0.69705055
-1.15189116
0.12482167
0.04267476
1.32563284
-0.43220355
-0.29500216
-0.61870965
-1.66146493
-0.57920487
1.49100496
-0.43535681
0.04507215
0.34389273
3.29390015
0.03296844
0.12019917
0.04089275
0.73596249
-1.48237265
-0.22711991
2.01565846
-2.61162319
1.68739531
-0.79606134
0.64529851
0.62051103
-0.78689506
0.30779335
-0.63102264
1.52273887
0.61170752
1.99070886
-2.17249602
-0.82642836
-1.41316667
-1.34956661
-1.12401596
0.46818252
2.78332257
-0.2663283
-0.52523633
0.3183019
0.74287605
-1.47546367
-0.76522743
-2.23146607
0.99141816
-0.1986243
-0.43140777
-0.9503261
-1.71476302
-1.31072131
-1.62804291
0.79871188
3.95445067
1.10547005
-3.08880732
-0.4166676
-0.85081547
0.60407491
1.5437618
-1.36451116
-1.3424833
-1.37956401
1.11727953
1.47815892
1.30082925
-2.05396597
0.05175805
0.94052052
0.82400098
-0.11441207
1.96570031
0.52221557
1.95841862
-0.22920869
3.2474101
-1.21602618
0.04134602
-1.40194732
1.31188146
-1.34392895
0.79203822
-0.65283608
-0.51125313
0.44356573
-0.38787711
0.89222485
0.41676857
0.87001041
-2.56147498
-0.71998998
-0.83878146
1.71858291
-1.02001065
-0.34447211
2.96743632
1.27006169
-0.06359901
1.15962355
-1.64574129
0.25157088
-1.76298173
-1.93642437
0.3409264
1.94311769
0.42643774
-0.88265977
-0.64503653
1.86616417
0.78016138
-0.08759343
1.68116067
-0.20683239
0.24471533
-0.60235544
0.78205529
0.58177932
0.18726401
-0.37302334
2.15057634
-0.86253572
1.21779098
0.44513329
0.13409785
0.20788466
0.51000277
1.56300355
-0.61534473
-2.15455043
1.12354527
0.73657834
-1.86633324
0.19926609
0.0411112
2.25091062
1.05147241
-2.3924943
-1.15050408
1.66788386
0.50082401
0.97435873
0.80417178
0.52904708
-2.84851402
-0.29209929
-1.36614413
-0.85573065
0.71788435
-2.10874541
-0.9190495
0.77177368
0.24960402
0.59397069
-1.40950509
1.18265232
0.59393796
0.03260846
0.85861984
-0.86314147
0.24162668
0.92704116
0.01914307
-1.18948002
-1.80047388
0.82068533
-1.27378167
-0.43847652
-0.75960041
-0.44752794
0.95912619
-2.27449104
-0.0385696
-0.97632862
0.63391542
-0.47432286
1.61474668
0.88991273
1.10221394
-0.97403408
0.6160173
-2.80217826
-1.05205568
-2.1158445
0.20768084
-0.38086446
0.06097805
-0.19338201
0.10392528
-0.88407688
0.43914307
0.92488485
-2.02656737
0.30220048
1.1880401
-0.81190562
-0.75778576
0.06271984
-1.15230201
0.2313871
-0.05948167
-2.05550586
0.99425424
0.46590549
0.11360323
1.06985031
-1.11073108
-0.08114038
-0.67725258
-0.28735453
-2.23542256
-2.06895655
1.04499423
-0.91948622
-1.82270909
-0.73412754
0.97008103
0.56965531
-0.65346778
-0.71034835
2.00301371
0.45318087
-0.34316866
0.94841838
-0.12179915
-0.80428956
0.986311
-1.86481557
0.09833973
0.55325604
0.39919361
-1.8811804
-1.53231902
0.60309311
0.25081423
-1.33398629
0.63685636
-0.37033194
-0.74952734
2.27472134
1.48537277
0.15380575
0.09672788
-0.20200777
1.50344218
0.81237473
-0.10237911
0.93781406
-2.05057063
-1.15083365
-0.16569978
-1.06581551
0.03260361
0.93851292
-0.1736805
-0.68758246
0.69856248
0.66395627
-1.18530181
-0.52886845
0.25805731
-1.1846783
-0.38716786
1.93099045
-0.00590295
-0.65975916
-0.88017369
0.81104012
-1.93559296
-0.26878484
-0.99345136
1.42216607
-0.29444682
-0.95561679
0.53916607
-0.28776219
0.0122095
-0.4102494
-0.52423884
0.88489361
-0.66943633
-1.33144222
1.22554926
0.03201458
-2.21386606
-2.22292192
0.35263387
-0.55333959
-1.37701222
0.31664446
0.15142353
-0.00771102
-0.09472946
2.67076279
3.0872156
1.0380246
1.13781004
1.86095544
0.4171167
-1.49238991
-0.85156262
0.44476834
-0.51969627
-0.57652379
0.05932381
-0.01582779
-1.41456224
1.26079913
-0.51868561
0.44132866
0.46752875
-0.26983652
2.11753666
-1.29343099
-2.02309328
-0.14760034
-1.43672251
-1.02335307
0.04099915
-1.91462536
0.87473804
0.86404262
-0.629395
-1.98883915
0.52033787
0.94075271
-1.30652524
1.68035545
-1.22007393
0.43746038
1.71190648
0.9939738
1.13106592
1.20133784
0.65450811
-0.62437238
-0.17539168
-0.42987503
-0.6042817
0.62088143
0.32265075
1.2828215
-0.23461984
-0.23005148
-0.38552024
0.83167336
-2.32561869
2.08619183
1.51376156
0.6435282
-0.69834009
0.68368931
-0.28492326
2.04390814
0.42118603
0.07715498
0.89483647
-0.78366076
0.34109902
0.9755239
1.50629696
-0.52445591
-3.43820865
-2.49799474
0.45659834
1.09625226
0.66557325
0.19517637
-0.75482203
0.53324196
-0.29046852
-0.2153065
1.3987352
-1.11138924
-1.19076543
2.63114513
0.59312384
0.15469258
1.91152489
1.20289931
-0.48967283
-0.52094532
0.81973643
2.04873946
1.72988674
2.73381587
-0.66475372
1.36689999
1.34862264
0.00310662
-0.71147501
-1.08865699
-1.90451618
-0.23990622
-1.39926555
0.13059253
-0.67358867
-1.36330867
0.39406416
0.96553295
-0.25316746
-0.26152172
-0.19800682
-0.1622337
-0.29410308
-0.84400359
-1.28182217
1.35828729
-0.37603354
-1.33883725
-1.72504904
-2.48574658
-1.69656139
-0.99390666
1.79026681
-1.4747336
-0.76878107
-0.38255869
-0.73218512
-0.05099676
0.33621158
-0.8031392
-0.52261178
0.72357167
1.20836595
-0.38655076
1.72003802
1.59029153
-1.42638391
-0.65087242
-0.54911036
0.84502934
0.4324804
-0.23607909
1.10322734
0.10447509
-1.17524403
-0.09735771
-2.20497848
-0.92712998
-1.49535014
0.24320622
-1.05786258
0.60423131
-0.75479743
-0.70546638
-0.63088992
-0.131892
0.22565177
-0.33272333
0.98738116
1.59665262
0.69651992
0.92102379
-0.11571391
0.14904593
1.5935046
-2.00909971
-0.12776929
0.59510275
-1.00690097
0.28925543
1.06918744
0.99595188
0.13255455
-0.3911424
-0.17002959
-1.79829342
-0.45185562
-1.14560232
1.66087149
2.74403678
0.74729864
-2.07393367
-1.50413584
0.36735516
1.79034025
-1.76855234
-0.21743354
-0.36731985
-0.92926412
-2.1441021
-1.38758941
1.61217309
0.21128976
0.23678902
-0.94227493
0.76240304
-0.30432885
-1.37623202
-0.33052684
1.1628742
2.98418501
1.74227071
-0.25956693
0.22947992
-0.25183176
1.97440683
-0.600837
1.19206002
-1.19094558
1.96346713
0.41369786
0.47144284
-0.27851803
1.55047963
-0.25634898
0.47823838
-0.66009144
-0.14499835
0.19920277
-3.07593094
0.25028554
0.53726816
1.69843699
-0.33775135
1.66857296
1.25790844
0.35883691
-0.14484769
1.55317458
-0.39008977
2.04510226
-1.48932154
0.62586392
0.18596632
0.57097379
0.16569955
-0.0860672
-0.28428246
1.91772089
0.06029025
2.61098634
2.35491325
-1.5749196
0.8985172
0.24584245
-1.10375631
-1.23012836
1.13408285
-0.01849132
0.5795907
0.55425803
-1.19086589
-1.10752977
-1.03128121
0.05716593
-2.68766434
0.44366397
-0.16385385
-0.13437912
0.76822225
1.95656772
0.94746348
0.45564221
-0.58854734
0.83928504
-2.09749119
-0.19340785
0.21800291
1.63794411
-1.2573016
-0.27118501
1.38783763
-0.40650074
1.51357806
0.40401701
0.57062621
0.59257096
0.22577463
-1.95820513
-0.85969604
0.5071899
1.40282696
-0.50613719
0.59424369
0.17975994
-0.74322775
0.35933282
-1.58251346
-0.07797387
-0.12359048
-0.53277708
-1.52973656
1.45932449
0.53713954
0.56052999
1.30055991
0.60485681
0.94073958
-0.90349473
-0.17277395
0.90180475
0.30714115
1.86799899
1.45351089
1.42996929
-0.94392124
0.61422845
2.7180521
0.03978527
-0.34627662
2.22200465
0.24670713
-1.35298278
-1.06684837
1.9065648
-0.7601344
2.02564564
-1.07173489
0.37804442
-0.32913368
-1.00544654
0.1100988
-0.41458388
0.22148874
-0.72038617
0.04071259
1.40462538
-0.75178238
0.97946904
-0.81969129
-0.63992294
-2.23348325
-1.30967647
-2.38861916
-2.03128019
-0.20419786
-0.54249454
1.41857783
-1.49673705
0.22550173
-2.44791725
-0.49458249
1.31312034
-1.23756442
-1.49110293
1.02315059
-1.26268709
-0.86961657
-0.95639066
1.210359
-1.71945858
-0.4521575
-2.54886134
-1.46497099
0.23767107
-0.65316055
0.16675796
-0.95563937
0.60454357
-1.26033732
-0.5608396
1.49319075
0.49267292
0.61055982
0.41607133
0.29085986
-0.84656681
0.24914355
0.26026992
0.6456581
0.79382984
-0.38174947
-0.544889
1.78531044
-1.41517351
1.17818195
-1.10186441
1.67593452
0.11845257
-1.5049449
-0.29689766
1.51291881
-1.80693809
-1.48388626
-0.24569135
0.05580382
1.63973339
1.0932439
-0.75084263
-0.2057464
0.15909128
1.26499968
1.00589381
-2.55816828
1.02476473
-0.67834559
-0.11007435
-1.79511005
0.41630053
0.73864231
0.76057034
1.062917
-0.75848364
-0.29671233
0.23133153
-1.0935071
0.62672177
-0.63033582
1.47463638
0.90808736
0.51109729
0.83701792
-1.79880678
-1.7361072
0.54874231
0.47120269
0.93821453
-2.16372516
-0.74209686
0.15109173
-1.40770433
-0.69992093
1.6085479
-1.10247717
0.02745619
-0.68861987
-0.24470043
0.89185879
0.78925576
1.85929107
-1.09308304
-0.84231846
-0.7510366
-0.86896768
-0.4306192
-0.79272592
2.02593
0.14856503
-0.32566974
1.6823035
0.48757592
-0.33638669
1.39823656
-0.72399202
0.04838585
0.64645458
-0.13469028
2.76383722
0.94018708
1.21169942
-1.35888321
1.97617001
0.09028614
-0.76679364
0.34546706
0.03436134
-1.9707159
-2.08572021
-2.6112689
0.57439711
-1.12750373
-0.55684268
0.38077806
-0.13251682
1.65325303
-0.76173406
0.12437499
-1.96618858
-1.42683415
-3.6976214
-1.47727707
0.71366656
0.59678971
-1.80876817
0.70404939
-1.74508134
1.20414915
-1.38876777
-0.67386283
1.48082119
0.14833706
0.89215889
0.46441019
-0.31867959
-0.78279384
1.45404659
0.57144082
-0.79695115
0.35104394
-1.85249159
-1.17565188
1.3253725
2.15716402
-1.15951072
-0.31396994
0.43592923
0.89444361
0.63659475
1.08928864
0.78804155
-1.28003042
0.58894432
-0.3498904
-1.05419312
-0.66625302
0.23948982
0.71442755
-0.61600436
-0.20304215
-0.84714921
-2.92856849
-1.31007148
2.26277469
0.3742321
0.77899625
0.16916485
-0.72164289
