#Number of photons observed douring the burst: 1098
#Average flux [c/s]: 5840.425531914893
#Average variability: 116.73479520086087
#GRBbn200415367 temporal parameters: 
#                                   T_detection(MET)= 608633290.563746 s
#                                   T_start= -0.088 s
#                                   T_end= 0.1 s
#                                   CCF campionation= 1e-6 s
#                                   Fit amplitude= 0.001 s
#                                   Used detector= 1 GBM
#                                   Variable bin size= 10 ph/bin
0.0001055
0.00030846
-0.00042647
-0.00055307
0.00084559
-0.00106424
-0.00051899
-0.00046295
0.00064927
5.975e-05
-0.00045906
0.00033769
-0.00021483
-0.00031981
0.00023034
-0.00071369
0.00021004
-0.00080736
7.58e-05
0.00013522
#999
-0.00075161
#999
0.00062132
-0.000455
-0.00031799
0.00059191
-0.00102249
-0.00047856
-0.00026791
0.00025418
0.00024628
0.00011144
0.00100749
0.00042616
-0.00012143
#999
-0.00016205
-7.396e-05
0.00076098
0.00016125
0.00030651
-0.00012983
-0.00031483
1.299e-05
0.00018086
-0.00086795
-0.0002706
-0.00061236
-0.00013243
#999
0.0005667
0.00059818
0.00032739
0.00014462
0.00035588
-0.000319
0.00081364
-0.00023272
0.00074162
0.0009567
-0.0002744
-0.00032906
-0.000106
0.00019986
-0.0010603
-0.00097729
-0.00034001
-0.00105796
-0.00020038
0.00013661
#999
0.00053167
0.00021015
-0.00087051
-0.00020705
#999
0.00217202
0.00014518
#999
-0.00035618
#999
#999
0.00030599
0.00084155
#999
-0.00036106
0.00011642
-0.00047076
9.048e-05
0.00027798
-5.379e-05
0.00071859
-0.00123104
0.00035932
-0.00081694
#999
0.00074953
0.0001173
-0.00104278
0.00027867
-0.00047161
6.865e-05
0.00072966
-0.00054428
-0.00092208
0.00019305
-4.901e-05
#999
-0.0001451
9.58e-05
#999
-0.00066706
-0.00075759
-0.00043718
0.00043367
0.0004542
-0.00036969
0.00040857
-0.00010872
0.00064743
#999
9.561e-05
0.00019233
-0.00014785
0.00124153
0.00022029
#999
-7.07e-05
0.00024041
0.00020835
-0.00062911
#999
9.071e-05
0.00048242
0.00066163
-0.00054542
0.00068691
0.0002434
#999
0.00056287
-0.00014979
#999
0.00078599
0.00027266
0.00088218
#999
9.986e-05
0.00036857
-0.00022483
-0.00043943
0.00054613
-0.00037693
0.00151431
-0.00055279
0.00021383
0.00042004
-8.532e-05
0.0001754
0.00027317
-0.00010268
-0.00035336
0.0001635
-0.00037366
-1.863e-05
-0.00034257
0.00155526
0.00060511
0.00032139
5.143e-05
0.00054416
0.00057185
0.00015704
-6.68e-05
0.00102961
0.00029986
-0.00027743
#999
#999
-0.00041075
-0.00048485
-0.00045226
-0.000226
-0.00053673
0.00047649
-0.00042135
0.00021477
0.00018551
0.00056982
-0.00032345
-0.00076586
-0.00070555
-0.00065224
#999
0.00024328
0.00020736
#999
-0.00024214
0.00052521
-0.00011421
9.747e-05
0.00019484
-0.00012665
-0.00012426
0.00053567
-7.2e-07
0.00107709
-0.00016018
-0.00057916
-0.00069842
-0.000541
0.00012918
-2.699e-05
-0.00047543
-0.00045586
-0.00017732
#999
-0.00056697
#999
#999
#999
-0.00079516
0.00010304
-0.00038975
-0.00071414
0.00035984
-0.00043542
-0.0006697
#999
0.00121487
-0.00016957
0.00030214
0.00033256
1.622e-05
-0.00028208
0.00020801
-0.00076305
-0.00089203
0.00065337
-0.00029906
-0.00010674
0.00109338
0.00025961
-0.00020594
-0.00099305
0.00060363
-0.00023837
-0.0006087
#999
0.00070265
0.00080203
-0.00018998
-0.00042713
-0.00021127
0.00055261
0.00026123
-0.00099303
-0.00036555
5.034e-05
-0.00023418
#999
-8.547e-05
-0.00014565
-0.00013971
-0.00085696
4.49e-06
-0.00022479
#999
0.00063391
#999
-0.00071107
2.589e-05
-0.00064824
0.0004563
-0.00010007
-0.00033122
0.00023853
-0.00041203
0.00027171
#999
-0.00028953
0.00023988
-0.00071495
-0.00041174
-0.0002943
-0.00053621
-0.00033655
0.00013054
9.961e-05
-0.00086378
0.00033922
0.00024934
-0.00085796
-0.00070919
-0.00026088
7.308e-05
-0.00017368
-0.00016217
7.914e-05
0.00048106
-0.00055252
#999
-0.00033861
#999
#999
0.000534
-0.00019822
-0.00018548
-0.00013424
#999
0.00028337
0.00025607
-0.00036086
-0.00075049
-0.00056407
#999
#999
0.0001462
#999
-4.594e-05
-0.00070384
-4.68e-06
-0.00027398
0.00051675
#999
-7.655e-05
-0.00011908
-0.00051127
0.00100322
#999
0.00071025
-0.00063571
5.191e-05
-0.00050995
-0.0001342
0.00065831
0.00051801
0.00057769
-0.00030733
0.00028601
0.00011774
0.00050279
0.00048115
0.00027932
0.00016514
-0.00036938
#999
-0.00060306
-0.00017002
0.00083279
-0.00033059
#999
0.00014415
0.00016288
0.00012606
0.00011311
#999
#999
#999
0.00067764
-0.0004477
0.00085444
-0.00078748
#999
-0.00094919
#999
0.00066605
0.00072801
0.00053474
-0.00015979
-3.517e-05
0.00038593
-0.00046628
-6.76e-06
0.00075402
3.41e-05
-0.00023864
#999
0.0002662
#999
#999
#999
0.00071255
-0.00121072
-0.00075532
-0.00036589
-0.00034944
0.0004986
-0.00041956
0.00090937
#999
#999
0.00025975
0.0006653
9.24e-05
0.00039413
0.00079601
-0.00015915
-0.00018633
#999
-0.00056398
-2.788e-05
0.00047072
0.00038117
-0.00024621
0.00042396
0.0002253
-0.00022997
-0.00094874
0.00010937
0.00046542
-0.0003099
-0.00067809
8.239e-05
-0.00063268
0.00014266
0.00034431
-0.00038654
-0.00048212
#999
#999
0.00059111
0.00061999
8.728e-05
-0.00065097
-3.14e-06
#999
0.0004809
0.00055706
#999
-0.00042203
0.00017517
0.00061992
#999
-0.00032891
#999
-0.00033389
0.00165478
0.00077932
0.00022404
-0.00075784
-7.054e-05
0.000347
0.0008462
0.00030482
#999
0.00031923
#999
#999
#999
3.884e-05
0.00030584
-0.00100546
0.00085523
0.00018869
-7.44e-05
0.00048067
0.0001191
0.00068848
0.00013144
0.00027689
0.0004898
-0.00034085
0.00056155
#999
0.00023886
-0.00017255
-0.00010856
#999
0.00017745
-0.0013849
-0.00018942
-0.00143006
0.00042117
0.00050183
-0.00029525
0.00010491
-0.00100113
0.00067148
-0.00015187
-0.00039632
-0.00026717
-0.00034489
-0.0005627
-0.00023078
-0.00055231
-0.00014412
#999
-0.00089843
0.00076868
0.00100473
#999
0.00056124
-0.00043298
-0.00080263
-0.00062845
-0.00059854
-0.00028176
0.00043692
-0.00037233
-0.00055331
#999
#999
-0.00028017
#999
-0.00026922
-0.00068062
-0.00037255
#999
-0.00011384
0.00021391
-0.00034398
0.00086433
-4.917e-05
0.00045112
-0.00070191
#999
-0.0002181
-9.274e-05
0.00040608
0.00142445
-0.00095034
-0.00056756
-0.00055019
-0.00027179
9.353e-05
#999
9.089e-05
-0.00029372
#999
0.00048635
7.53e-06
-0.00023181
0.00108752
-0.00019717
0.00018426
0.00059851
#999
-3.003e-05
-0.00097691
0.00048069
-0.00031845
-0.00017325
-0.00047518
-0.0004597
-0.00077091
0.00076342
0.00022501
0.00082958
-0.00026265
0.00031804
0.00040654
-0.00094806
-6.538e-05
-0.00046459
-0.00054001
8.278e-05
-0.00067781
-5.377e-05
#999
-0.00053659
0.00051508
0.00045792
0.0005374
-0.00044137
0.00049825
0.00048798
-0.00022679
0.00041395
#999
-0.00033643
0.00059016
-1.06e-06
0.00014349
0.00020669
-0.00029801
-4.854e-05
0.00031448
4.861e-05
-0.00094347
-0.00067936
1.6e-05
0.0005788
#999
-0.0001639
-0.00033732
0.00059277
-0.00014627
0.00016494
-0.00027428
-0.00026994
-0.00168488
-0.00057433
#999
0.00025276
-0.0002053
-3.456e-05
-0.00017721
-0.00081066
0.00070991
0.00024277
0.00046075
-0.00030673
-0.00022213
0.00019232
0.00030722
0.00031275
-0.00038257
0.00063817
-0.00057364
0.00041099
0.00059965
-0.00039745
-0.00091748
-0.00147797
0.00042358
#999
-0.00012081
-0.00014852
0.00095783
0.00048492
#999
0.00064552
-0.00020734
-1.53e-06
-0.00035419
0.00023615
-0.00096962
0.00026838
0.00157908
-0.00044555
-0.00031387
-0.00022831
-0.00017355
-0.00085294
-6.736e-05
6.062e-05
-0.00036269
-0.00016637
-0.00062208
-0.00034287
-0.00022762
#999
#999
-0.00020617
#999
-0.00065557
-0.00073292
-8.338e-05
-0.00012826
0.00054206
#999
#999
-2.468e-05
#999
9.86e-05
0.00022493
0.00011497
0.00061295
-0.00028858
-0.00011502
-0.00072196
0.00023539
#999
#999
0.00074168
#999
-8.59e-06
0.00011087
-0.00112598
0.00080137
-0.00010779
9.376e-05
0.00026497
0.00015634
0.00038608
-0.00024563
-0.00050928
0.00034084
-0.00230297
0.00094298
-0.00078882
0.00026603
-0.00015971
0.00075985
0.00055005
#999
-0.00013606
-0.00043194
#999
-0.00070244
-0.00047774
-4.146e-05
0.00031642
#999
0.00053893
0.00018339
-0.0009938
0.00020663
-0.00038005
-0.00055227
-0.00036409
-2.68e-06
-0.00066448
0.00022596
-0.00033695
0.00037493
-6.475e-05
#999
-0.00153204
0.00022179
-0.00025066
0.00028198
-0.00088664
#999
0.00122938
-0.00039505
0.00010364
#999
-0.00105833
-0.00053082
-4.2e-07
0.00015945
-4.6e-05
0.00137655
-7.733e-05
1.639e-05
-0.0005929
#999
-0.00074345
-0.00021469
-0.000128
-2.2e-05
-0.0001955
-0.0004589
0.00096577
0.00042192
-0.00029566
0.0007421
0.00048257
-0.00048677
0.00157998
0.00027807
#999
-0.00080815
-0.00089283
#999
4.356e-05
-0.0002841
-0.00073019
-0.00038746
-0.00037344
#999
-0.00072629
0.00011374
#999
9.446e-05
-4.907e-05
0.00057119
-0.00016282
-0.00058933
-0.00049733
0.00020937
-0.0009838
#999
#999
0.00013266
-1.894e-05
#999
-0.0002224
-0.00068181
-0.00063969
0.00193093
#999
0.0006374
#999
-0.00034619
0.00026461
-8.627e-05
0.00039911
0.00067679
0.00050858
7.462e-05
#999
-8.15e-06
0.00011694
0.00016978
0.0002892
0.0007475
#999
0.00077976
-0.00043155
-0.00079965
0.0003075
0.00024073
0.0003906
0.00034931
#999
#999
0.00019047
0.00013967
-0.00083768
0.00011628
#999
0.00028449
#999
-0.00151806
-0.00034643
-0.0003763
-0.00021848
0.00032204
-0.00016211
0.00122184
0.00064591
0.00157551
0.00048197
0.00026219
#999
0.00022225
0.00023562
-0.00061023
-0.00056508
-0.00033482
#999
-0.0003109
-0.0002856
-0.0003456
-0.00088662
-0.0003742
0.00042546
-0.00145853
5.959e-05
0.00020391
#999
#999
0.0002072
0.00037057
-0.00060437
-7.021e-05
0.00046834
-0.00025986
0.00057661
-0.00030324
-0.00099626
-0.00071647
#999
9.897e-05
0.00164876
#999
0.00103629
-0.0001022
-0.00014546
#999
0.00035516
-0.0002257
0.00036934
#999
-0.00053954
-0.00027197
-0.0006265
0.00087809
-0.00019861
0.00021744
6.605e-05
0.00083471
-0.00023737
0.00068348
-0.00010487
-0.00072019
0.00020517
-0.00016746
0.00091065
0.00035894
0.00016196
-0.00048885
0.00044004
#999
-0.00028539
-0.00054667
0.00027635
0.00204485
0.00016085
-0.00024644
2.89e-06
0.0003468
0.00088457
-0.00048735
#999
#999
-0.000531
-0.00032352
-0.00043047
-0.00063416
#999
-0.00018099
-0.00037106
0.00043494
0.00086788
3.302e-05
#999
0.00061174
-0.00012027
#999
-0.00021795
0.00044867
0.00046714
-0.00057868
-0.00020262
0.00071794
-9.15e-05
-0.0002145
-0.00028687
-0.00082108
-0.00013639
0.00074741
-0.00014271
-6.434e-05
0.00058304
0.000215
-0.00070093
-0.00083601
0.00012158
-0.0002091
0.00016081
#999
-0.0008496
5.418e-05
0.00049938
0.00017518
3.671e-05
-0.00056254
8.745e-05
0.00078014
-0.00044344
-0.000119
0.00011678
0.00033343
-0.00014616
0.00031599
0.00043368
0.00017914
0.00093179
-0.00028469
-0.00044182
0.00044875
0.00062495
0.0007976
-0.00046782
-0.00085632
-0.00024339
#999
0.0006909
-0.00027837
-0.00071015
#999
0.00044468
0.00037291
0.00074893
0.00057188
-0.00049025
-0.00026753
-0.00015077
0.00045964
#999
0.00031336
-0.00032497
0.00115075
#999
-0.0001009
0.00023977
#999
-0.00012344
0.00025401
-0.00021592
#999
0.00043706
-0.0010093
#999
-7.791e-05
-5.969e-05
0.00018684
-0.0002169
-8.709e-05
-0.0001659
-0.00046659
0.00051604
-1.892e-05
0.00021211
#999
0.00046885
#999
5.294e-05
-0.00023598
-0.00063804
#999
-0.00018687
-0.00053427
0.00058901
-0.00022005
-0.0001087
