#Number of photons observed douring the burst: 16379
#Average flux [c/s]: 1319.1849226804125
#Average variability: 0.1263515202654308
#GRBbn111012811 temporal parameters: 
#                                   T_detection(MET)= 340140461.09798 s
#                                   T_start= -2.802 s
#                                   T_end= 9.613999999999999 s
#                                   CCF campionation= 1e-6 s
#                                   Fit amplitude= 0.3 s
#                                   Used detector= 3 GBM
#                                   Variable bin size= 10 ph/bin
-0.04040668
-0.00757509
0.02731716
0.02750724
#999
-0.0427438
0.0413549
0.00872759
0.00012003
-0.00364366
0.0308567
#999
-0.01073816
-0.01107389
-0.00069777
0.02470514
0.06336514
0.03268499
#999
#999
0.01671207
#999
0.07122779
0.01434116
0.02320929
0.01597638
-0.00037191
0.01724474
#999
-0.00151841
-1.8e-07
0.02920868
-0.02387042
-0.01237916
0.00483906
0.00615745
0.01786414
0.03817267
-0.01361725
-0.00431726
-0.02812359
-0.00262773
#999
0.00667682
-0.00421221
-0.02286779
-0.00946659
0.03817184
-0.00430203
-0.04130238
-0.00999469
#999
0.07205506
#999
0.01732909
0.0109183
#999
0.02111882
-0.00058623
-0.03301428
0.03005095
#999
0.04749621
0.00412134
0.0206943
0.01126236
0.01596422
#999
#999
0.03443339
0.01462202
-0.0074892
#999
-0.00098508
0.00071648
0.04083945
-0.02256245
#999
-0.00188646
0.03778198
#999
-0.01695287
-0.00841136
0.00559509
-0.01305285
0.00850132
-0.02103719
-0.0245603
0.00395529
-5.68e-06
#999
-0.02888412
#999
0.05944361
#999
0.01596318
-0.01440881
-0.03806322
0.01240115
-0.01723935
0.00259347
0.02836344
-0.03988968
0.01977004
0.00596097
0.0330197
0.00234502
-0.0644973
-0.03721353
-0.02619213
0.01287416
-0.01195988
#999
0.02852069
#999
0.03453698
0.00582549
0.02532012
-0.01773528
-0.06123851
0.02639157
0.00343804
0.0601037
-0.04168674
0.04677616
-0.00557277
0.00706121
-0.02739983
0.03475037
0.0223016
-0.05321821
0.02869967
#999
#999
#999
-0.0064913
-0.00218263
0.02654711
0.02379997
0.02376269
-0.00120523
0.03636049
-0.03474998
0.01965531
-0.00241355
0.00855902
-0.00685521
-0.01049299
#999
-0.00637023
0.0141053
-0.05251506
-0.04370128
#999
0.00627662
0.04599109
#999
0.01339876
-0.00232854
#999
-0.01104128
0.00737265
-0.04725213
0.01131237
0.04135033
0.00480021
#999
0.01572012
#999
#999
0.03779784
-0.0618635
0.02926726
0.01822108
-0.01556124
0.01748591
#999
#999
0.01155993
#999
-0.00919332
0.0141135
0.02921265
0.01989056
-0.0060735
0.02385908
-0.02876111
-0.00048865
#999
-0.0246522
0.01091207
-0.00491388
-0.01573416
#999
0.0059761
0.01107669
-0.00510573
-0.02045082
-0.02930634
0.0351219
-0.02804072
0.02812252
0.00997041
-0.00821754
0.05492098
0.01880292
-0.01874438
-0.018245
#999
0.04206107
#999
0.0139007
0.04197602
0.02234283
-0.02647565
#999
#999
0.0103578
-0.00217964
#999
-0.03119685
-0.0073996
0.03711033
-0.00453014
#999
0.02568238
-0.00085913
-0.03696853
-0.06838518
#999
0.01644235
#999
-0.01739584
0.02502462
-0.03539362
#999
0.00585754
-0.00591314
#999
0.00826535
-0.02599689
-0.00471562
-0.07600014
-0.03642016
-0.02371686
0.00533363
-0.03316733
#999
0.01240267
-0.01048377
0.03046613
-0.00755325
0.02321374
-0.00896199
0.00913371
0.01004256
-0.02702277
-0.01295226
0.02297347
#999
0.02547351
-0.00133149
0.01548288
0.04075377
-0.00710565
0.01003559
-0.00037305
#999
#999
0.00767812
0.02745309
-0.00523739
0.03274098
0.05001696
0.04207138
0.02041373
-0.02947428
0.05364221
-0.01248498
0.02132221
#999
0.02788324
-0.0345761
0.0019123
-0.06560838
0.03058555
0.02550899
0.0259204
-0.01230086
0.01144356
-0.01193489
-0.00041213
0.04427568
0.01410867
-0.02721488
0.02639675
-0.01170378
0.01222025
-0.00050666
0.04287792
0.00908714
0.03056244
0.02367307
-0.00616749
0.02403455
-0.01010744
0.00173734
#999
0.03508775
0.03436262
#999
-0.00449736
-0.01918133
0.0014738
0.01640669
-0.00539411
0.02052732
#999
-0.01800796
0.0151126
0.04060975
-0.02771811
-0.00444387
0.03449451
-0.00504985
#999
-0.01513358
-0.00787918
-0.06436926
-0.04117892
-0.04661858
#999
#999
-0.0272299
#999
-0.00554597
0.01810566
#999
-0.02075625
-0.00912252
-0.0481207
-0.02407945
-0.00022136
0.00951415
-0.00491882
-0.01109255
-0.00552555
0.00503608
-0.03305452
-0.04346377
#999
-0.05166202
-0.04242852
0.00505351
-0.01181754
0.00624242
-0.03546891
0.00542481
0.03729125
0.02009819
0.00044434
0.07356924
#999
-0.0041404
#999
-0.03142777
-0.04305157
0.01737881
-0.03729069
-0.00574308
-0.01359357
-0.00150164
#999
0.01321768
0.0575104
-0.00484273
0.04312568
-0.00715007
#999
-0.02527827
#999
0.01384051
-0.0448298
0.07248399
0.01259849
0.01897225
-0.01297996
-0.0134248
-0.01089126
#999
0.01133892
-0.01545848
#999
#999
0.02978169
0.00073675
#999
#999
-0.06612415
#999
-0.00509998
#999
0.01164501
-0.02939791
0.05459608
0.00974741
-0.00854039
-0.00095272
0.01638261
0.02529438
0.00605308
-0.03666452
-0.03095337
0.02143772
-0.03340189
0.04568356
#999
#999
0.00321375
-0.02270015
-0.00499059
0.03101989
-0.0064535
0.00627699
0.01964263
#999
0.03117417
-0.04157663
-0.04503432
#999
0.04992958
-0.00640359
-0.00147081
#999
0.00088137
0.00367758
#999
-0.06177825
-0.01231809
-0.01623692
#999
-0.00987676
0.05239352
0.0044717
#999
0.02846719
-0.02354184
0.00707248
0.00922896
0.0341583
#999
-0.00261454
-0.04756878
#999
#999
#999
-0.00594827
#999
0.01912303
0.03582707
-0.00903928
-0.01596614
-0.0112281
-0.01458005
#999
-0.00687872
-0.03454279
-0.01373638
0.02769431
0.0124179
-0.02002543
0.04614149
0.00511316
-0.01113393
0.04318499
-0.00661089
0.01332321
0.01710896
-0.0287728
-0.04242316
0.00247118
#999
0.01477157
-0.03886676
-0.02749696
0.01062214
#999
#999
#999
-0.02053882
0.02992049
0.03397699
0.0147049
0.01305507
0.00159839
0.04396402
-0.04386958
#999
0.01114593
-0.02753185
-0.03182203
0.05121456
0.00393474
-0.03309894
0.0672999
0.02938413
-0.029341
0.00575821
-0.00517256
-0.03629923
-0.0064396
0.02976594
#999
#999
#999
-0.04390902
0.01274315
-0.01587643
0.01057802
0.02128133
0.02100305
0.0646514
0.0083561
0.01752742
0.02452322
0.0568379
0.0009698
0.03958372
#999
#999
#999
-0.01045071
#999
-0.01970176
-0.0129284
-0.02316074
#999
#999
#999
0.0165384
0.00538062
0.04317946
#999
-0.00655069
-0.02394549
0.00124318
#999
-0.00613393
-0.02376038
0.00225261
0.01411802
#999
-0.02889465
-0.01607498
#999
-0.01185117
#999
-0.05209863
-0.01028369
0.01681617
-0.01392734
#999
#999
-0.01852506
-0.03407797
0.00295177
0.03716706
0.01543251
-0.03954938
-0.00235381
0.00992422
0.03036728
0.03847231
0.02042694
-0.00545034
-0.04912464
0.01271676
0.0070755
#999
-0.02085353
0.00160819
#999
-0.0254706
0.01141653
-0.04103893
0.00545199
0.00081681
-0.02199665
0.0003278
-0.06087784
0.03309142
#999
#999
-0.04997217
-0.00261407
0.00467363
-0.02065716
-0.02641119
-0.01323117
-0.00479334
0.00851181
-0.03980938
-0.02228565
-0.03512595
#999
0.06376737
0.00674177
#999
0.01210899
0.00854637
0.02732662
0.02657128
0.01855359
-0.03059659
#999
#999
0.01547321
-0.00137794
-0.01219213
-0.00733464
#999
0.02997059
-0.01227165
-0.00384012
0.03041257
0.03455794
-0.01487441
0.00191223
0.05209697
-0.01068757
#999
0.0001727
#999
-0.02463902
-0.03309077
0.01099435
-0.00904379
-0.04480841
-0.01128056
-0.01542778
-0.02095008
#999
-0.02340824
-0.02782135
0.00864406
-0.0047217
-0.00912672
-0.02088592
-0.02795116
0.02543949
-0.01218215
#999
-0.0075429
0.01907478
0.00079738
0.00888047
0.02052942
0.04927873
-0.0177081
#999
0.0300278
#999
0.05202513
-0.0367025
-0.04611523
-0.00034372
-0.00046243
-0.06446022
-0.02425077
#999
0.01210504
#999
#999
-0.02901832
-0.02343979
-0.00800264
-0.00462206
-0.05718512
0.00347745
0.03149345
-0.03566414
-0.04248364
#999
0.01908139
0.01518626
-0.0092162
-0.01510848
#999
#999
-0.00940082
#999
0.03396396
-0.02387331
-0.03411655
0.02554362
-0.03177122
#999
-0.04698269
0.05375517
0.01257416
0.01864958
-0.02705608
#999
0.02399914
#999
0.02883926
0.01422998
0.01660102
#999
0.02470262
-0.00705002
#999
-0.02167558
-0.01645173
-0.02696098
-0.04887939
-0.00784678
0.01492219
0.01289064
-0.0454932
0.00194157
-0.01871662
-0.03062809
#999
0.01308234
0.04055934
0.01438302
0.03854153
#999
-0.00723428
#999
-0.01074602
0.00581523
-0.0120087
-0.02552092
-0.00781504
0.01838345
0.04470359
-0.02098514
-0.00647777
-0.05196044
0.0183984
-0.00259705
-0.02947952
-0.02701377
0.04289349
-0.00054146
-0.03015896
0.02420867
#999
0.02038605
0.06280608
-0.00887733
#999
-0.00630616
0.00637611
0.03414688
#999
0.00211277
#999
-0.017352
#999
#999
0.03265806
-0.0056695
-0.03945875
0.00226049
-0.0051638
-0.00350047
#999
-0.02405821
0.00679834
-0.02087602
#999
0.02147696
#999
-0.00645588
-0.01398207
0.01448782
0.03882378
#999
0.010943
-0.00145995
0.00917595
0.01987102
0.01099752
0.0063145
0.00756455
#999
0.00650784
-0.01131447
0.00681587
0.00324616
0.04547768
0.02763047
0.01389416
0.09535747
0.04201733
0.0194004
0.04012845
-0.00212173
0.05303733
0.0172283
#999
-0.01397284
-0.01171932
0.02508193
-0.04411051
-0.03965463
0.01266428
#999
0.01691021
#999
-0.00362729
0.05469883
0.0040605
-0.00576291
0.00064282
-0.03766513
#999
0.00483811
#999
0.01294275
0.00593235
0.03760661
0.04544275
-0.04400555
-0.05230538
-0.00768358
0.01935665
-0.00373303
0.01413833
0.01611581
-0.03608794
-0.0116034
0.02146333
#999
0.01037879
-0.01700192
-0.00048332
0.02836415
-0.027532
#999
-0.00569312
0.0057785
#999
0.02924538
-0.03901634
-0.03361193
0.00138415
0.0139997
0.01632406
0.02851988
-0.0252484
-0.02078441
0.00322666
-0.04630842
-0.02536249
-0.03303377
-0.01251358
-0.01694513
0.03532954
-0.04327046
-0.02679497
-0.00096677
#999
0.03800693
-0.02916609
-0.01440056
0.00034574
-0.0230525
#999
0.0330628
0.03087897
-0.01908566
-0.006166
-0.02122434
0.02329586
0.04037256
#999
0.0076108
-0.00607325
-0.01303178
#999
0.03153056
0.05619206
0.0091449
-0.01251003
0.01730715
-0.01709242
-0.00405719
0.01514069
#999
0.02173587
0.0117816
0.01752531
0.00997836
-0.00027546
#999
0.05162465
0.040641
0.01149653
0.0357646
0.00056756
#999
0.08249874
-0.05359851
#999
0.01323189
-0.0152039
0.00945774
-0.0046649
0.02459958
0.0121141
#999
0.00252161
0.02864702
0.05845846
0.03485453
-0.00146508
-0.00952696
0.03994051
0.0200253
0.00853625
0.00079533
-0.02299508
-0.0155026
-0.00085422
-0.02883855
-0.02406726
-0.01209851
#999
-0.00050107
-0.00255114
0.01468331
-0.0066146
0.02640282
0.03443644
0.00734475
#999
-0.02261062
#999
-0.04876966
0.03150309
#999
0.03863622
-0.01117484
-0.04747617
#999
#999
-0.01561626
0.03978772
-0.04210704
0.03064029
0.00277186
0.03077426
0.00251717
0.01455809
-0.02164935
-0.00085484
-0.01932051
0.02212121
-0.031699
0.01768046
-0.02188016
0.02282662
0.01091276
0.02688893
-0.02820927
#999
0.02839004
-0.00451775
-0.02574327
#999
-0.01215023
0.00175162
-0.00752834
0.02700307
-0.01327494
0.03434158
-0.04234047
-0.02533702
-0.00420187
-0.03313713
-0.01384212
#999
0.0562906
-0.01083732
0.0347561
#999
-0.06372046
0.00204058
0.01266369
0.02479152
0.00878241
#999
0.00267896
0.00637508
0.03062158
-0.01639692
