#Number of photons observed douring the burst: 82896
#Average flux [c/s]: 2893.2011726930054
#Average variability: 0.08902884096426185
#GRBbn230426853 temporal parameters: 
#                                   T_detection(MET)= 704233744.96626 s
#                                   T_start= 7.256 s
#                                   T_end= 35.908 s
#                                   CCF campionation= 1e-6 s
#                                   Fit amplitude= 1.0 s
#                                   Used detector= 6 GBM
#                                   Variable bin size= 10 ph/bin
-0.02294607
0.01466746
-0.03241057
-0.00771847
0.02635809
-0.00115341
-0.0405362
0.04070616
-0.00685574
0.02647138
-0.01634091
-0.0323601
-0.0228016
-0.00033436
-0.00712406
0.03012103
-0.00857465
0.04712394
0.01121777
0.01734064
-0.0234533
-0.02484546
-0.0128078
-0.0332784
0.01793511
0.02812301
-0.00378842
-0.04597288
-0.00126165
-0.06650618
0.03821888
-0.0209569
0.01872313
-0.00070603
-0.0247393
-0.01005164
-0.01591082
-0.01531004
0.01431281
0.00807085
-0.01403746
-0.05087653
-0.00941041
0.00047384
0.0523402
0.02317868
0.00965105
0.01194541
-0.01576869
-0.00998867
-0.01651126
0.03370114
0.01878381
0.0064566
0.03000464
0.01942175
0.00306931
-0.00749992
0.04382597
-0.00043077
-0.00528724
0.01414342
-0.03648185
-0.01280399
0.02164713
0.01193872
-0.0051013
-0.02948738
-0.04606639
-0.01996233
0.03654664
-0.01814759
0.01362873
0.01040032
-0.01946222
0.02928359
-0.02589692
-0.02088082
-0.01290867
0.00583462
-0.06292043
0.02561496
-0.00094426
0.0141707
0.01334166
0.03467651
-0.03471646
-0.01058798
-0.04206542
-0.03933698
-0.01729339
-0.03952179
-0.00376198
-0.01649198
0.00636708
-0.01413605
0.05033068
0.01182234
-0.03796168
0.05388689
0.00479047
-0.01672483
0.00149278
0.0047397
0.00314665
0.07915708
-0.0263745
-0.04573552
0.02285602
0.04015271
-0.03492411
-0.06498255
0.00742254
0.02845152
0.0170475
0.05553858
0.01078534
0.01853628
0.02200781
0.0501588
-0.07887144
-0.0128672
-0.03906613
-0.0221592
0.00963602
0.00602089
0.01345043
-0.02151281
0.02493475
-0.0033183
-0.04812262
-0.03328508
0.03285061
-0.01084559
-0.04988173
-0.0194932
-0.00773035
0.02296276
-0.04096018
-0.01288208
-0.01097019
-0.01588977
-0.01260202
0.00903537
-0.03571286
0.0156949
-0.00604498
0.00353371
-0.01290583
0.01179012
0.03180465
0.01802809
-0.00257173
-0.0317149
0.00612012
-0.01891886
0.00750516
0.01217867
0.01093127
-0.00130775
-0.00338827
0.01489897
-0.01079382
0.03657054
0.02112728
-0.00545441
-0.01576677
-0.05576866
0.02251372
-0.02724562
0.00169608
-0.00450323
0.03514082
0.00208479
0.01579114
-0.01615723
0.02563904
-0.02996144
0.00470518
-0.0064643
0.03460869
0.01491657
-0.01729408
0.00406925
-0.02515589
0.0116116
-0.02006311
0.04290658
-0.00523333
0.02903054
-0.02220145
0.02375031
-0.05322498
0.01504411
-0.02921511
-0.01148239
0.00222124
-0.01242126
0.04878817
0.06542339
-0.05215819
0.01538162
-0.0178487
0.00173484
-0.0080233
0.00418589
0.01671559
0.05224384
-0.05336149
-0.00482314
-0.02707057
0.04103944
0.02382734
0.00924554
0.00756252
0.005626
0.01906017
-0.01020092
-0.0449271
0.04332988
-0.04560878
0.01221401
-0.01346258
0.00628534
-0.02362053
0.00172831
0.00718124
0.01469699
0.04254131
0.01069364
0.01553346
0.01096442
0.02377529
0.01962424
0.00876981
0.0204996
-0.01075311
0.05991898
-0.00840648
-0.02745028
0.0187447
0.04592047
-0.00368277
0.03641382
0.00557825
0.02254116
-0.00168493
0.02382838
-0.00227131
0.05015433
0.00977813
-0.02138669
0.05379543
0.03709434
0.0169687
-0.02508296
0.01248159
0.00695466
0.01331188
0.01477681
0.00424273
-0.02044525
-0.00512187
0.00450651
-0.00776464
0.00699023
-0.00358676
0.04055686
0.00589515
-0.0262135
0.00625581
0.02945047
-0.01079458
0.05209283
-0.00268802
-0.00327621
-0.0105432
0.05217613
0.0098613
0.00337556
-0.00259667
0.00208315
-0.0331213
-0.01155271
0.00308892
0.00175936
-0.01404742
0.0039114
0.00692624
-0.00634201
0.04581118
0.00667018
-0.01962743
-0.00261469
7.936e-05
-0.03416866
0.02559726
0.03072089
-0.07152925
-0.02883648
-0.00848319
0.01845996
-0.04643428
0.02842715
-0.01949432
-0.0298937
-0.01366298
0.03079733
0.00395635
-0.00530253
-0.0336051
-0.01457785
0.01043039
-0.00932856
0.04257537
0.04859871
0.0083654
0.0312983
-0.01735902
-0.02438468
-0.03838099
0.02973126
-0.01438397
-0.01067568
0.01317131
0.02632155
0.04159469
-0.05386756
0.01741263
0.03786809
-0.00932409
-0.03630723
-0.00894928
0.01994554
-0.07110596
-0.00870212
0.07908297
0.01675615
-0.00116981
-0.0272383
0.00059026
-0.03556724
-0.05928865
0.03428634
0.00665274
0.03318031
0.0228626
0.00211163
0.0295618
-0.04886015
0.02920743
0.01532529
-0.0567828
-0.03406104
-0.00508904
0.04639197
0.04295601
0.01918434
-0.00063029
0.02894104
0.01737573
0.01301845
-0.01438867
-0.03096078
0.05019812
-0.02769183
0.00555663
-0.02318849
-0.04476972
0.02480192
0.0336209
0.00391452
-0.00077023
0.03141963
-0.01966906
-0.00016423
-0.07144022
0.01215697
0.00014542
0.03027099
0.01419887
0.04213866
-0.0126682
0.00295446
0.00246863
-0.00976398
0.01366356
0.03423676
-0.01663538
0.04894188
-0.01353489
0.00251107
-0.0593452
0.01820977
-0.03853806
0.0357278
-0.01234077
-0.02999238
-0.02883809
0.00482041
0.02442041
0.06112018
0.00980631
0.00639014
0.02831429
0.00159832
-0.05213663
0.05224488
-0.01468289
0.01683225
-0.01312733
-0.00250038
-0.00013026
0.03398042
0.03464095
-0.02075829
0.03373145
-0.02258363
0.00540097
0.04859674
0.0295606
-0.04438748
-0.00432204
0.00766404
-0.01880246
-0.03405694
0.02878107
-0.01883876
-0.00928686
-0.01075593
-0.01064403
0.02402653
-0.05522484
0.0142519
8.778e-05
-0.01507674
-0.01077588
-0.01174492
0.0008492
0.01025105
0.01686495
0.00833118
-0.00166656
0.0611895
0.01145486
-0.03048901
0.03183292
-0.00219295
0.00796486
-0.02838973
-0.02843233
0.03655649
0.00058664
-0.04312814
0.02571759
0.06256653
-0.03372867
-0.01459061
-0.06899831
0.01194465
0.01572768
-0.03128066
0.01914144
-0.01399113
-0.04586163
0.04481777
-0.01648289
0.01525933
-0.02779522
-0.04197565
-5.122e-05
-0.04108038
-0.04029738
0.07141089
-0.01848951
0.00149817
0.01129545
0.06407734
-0.0133712
0.00515046
0.00520076
-0.05229172
-0.01952654
0.08468564
0.03312898
-0.03404788
-0.05842291
-0.00017693
-0.00262833
-0.00081018
-0.01171805
-0.0399677
-0.01865836
0.01820073
-0.01807603
0.03853361
-0.052643
-0.00071093
-0.00272722
0.03760465
0.02327506
-0.02533894
0.00551541
-0.05997583
-0.01942488
-0.02774481
-0.04826907
-0.02483411
0.00838693
0.05744805
0.0308411
-0.05659364
0.0579397
0.01191796
-0.01105884
0.0018362
-0.02343604
-0.00103944
-0.0144515
0.02606323
0.03252504
0.01175514
0.03758506
-0.02398938
-0.00586162
0.0353014
0.04379773
-0.04098795
-0.01677058
0.00012956
0.01177203
-0.00631956
-0.00598402
-0.00980169
-0.02794589
0.04614772
0.02781546
-0.0313684
-0.0309454
-0.02614315
-0.02568011
0.03691557
0.07637556
-0.00503658
0.02271346
0.01767102
-0.00371922
-0.01479654
0.052477
-0.00151069
-0.0154325
0.00047466
-0.01944077
-0.03630454
-0.00215575
-0.02519747
0.00921834
-0.00894088
-0.01222161
-0.01599084
-0.00015978
-0.03595844
0.00840974
-0.0241952
0.029957
0.02882079
0.00242765
0.00518219
0.03909651
-0.00880789
-0.04193532
0.03966213
0.04192971
-0.05091818
0.03192198
0.01246617
-0.0235292
-0.02094793
-0.005137
0.02617143
0.00707429
0.00767952
-0.05022124
0.00943555
0.03746064
-0.05581797
0.04609851
0.00921225
-0.02763567
-0.06167242
-0.00616498
0.02265822
0.0208881
-0.05102597
0.06191059
-0.02101248
-0.00298146
0.03438013
-0.00474802
0.0202674
0.0005791
-0.0433593
-0.00628671
0.00961839
-0.01926417
0.06855937
-0.02274632
-0.03693558
0.03495297
-0.01596364
0.02567838
-0.03403835
0.04564803
-0.00501363
-0.02060689
-4.382e-05
0.02334237
-0.03331229
-0.02707079
-0.03210741
-0.01166566
0.00931598
0.05146385
0.04902392
0.01727549
-0.02532089
0.02250457
-0.00246216
0.00159176
0.01340264
-0.00143697
-0.04871378
-0.03324579
-0.03775114
0.01928964
0.00479134
-0.02100809
0.03548567
0.00282809
-0.0058741
-0.0197837
-0.02524076
-0.00449006
0.03077088
0.03705987
0.0089251
0.01915706
0.01381283
-0.00959044
0.03241261
-0.00317385
-0.01412178
-0.02269833
0.0346806
-0.05270906
-0.01077211
-0.02126813
-0.03159998
-0.00834863
-0.00068539
-0.00207101
0.00118859
-0.03318722
-0.00089014
-0.0197557
-0.03553255
0.00631086
0.00232153
-0.01432082
-0.01905555
0.01084665
0.00374555
0.02372804
-0.02515866
0.02049387
-0.03723823
0.01347107
0.03395619
0.00974988
-0.01140282
0.03097872
0.02892825
-0.03543897
0.02228426
-0.01589985
-0.04366869
0.00288104
-0.01417875
-0.01310138
0.02470189
0.02051054
0.03358686
-0.01104895
-0.02652379
0.01880413
-0.02158551
-0.01044168
-0.01912488
-0.00145434
0.04138069
-0.02341645
-0.01438739
-0.03362433
0.00957734
0.00680077
-0.05116608
0.01067922
0.01577045
0.01370459
0.00113055
-0.02733786
-0.0015644
-0.01109139
0.01333019
-0.01408342
0.01333967
0.00686018
0.03861894
0.02738728
0.00937443
0.00730161
-0.02513236
-0.01317526
0.02783049
-0.00796989
-0.00414082
0.05725806
0.04012758
-0.0524174
0.01010773
0.00575711
0.02379401
0.0025978
0.0535472
0.00696945
-0.00412742
0.01342762
-0.00508018
-0.02538628
-0.00033542
0.0329633
-0.0210415
0.00014682
-0.00094146
0.01633954
0.03125996
-0.04116727
-0.01469252
-0.00123564
0.0565799
-0.03701163
0.02758854
0.0070577
0.0210787
-0.01978281
0.02311824
-0.06199378
0.01161294
-0.00502971
0.04335069
0.03585581
0.02749643
-0.03615111
-0.00300309
0.04901928
-0.00651306
0.033095
-0.03663603
0.02243178
0.00404303
-0.0021778
-0.01630177
0.01518679
0.06798057
-0.03286331
0.02161239
0.03320887
0.01014461
0.02633488
0.00190693
0.00285188
-0.05462623
-0.04734015
-0.0045959
0.04816578
-0.00103768
0.02274825
-0.01954338
-0.00216076
0.03562147
-0.01837698
0.0173724
-0.07340231
0.01402805
-0.02951011
0.01505238
0.01498325
0.01456209
-0.02478781
-0.00108511
-0.03156123
-0.02723497
0.04527819
0.06905647
0.00689281
0.03346879
-0.0300819
0.00967887
0.01061603
0.02439475
-0.00274861
0.02468533
-0.00972508
0.00358806
-0.01343827
0.01980126
-0.00017142
-0.0140576
0.02146157
-0.0022925
0.04040876
0.07094741
-0.04109419
-0.02503578
-0.01570787
-0.05774513
0.03919546
0.0295468
0.06873286
0.04995586
-0.04442061
0.01978709
0.0572227
-0.06369871
-0.08516135
0.03428414
-0.03456693
0.01990746
0.04783152
-0.01348915
0.02418265
0.00173083
0.02213451
-0.03186805
-0.05331823
0.07584004
0.03482335
0.03162336
-0.03991326
-0.01142226
-0.01160643
0.01256353
0.02945287
0.00658434
0.00028152
0.02675626
-0.05186033
0.01538824
0.00244662
0.059027
0.00040432
0.00528997
0.02332521
-0.01980685
-0.00141028
0.00914872
0.02043755
-0.00712317
0.04230239
-0.01004714
0.04383095
-0.00239176
0.00744781
-0.01570921
-0.04930175
-0.00432537
-0.02621171
0.00697825
0.01365632
0.01968983
-0.02299484
0.05495517
-0.02655254
0.05189548
0.047778
0.00647198
0.01976305
0.02500791
0.05666316
-0.0355195
0.01094182
-0.00333718
0.0143269
0.02261909
0.00323126
-0.01769513
0.02276838
0.02061549
-0.01509638
-0.00812498
0.01362875
-0.01909771
-0.02015634
-9.877e-05
-0.05604215
0.0235135
0.01977637
-0.02956037
0.0278036
0.00552388
-0.03874882
-0.04234364
0.00748958
0.01432711
0.03150485
0.02312249
0.01755463
0.01463821
0.01400868
0.00982752
-0.0598219
-0.05129401
0.01982023
0.01126555
-0.01475983
-0.05832509
0.00289831
-0.05916462
0.03151105
0.0601697
0.00947615
0.00508319
0.00694004
-0.01265134
0.0017053
-0.05575232
-0.02106024
0.0182652
0.05097837
-0.00124102
-0.01956934
-0.01462339
-0.02758681
-0.0032584
-0.02622024
0.03304376
0.0737734
-0.0026438
-0.05650535
-0.02319654
0.03319287
-0.04329412
-0.01537466
-0.02077588
-0.03414289
-0.00995485
0.01658591
-0.00329034
0.00073353
-0.03992137
-0.01746335
-0.00301243
0.01010936
0.02630135
0.07027234
-0.03121549
-0.01473147
-0.05101848
-0.01463102
0.01050813
0.02808128
-0.00452566
-0.00316367
0.00216348
-0.01967703
-0.0295051
-0.0203933
-0.00265245
0.00931441
0.02226955
-0.00275727
0.01507884
0.00959033
-0.01578989
-0.08106843
0.02057856
-0.02653401
-0.02481995
-0.00673853
0.07044555
-0.00468629
-0.03657286
-0.05810099
-0.0309271
0.05512506
-0.00401595
-0.00122723
0.00560517
0.01798012
-0.00143151
