#Number of photons observed douring the burst: 262172
#Average flux [c/s]: 1252.2126218554022
#Average variability: 0.005112609888979359
#GRBbn110618366 temporal parameters: 
#                                   T_detection(MET)= 330079658.383098 s
#                                   T_start= -25.884 s
#                                   T_end= 183.483 s
#                                   CCF campionation= 1e-4 s
#                                   Fit amplitude= 999.0 s
#                                   Used detector= 2 GBM
#                                   Variable bin size= 10 ph/bin
1.33161837
1.14036349
1.62436895
0.92165094
-0.29615538
2.34588703
-1.72603322
-1.79573257
1.02980121
-0.6127078
0.23878053
0.04329418
-1.05225207
0.22680605
1.8051871
-1.01231405
0.36847667
0.28134984
0.15973093
-2.66074796
1.58826487
-1.95106415
1.89137175
1.48906314
-0.50296306
-2.24937381
-1.25375857
-1.37339702
0.21401388
1.24211061
0.14745495
-0.27114625
-1.93359507
1.98595969
-1.51937431
-2.72701432
-1.43241477
0.41364608
-0.0393253
0.05808849
1.18738734
-0.10913058
2.199296
0.55561294
0.41102475
0.11232156
0.84479612
-1.41645242
0.36049972
0.80217717
-1.54198976
-0.7289108
-0.69556998
2.40858986
0.17806429
-1.31139494
0.66514657
0.75072784
0.1852559
-0.99636875
1.49393007
2.93810779
-1.23114614
3.20205879
-1.61259398
-0.29781521
4.33105234
-0.63281046
1.32461956
1.48647892
0.72947176
1.23245621
-0.99079822
0.03351074
0.52266733
-0.23941886
-2.17529517
-1.7643212
0.27521828
-1.83678515
-0.96714216
0.45409802
-1.22257031
-0.36978439
-1.63224783
-2.87992418
0.39519314
1.25632198
-2.5567902
-0.5034994
3.0374829
0.07426259
-0.463107
0.02375319
0.26565899
0.65602904
0.53356435
2.44067488
-1.7167922
-0.78797014
0.57409685
0.86548892
-1.11440505
0.20749149
-0.34764302
-0.70917435
1.75360937
1.57387512
-0.96651174
1.02918014
-1.340928
0.10669017
2.29653366
-3.49458763
-1.18902338
0.09517212
-0.36373501
-1.57119597
-0.57763025
1.22916801
-0.40829653
0.46217302
-1.77128796
-0.31042049
1.61351728
-0.20716143
-1.54808784
-0.87224409
-0.42944778
0.78193067
-1.12023256
0.1433841
-0.54917997
-1.47600166
-0.03064241
1.50887014
0.21070487
0.46300012
-2.27357048
-1.29510737
0.55408392
-2.01096707
-0.04438453
-1.00387196
-0.13933173
-1.72480916
1.57872311
0.13181512
1.59814217
-1.69214472
-0.24349236
0.52073974
-0.55862659
2.86788323
0.20907629
-2.7408701
2.51883685
1.36682585
-0.07567436
3.86258664
-0.14905473
-1.66223813
3.40153444
-1.17233892
-0.57838198
-0.92472437
-0.21434256
-2.02677878
0.23946419
-0.50332013
-1.51591448
-0.57151536
0.08738557
-2.9485888
-3.19957627
1.07534416
0.00494801
-0.90649453
-0.74965632
-0.66827597
1.08645195
0.32671289
-2.47317474
-1.17900458
0.56558364
0.44055448
-1.5971839
-1.2643247
0.29230857
-0.83041573
0.12413111
2.38390112
0.25190533
0.27969797
1.25079611
0.26133711
-1.06912925
-1.369008
-2.642235
-1.8334313
0.65631148
-0.08750293
1.1693879
-1.39009227
0.45481993
-1.55461194
1.16007174
1.49589068
-1.07620224
-2.11708734
2.27523248
2.56788466
-0.5001153
-0.12076071
2.22636014
-0.44686805
-3.08855944
1.15546494
-0.23487131
-1.22584114
2.79308
-2.80779669
-0.99601734
0.02914647
0.472738
-1.67525276
1.24378498
0.48927926
2.52335275
0.80333434
-0.97490329
0.07101027
-1.83364904
-0.9440525
0.6787823
0.21998754
0.66052345
-0.5900954
2.41683637
0.62955123
1.26107779
-0.66831964
1.06186608
0.97691603
-2.21554416
-2.75872352
-0.19124005
1.69532106
1.34648456
-0.54195557
-0.97117877
0.30096289
-1.93344706
-0.39093969
1.27430048
-0.6445825
0.78354815
-0.02697608
0.4244342
-0.05632031
-0.01872087
0.87339764
0.51326782
1.08080457
-0.88173511
-0.54263757
0.03530449
0.49562802
-1.85626074
2.32250174
1.12311281
-0.41213734
-0.50818863
-0.85717272
0.11032186
0.3976372
-2.00277174
-1.79213037
-0.88698957
-0.57935357
0.88256683
-2.79384858
0.39686824
0.48636047
1.49371353
0.0782034
0.11924794
-1.58219499
1.66313328
-1.53949998
-0.81641906
0.59026989
1.1090917
1.03117057
-0.05641368
-1.557742
1.1565612
0.70933624
-3.56283526
-0.45705204
1.13486461
0.58596556
-2.84039542
-0.32668714
-1.19171087
-0.48562929
-0.50261205
1.24870361
0.64270456
1.22677778
1.44424237
0.81574175
0.24611836
-1.64500128
-0.12435737
2.82810265
0.72993977
-3.54725502
-0.95468089
-0.99730025
0.02094664
-2.04607221
-0.37511349
-1.13752674
-1.52556757
0.1115809
-2.65849386
-0.60245724
-1.56226766
1.48737367
-0.1620954
-0.70506619
3.19381541
-1.36998103
2.33348383
-1.68983489
0.59576995
1.58029478
-0.75421111
-2.62783637
-1.76045901
1.6625327
2.63235737
0.73089912
-0.21933321
0.81968021
-0.80388474
-0.56544113
-2.54772774
0.47805896
0.63678557
-1.41084159
0.28731268
-0.03038908
-0.23928067
-0.73879377
-0.07527673
-2.04293201
1.35094323
1.01740611
-0.78139866
-0.49781288
-1.79310429
-0.79348625
-0.37188671
-0.75611403
0.83474823
-0.35407305
-0.96414063
-0.18820953
-1.42497633
0.59225931
-2.75087248
1.7888277
0.6353022
0.7055648
-1.71007876
0.88799547
-0.0032765
0.40009061
-0.89968893
-0.51334541
-0.36729601
2.05573734
-0.6259237
-2.39956262
-0.12756261
1.12868597
-0.5574123
0.77690831
0.55279482
-2.12244369
1.2600995
-0.33674845
-1.00874046
-1.47591944
-0.58264457
1.01296888
-0.20203758
0.21957263
-0.03550076
-0.17830483
-0.11456513
2.24674592
-0.8516574
2.11962654
-0.18974633
0.97290089
1.83721825
0.02701609
-1.00378898
0.53907369
-1.56952736
-0.78154662
1.91268088
-0.17114461
1.27634563
-0.49082892
-0.75277414
-1.00711113
0.24393021
-0.49255837
-2.2418442
-1.22927683
-0.66720414
-0.07279586
0.71117557
-2.71864863
-2.10605993
-1.31683479
1.63387548
-0.1074666
-1.12352091
-1.03690107
0.65032964
-0.61527072
-1.73364017
0.88876135
0.72011579
1.99121014
0.07988733
0.31964861
-1.34395826
-1.2935195
2.62612189
1.20288131
0.67913317
1.99170097
-0.91268912
-0.63561176
-0.78278951
-0.72735172
-0.3689884
-2.5694456
-0.17320779
-0.26184696
-0.32151628
1.96290201
0.62223517
1.39443861
-2.37728876
-1.44719345
-1.18397245
-1.44078213
1.74818721
-1.0785467
1.18557134
-2.29925502
-2.36921433
-1.0354287
-0.37875723
0.18540244
1.87232939
0.10370955
0.6460882
1.26211644
-0.40836266
-2.00279038
-0.58189922
0.63766952
-1.97217247
1.36321264
0.95319653
-0.60495746
-0.90410315
0.02713199
-3.66370305
-1.01454713
2.68817999
0.27296904
0.42226529
0.05829435
-0.69624252
0.89205751
0.41238995
1.76987894
-2.36300242
0.7089303
0.27414587
3.68097645
0.65267507
-0.1856988
1.59476509
0.86853864
3.38184891
0.27541083
-1.08098528
1.34245261
-1.1583547
-0.15671449
-0.33344381
-1.36878432
-1.15803476
-0.63496732
-0.09526081
2.16888753
0.42336093
-1.39455353
-0.92470917
1.17201979
-0.56607697
1.46386893
-0.21497185
1.96134696
2.36062402
-0.19040877
0.14290012
-0.62763945
2.10364655
2.71831393
-1.99375822
-1.57063235
1.59558384
0.3611332
-0.45999821
0.83474038
-0.31088299
-1.775415
1.81376935
1.63998065
0.10383025
2.21025503
0.00771168
1.61681584
0.26084909
0.15604448
1.1385767
-1.30854928
-2.16547196
-3.78140145
0.17836735
0.21019006
0.77653092
-0.59181818
-1.44282884
-0.93421844
0.04745975
1.18488919
-1.7075287
-0.61732238
1.34126476
0.51728027
0.02590177
2.24503752
1.4390977
-2.71498521
-1.9231279
-0.53652579
-1.95207779
1.00946903
-0.63735246
-0.0971578
-1.14148102
-0.22461915
1.42197116
-3.53061404
-1.29438005
-0.86824368
0.5344717
-0.0927531
-0.11917608
1.86338128
0.69788056
0.95442504
0.32737895
-0.86570037
2.84657042
2.56560629
0.61022811
-0.37539746
-1.43043269
-1.73991654
2.45876031
0.64744738
0.21709068
-0.49827157
0.29503588
-0.63299943
-0.81796232
0.0148164
-0.99474256
-0.68486268
0.79826709
0.1626142
0.80643814
0.52918608
-1.35468822
-0.72280795
2.74294325
0.99043484
-1.42414814
0.50797003
-2.36240776
1.17955174
3.09452657
0.52052422
-0.13757446
0.79595259
0.06704399
0.47339106
-0.37628404
1.69185566
0.3063651
-0.21882038
0.28282342
-1.01981427
0.88892755
-0.62316016
1.2666232
1.81346844
1.37398363
1.53176497
0.79252858
-0.24301192
1.43575544
0.269649
0.95228116
0.25590109
-3.29265594
0.36623625
0.03513123
-1.5076342
0.88248219
1.41185722
-1.62064285
0.96842568
1.3917009
-1.26778857
0.04671879
-0.85472124
2.43026656
-0.58720804
1.31144238
0.76082118
0.18177702
-0.43389904
-2.61672576
0.59577762
-0.44951201
-0.3030989
3.30525434
0.19292508
-0.44515448
-0.91242553
-1.73632868
0.49873379
0.50236614
0.75281567
0.60644935
-1.93581195
1.52705562
1.48893248
3.60765503
-0.20301366
-1.27571774
1.76598685
0.01428395
-0.13905137
-0.08280372
-0.27540866
-2.11573611
-0.55993073
0.31673055
1.16715948
1.20169392
1.03783132
0.72182833
0.07190394
-1.77659321
0.52699638
-1.52800823
-0.16836901
-1.39394759
-1.47809147
2.0743516
1.79587634
-0.00789969
0.24435042
-1.1596401
-1.09851833
-0.27715453
0.41919683
-3.53680245
-1.75808926
-0.96945762
0.31236968
0.24427179
-0.46071342
-1.97305687
0.07519485
-0.8313304
2.19138537
0.11022212
0.61941005
-1.21150266
0.38275231
1.99311363
-0.86964568
0.37274287
-0.29726009
0.35988801
-0.86036499
0.63847393
-2.31820657
1.40694263
-1.09636867
2.54582736
-0.16407523
0.8304745
-1.68491798
0.78642808
2.02672165
-1.85205485
0.46904795
-0.5038011
-2.54362578
-1.52814646
1.48574082
-0.51739699
-0.67853316
0.33064325
-1.35522637
-0.92438571
1.71249971
0.1538218
-2.09469678
-0.95137286
3.01926436
-1.27420045
0.81019691
-2.54853085
1.12660438
-0.86705269
0.56701163
-0.59451843
3.54251368
0.58079601
0.31844098
-1.35655488
-0.71697991
-0.83566917
-1.04161836
1.3498142
-3.59135713
-3.50510447
3.34663984
-0.13403738
0.7185486
-0.71372399
1.25422914
-2.2956094
-0.35919018
1.0087595
0.06642222
-0.28084552
-0.69537639
-0.18070332
-1.66883056
1.61231637
-0.18850624
-1.1163563
1.82860545
0.51023331
1.38035338
-0.45491652
0.60747925
-2.14862294
-0.28753418
0.78513189
-1.69729883
2.68103776
-0.96944587
0.08255554
0.37517046
0.81750858
-0.12801983
1.19791573
-1.31640315
1.65931321
-0.04189829
-1.08920997
0.93327749
1.93958916
-0.71139351
2.25512993
-1.46709376
-1.09993715
-0.83966668
-1.23723932
-1.77587588
0.87908554
-0.49386024
0.824701
-0.80596683
0.16626897
-1.15514334
0.6932514
-0.19936015
1.25088783
1.77686067
-1.13629932
0.5261056
-1.55346158
-1.24732123
-1.97607178
-1.33698441
0.21340123
-0.99723783
1.05642164
-1.2253436
-3.14975621
0.88289756
-0.09351829
-0.99256872
-0.1528216
0.65803607
-3.01272235
0.57707308
-0.67544374
-1.06437892
-0.86041299
1.36498948
-0.03196922
-1.02566244
0.62652442
-0.75702063
-1.56312744
-0.62208784
-1.27746013
0.27090742
-0.39127986
-0.25506416
-0.84359925
0.89985098
-0.64883057
-3.54625228
0.78901916
0.81594587
0.96061962
-1.55632698
0.70901915
0.3339952
0.43600859
2.78724936
0.59233139
1.33816238
-0.84485506
-0.33667646
1.63220104
-0.20028121
-0.23076396
-1.70801481
0.75888195
-2.79438889
0.68798782
-1.54591958
-1.61005346
-1.4218503
0.68379944
-2.66669794
-0.21951819
1.92961935
2.4028203
-1.42902917
-0.16779568
1.47586479
0.42264075
0.86213382
-1.47356324
-0.40405921
1.24269407
-0.76066607
1.55053804
0.19485278
-0.27883312
-1.33205652
0.42231753
1.39219299
0.9670442
-0.43896161
1.46812032
1.7783981
0.36946623
0.5086583
-1.87452535
-1.48125877
0.172974
-0.99639802
0.32817877
-2.80619678
1.214113
1.1136446
-1.06887359
0.71549152
-2.08644207
0.15352641
1.18509939
-2.42061179
-0.8284064
0.55153895
-1.65898227
0.22896903
-0.81460667
-0.67372598
1.27758534
0.42808336
-1.47036364
0.14873154
1.267471
0.97395668
-0.3956246
-0.27469978
-1.02351071
2.06581925
-0.0750326
1.52757039
-0.2757589
-0.96668567
0.1473601
2.20294694
-2.44718726
0.2151433
2.72630885
1.48736825
0.89099406
-0.96451611
-2.417213
-1.60681576
-2.55728621
-1.14083818
-1.0614935
1.7209793
-0.21199251
-1.3642732
-0.30773243
-0.42683325
-1.87178271
-0.64462889
1.63374768
-1.13803679
-2.21647404
0.86699836
1.01450431
1.26120163
-0.37722562
-0.59252366
-3.63128736
1.50873089
0.43627481
1.58858665
0.28896433
1.61645899
-0.0954099
3.80514799
-2.65451183
0.25082676
0.57610102
1.93269161
-1.06338093
0.72888461
-1.79812563
-1.64632196
1.42586459
-0.62216662
-1.26404526
-0.54150099
1.08451613
-1.80801187
-2.09940697
1.16530875
0.7668281
-0.17685798
-0.22416237
-0.28796477
1.81539628
0.20743854
0.1839322
1.94735223
0.35690358
-0.84934972
