#Number of photons observed douring the burst: 42152
#Average flux [c/s]: 1954.0144631930282
#Average variability: 0.09536091829138739
#GRBbn091003191 temporal parameters: 
#                                   T_detection(MET)= 276237347.584656 s
#                                   T_start= 0.10799999999999998 s
#                                   T_end= 21.68 s
#                                   CCF campionation= 1e-6 s
#                                   Fit amplitude= 0.2 s
#                                   Used detector= 0 GBM
#                                   Variable bin size= 10 ph/bin
0.00523377
-0.00961075
0.00228714
-0.00138009
-0.00441921
-0.0078865
0.00134561
0.00192876
-0.00252715
-0.00713521
0.00154539
-0.01024282
-0.00782257
-0.00494204
0.00369911
0.00961511
0.02162293
-0.00796965
0.00619037
-0.00983233
-0.01231044
-0.00103013
0.00399808
-0.00862449
0.00190585
-0.00412338
0.00455763
-0.01361868
0.00187481
0.00939053
0.01652314
-0.00687565
-0.00634462
-0.01097919
-0.00164639
0.01452248
0.00697114
-0.00065617
-0.00332351
-0.00501269
-0.00144638
0.00597756
0.00136869
0.00100676
-0.00487747
0.00794008
-0.00810961
-0.00592523
-9.646e-05
0.01459182
0.00114591
-0.01514467
0.00053682
0.00068661
-0.0095018
0.01280845
-0.00598973
0.00586476
-0.00392073
-0.00556806
-0.0055527
0.00987887
0.00722968
0.00470077
0.00738941
-0.00063485
-0.00791215
0.01686994
-0.00029462
-0.00974074
-0.00423934
-0.01245168
0.01027458
0.00319714
0.00017431
-0.00076885
-0.00245795
0.01096635
-0.00659548
-0.00825547
0.00890403
0.01097998
0.00079979
0.0011997
0.00092439
-0.0014071
0.0076532
-0.01107373
-0.00013637
0.00435191
0.01458978
0.00677001
-0.00059978
-0.00751256
-0.00489101
-0.00245916
-0.00088018
0.00810979
-0.00790528
0.00086682
0.00948824
0.00061575
-0.01782788
-0.00570124
-0.02010461
0.01021804
0.00551669
0.00121121
0.01040439
-0.00137076
-0.0091221
0.00492414
0.00244874
0.01189
0.00272577
0.01616564
-0.00323271
0.00933507
0.00563921
-0.00325556
0.00296848
-0.00418592
-0.00226283
0.0068433
-0.00220449
0.00257406
0.00954561
-0.00670207
0.00648415
0.00522982
-0.00041788
-0.00328458
-0.00099375
-0.01369404
-0.00324581
-0.00334234
-0.00833226
-0.00050377
-0.00603961
0.00610762
-0.01148205
-0.00948727
-0.01026288
0.00575116
0.00714452
0.00261233
0.01645871
-0.01847977
0.01176645
-0.01334463
-0.00277705
0.00722592
0.00407508
-0.00161998
-0.01140668
0.00910736
0.00935436
0.00681221
0.01306496
0.00194652
-0.00770783
-0.0057364
0.00337029
0.01557068
-0.00173744
-0.00062982
-0.00424537
0.00198278
-0.0043402
0.00551082
-0.0028644
-0.00212718
0.00289338
0.00194031
-0.01072892
-0.00819898
0.00881618
-0.00010877
-0.00086914
-0.0140934
-0.00573418
-0.00747395
-0.00591899
-0.00834334
0.01129988
-0.00062733
0.00434277
-0.00350152
0.00562741
0.01201161
0.00121431
-0.00393899
-0.0005096
0.00414728
-0.00021049
-0.01060779
0.01167423
-0.01537245
0.00045823
0.00054927
0.00630005
0.00493756
0.0036078
-0.00512
0.00754241
0.00194467
-0.00264985
0.00175936
0.00091734
-0.00119254
0.00199577
0.02044235
0.00214777
0.00145493
0.00504642
0.00290335
-0.00760682
-0.00956964
0.0051752
-0.02206652
-0.00233825
-0.00746078
0.00315736
0.00347122
-0.00239958
-0.01239084
-0.01132105
0.01864041
-0.00442262
0.01277342
0.01080454
-0.00798467
0.00810416
0.01047424
-0.01404678
0.00177349
0.00301673
0.00823741
0.0073052
0.00512112
-0.00507185
-0.00622809
-0.00967716
-0.01084911
-7.57e-06
-0.01500919
0.01060562
0.01378291
0.00927133
-0.00357111
0.00176248
0.00059137
-0.00306101
-0.00069276
0.00267919
0.00064188
-0.00533701
-0.01132155
0.0022926
-0.00143701
-0.01356828
-0.008538
-0.0036079
-0.003379
0.00359357
0.00970596
-0.00148562
0.00160049
0.01298352
-0.00460634
-0.01369694
-0.00409658
-0.01193537
0.01042772
-0.01320086
-0.00827825
0.0057603
0.01195002
-0.00917533
0.01804706
-0.00750898
-0.02086514
-0.01387361
0.00263075
-0.00310924
0.01388956
-0.00206502
-0.00447023
0.00845353
-0.01140076
0.00260698
0.00864683
0.00202881
-0.00645914
0.00348051
-0.00958344
-0.01052942
-0.00454859
0.02699079
-0.0101949
-0.00525998
0.00831398
0.00380781
-0.00736999
-0.00319295
0.01410103
-0.0011655
-0.00327968
0.00788293
-0.0012427
-0.00044711
0.0047747
-0.00698142
-0.00036422
0.00029696
-0.00759515
-0.01997947
-0.00230772
0.00439228
-0.00557446
-0.01534876
-0.00994147
-0.0104488
0.00564553
0.00125239
-0.00774111
0.00661093
0.00494976
-0.00091135
-0.01513934
-0.0134857
-0.00631928
0.0003556
-0.00018652
0.0083102
-0.00473399
0.00484706
0.00293452
-0.01683687
-0.00550776
-0.01434938
0.01226419
0.00466339
-0.02094973
0.00536358
-0.00780651
0.00555302
0.00943175
0.01300062
-0.00276539
-0.00100543
0.01833677
0.01490746
-0.00018576
-0.00821617
-0.00411795
0.00542277
0.002546
-0.00211562
0.00817466
-0.00353903
-0.0024672
-0.00930438
0.00066938
0.00223395
-0.00206518
-0.00488668
0.00374408
-0.00661891
0.01436587
-0.00637341
0.00562937
-0.00829365
-0.02309626
0.00330253
-0.00184691
-0.00217704
-0.01025299
0.01106222
-0.00582228
0.0071957
0.02276357
-0.00886087
-0.00791838
0.00826907
-0.00574336
0.00218719
0.00794288
0.0016379
0.01193208
0.00346277
0.00702806
-0.00412078
0.00733596
0.00711263
-0.00922892
0.00446048
0.00071639
-0.000256
-0.00348296
0.0066921
-0.00080579
-0.00664099
-0.00177135
-0.00059342
-0.00982474
0.00126336
-0.0071607
-0.00180611
0.01183204
-0.00888647
-0.00802783
0.00153195
-0.01249794
0.00399886
-0.0052712
-0.00493714
0.00748371
-0.00159812
-0.00135062
-0.00381439
-0.00572191
-0.00573872
-0.00445178
-0.01316933
-0.0019376
-0.00567702
-0.00585258
-0.0041886
0.00569881
0.00235878
-0.00550678
0.00744433
0.00375531
0.00587591
0.0138275
-0.00751283
-0.01327452
0.01103684
-0.00542218
-0.00148134
-0.00822428
-0.00166508
0.00248503
0.00232069
-0.02467708
-0.00253223
-0.00307028
0.00024086
0.01391599
-0.00105713
-0.00111463
-0.00818548
0.01201422
0.00392724
-0.01097458
0.01861464
-0.00720279
0.00342813
-0.00224335
-0.00587219
0.01091193
0.01497351
-0.01085428
0.00713914
0.00681614
-0.00803987
0.00565302
-0.0046788
0.00360521
0.0006048
0.00554692
-0.00130591
-0.01146309
0.00544945
0.00078804
0.00695345
-0.0030438
-0.0097075
-0.00502634
-0.00738825
-0.00239254
0.0008896
-0.00126639
0.00259275
0.00039279
-0.01263629
-0.00473155
-0.00319607
-0.00270484
0.01318913
-0.00570079
0.00106838
0.01190441
-0.00411462
0.00637703
-0.00087966
0.01132881
0.00431287
0.00827781
0.00065402
-0.00279493
-0.00424314
-0.01036635
-0.00822102
0.00905251
0.00183552
-0.0139207
0.01285242
0.01097147
-0.00526609
-0.00310381
-0.0076902
0.00657681
0.00601522
-0.00951138
0.01063446
-0.00224105
0.00520352
-0.00029071
-0.00294299
0.00929216
0.00037844
-0.01341179
0.00778316
-0.00101213
-0.00589712
-0.01352997
0.00819153
-0.02114282
0.00297732
-0.00039608
-0.00532713
-0.01094837
0.00682554
-0.00693394
0.0074291
0.00348999
-0.00228256
0.01334165
-0.0008461
0.0117247
-0.00264494
-0.01468906
0.00388148
0.00181129
-0.01310205
-0.00323911
-0.00574213
-0.00626735
0.00470436
-0.0042988
-0.01310175
-0.00424534
-0.0002157
-0.0004012
0.00761406
0.00477011
-0.00476913
-0.000604
0.01101265
0.00704737
-0.00792838
-0.00029161
-0.00105421
0.00209998
-0.01122211
-0.00086823
0.00343582
0.00592975
-5.436e-05
-0.01186807
-0.00194925
0.00291641
0.00866222
-0.00091644
0.00236743
0.00973135
0.00123067
-0.00404356
0.00207293
0.01504851
0.01361539
-0.01385679
-0.00265554
0.0033927
0.01419367
-0.00755469
-0.00591318
0.005219
0.00176108
0.00153046
-0.01021677
-0.00342095
0.0108433
-0.00272656
0.00366953
-0.00864636
-0.01923614
-0.01306607
-0.00553862
-0.00483469
-0.00743221
0.00896941
-0.00143363
0.00965928
-0.0012826
-0.00577811
-0.01007759
-0.01343643
0.01051975
-0.00235176
0.00607618
-0.00194391
-0.00362901
-0.00343947
0.00404721
-0.02049926
-0.00082892
-0.00676404
-0.00904657
-0.00628964
-0.00321373
-0.00872703
0.00454684
0.00490446
-0.01288114
0.00571607
0.00809236
-0.00264085
-0.00543236
0.00215846
0.00134116
0.01209292
0.00298936
-0.00429372
0.00510774
-0.00200595
0.00327995
0.0074808
-0.00579071
-0.00951811
-0.0001629
-0.00753021
-0.0054931
0.00703526
-0.00542637
0.00161194
-0.01266154
0.01541193
-0.01052797
0.01027322
-0.00282031
0.00935901
-0.01136372
0.00890277
0.01680432
0.00723647
0.00867986
-0.00208777
0.00218473
0.00364333
-0.00497905
0.00069953
-0.00073761
0.00166739
-0.00235539
-0.00603505
-0.00613803
0.00365152
0.00336185
-0.00614756
-0.00553881
0.00590255
-0.00730621
-0.00457309
-0.0084977
0.01012168
0.01138322
0.00444283
0.02043543
-0.01175674
-0.0136212
0.00626194
0.00140321
-0.00712672
0.00339663
-0.00133098
0.00200583
-0.00016058
0.00495558
0.00276773
-0.00333922
-0.00595096
-0.00713993
-0.00232584
0.00210265
0.00446411
-0.01052702
0.00936429
-0.00594868
-0.00827778
0.00031522
0.00608483
0.00701407
-0.00156643
0.00931351
0.01863198
-0.01241211
-0.01590859
-0.00224005
0.00218689
0.00199342
0.00631977
-0.01495431
0.01308532
-0.00114347
0.01436615
0.00421408
-0.00156138
0.00401223
0.01767795
-0.01187739
0.00187035
0.00340698
0.01091487
-0.00386035
0.00614742
-0.00445498
0.00212601
-0.01186858
-0.00095643
0.00625406
-0.00802046
-0.0034147
-0.00471245
0.01327392
0.00613662
-0.00845734
-0.01038453
-0.00634578
-0.00452464
-0.01004415
-0.00674053
0.00762069
-0.00606048
-0.01016276
0.00214049
-0.00356226
-0.01262415
0.001881
-0.02330521
-0.00354577
0.01084465
0.00533641
-0.00378489
0.01150414
-0.01121524
0.00490713
-0.0056701
-0.00898453
-0.00773081
-0.00316702
0.00503063
0.01710364
-0.00783497
-0.0090029
0.00782954
-0.00724386
-0.00122016
0.004885
-0.00557813
0.00094635
-0.01008992
0.00663375
0.00307825
-0.00143488
0.00658523
0.00602417
0.01045727
0.00143777
-0.00548865
0.00326019
-0.00976314
-0.00486972
0.0112692
0.00110329
-0.00394439
0.0124174
0.00810222
-0.00360564
-0.0005736
0.00374613
0.01114809
-0.00639166
-0.00847074
0.01519224
0.00493339
0.00655649
-0.0039476
0.00117389
0.00135343
-0.01060246
-0.01345373
0.00883063
-0.01498316
0.00113582
-0.00600903
0.00677842
0.00478634
-0.00028226
-0.00655314
-0.01389117
-0.00094643
-0.00288023
-0.00121727
-0.00737635
-0.00499953
0.00110741
-0.00245575
0.00107057
0.00191258
-0.00687122
-0.00481521
0.00821324
-0.00697019
0.01348732
-0.00819687
0.0044403
0.00027744
0.00924082
-0.0162302
0.00512183
0.01768322
-0.00328391
0.00117652
-0.00576938
-0.00729124
0.00750176
-0.00137976
-0.00537843
0.00801673
-0.00276185
0.00132813
0.00354761
-0.0011761
-0.00299006
0.00148158
-0.00797026
0.00650575
0.02539532
-0.01645896
0.00324405
0.00973335
0.00472255
-0.00087341
-0.00175607
0.01172371
-0.00783344
-0.00091151
-0.01854291
0.00880727
-0.00977298
-0.01708491
-0.00078417
0.01060298
0.00566303
-0.00552215
-0.00854625
0.00106584
0.0038347
0.0032563
0.00600708
0.0008102
-0.00509554
-0.00176567
-0.01095529
-0.00856093
0.00244342
0.00778908
0.00767191
-0.00245791
0.00632467
-0.00061679
-0.00352648
0.00225241
0.00036318
-0.01056174
-0.00867665
-0.00087783
-0.01772839
0.00855775
0.01825646
0.0117909
0.00093278
0.0131651
-0.01594822
-0.00819953
-0.00548829
0.0042012
-0.00900794
0.0063868
-0.01292362
0.01083463
-0.01470541
-0.00828774
0.00394891
-0.01357641
-0.00964577
0.00435057
-0.0206899
-0.00358399
-0.00368201
-0.00142449
-0.00829043
-0.00065549
-0.00153651
-0.00041757
-0.00478618
-0.00057586
0.01277294
-8.74e-06
-0.00187507
-0.0118074
0.00889868
0.00224661
-0.00173037
0.001006
-0.00889577
0.00821809
0.01093253
-0.00215653
-0.01008326
-0.01347505
0.00492976
-0.014131
0.01702994
-0.00258006
0.00169907
-0.01464783
-0.00474273
0.00976564
0.006797
-0.00387413
-0.00061636
-0.02217078
-0.01590131
0.00918962
-0.00151407
0.00356077
-0.00194593
0.00148832
-0.00221095
-0.00454425
0.00292787
-0.01217914
0.00299376
-0.01080662
0.00642475
0.00555648
-0.02206764
0.0042403
0.01574964
0.00588089
0.00950826
0.00963089
-0.00199908
0.00389083
-0.00415265
-0.00840615
0.01135615
-0.00586939
-0.0177422
-0.00940539
-0.00035923
-0.00499233
-0.00190079
-0.00788112
0.01075771
-0.02475802
-0.00524797
0.00256946
-0.00257899
-0.00862214
0.00476995
0.00270981
-0.00412101
0.00237323
0.01104155
-0.0026775
-0.00763064
-0.00045537
-0.00977257
-0.0017456
-0.01368282
0.00544441
-0.02124093
0.00093582
0.01573148
-0.00410061
