#Number of photons observed douring the burst: 31926
#Average flux [c/s]: 1319.9106995204233
#Average variability: 0.04590300121922689
#GRBbn100420008 temporal parameters: 
#                                   T_detection(MET)= 293415128.598578 s
#                                   T_start= -2.032 s
#                                   T_end= 22.156 s
#                                   CCF campionation= 1e-4 s
#                                   Fit amplitude= 3.0 s
#                                   Used detector= 3 GBM
#                                   Variable bin size= 10 ph/bin
0.00148637
0.1020082
0.05175531
-0.06621539
0.06859161
0.26032876
0.36629968
-0.25938193
-0.04666408
0.07998811
-0.22034748
-0.05685672
0.27634664
-0.52380595
-0.20482709
-0.06597719
0.23283984
-0.40439847
0.14731285
-0.27532755
0.12771985
0.0644603
-0.04792501
0.08297767
-0.0899993
0.43593451
0.31612202
-0.18186098
0.03687786
-0.15429525
0.30358894
0.29515404
0.37047871
-0.13921236
-0.03236385
-0.01272129
0.17747515
-0.12390838
-0.00946867
0.15428899
0.08546828
-0.22917337
-0.24915316
-0.25328743
0.22798299
-0.03267005
-0.66983181
0.28028434
-0.00315755
0.02600038
-0.07389299
-0.36114178
0.29745467
0.31979307
-0.25169939
0.23227489
0.31874529
-0.17811789
0.05967953
-0.21448383
0.49943833
0.0123338
-0.48037759
0.15070532
0.40977481
0.30383753
-0.09782491
-0.09967462
0.21540934
-0.27894716
0.02454263
0.13680579
-0.03019143
-0.18879285
-0.03095463
-0.41438346
-0.30033285
-0.47917444
0.26035715
0.39883463
-0.2272468
-0.14395771
-0.16427749
0.16419804
-0.28820468
0.11632051
-0.24698036
0.14156313
0.17485285
0.22618487
0.11583824
-0.26199558
0.12428633
0.04345232
0.23312754
-0.00488287
-0.27054831
-0.21267847
0.00324484
-0.34521311
-0.08068825
0.24142589
0.28367344
0.36823178
0.1680915
0.06527317
-0.23093404
-0.07415059
-0.10774487
0.35649907
-0.35007506
0.30534938
0.10168757
0.23971986
-0.19027761
0.10190747
-0.27178595
0.3184453
-0.06499987
-0.1489125
0.16519417
0.25663831
0.11097562
-0.16599864
-0.07921474
-0.15947455
-0.17914286
-0.23864421
-0.21638572
-0.1075302
-0.2847032
0.16852856
0.42676517
0.02712362
0.1202847
-0.08585941
-0.30597573
-0.08122747
-0.14581657
0.17793668
-0.4736835
0.05589028
-0.32137644
0.33416297
0.08623403
-0.03039154
0.05493498
0.13813017
0.219359
-0.16192823
0.7282437
-0.38906421
-0.09652762
0.50928415
-0.56790101
-0.03268081
-0.0063286
-0.04853609
0.49059551
0.00682402
-0.28866322
-0.1609212
0.23062288
-0.26347589
-0.1007502
-0.48571521
0.01667893
0.12928497
0.0874589
-0.70304837
0.38185469
0.50591448
-0.29788275
-0.06027895
-0.30867567
0.30388854
-0.03240379
-0.07352167
-0.34077656
0.09030912
0.24043551
-0.16036244
-0.20218546
-0.55663627
-0.03030663
0.07059773
-0.04369655
0.53907962
-0.40973783
-0.05808316
0.19153686
0.11924222
-0.54210426
0.14947442
0.22968735
-0.13726493
-0.18245696
0.01660463
0.28102604
0.1275683
-0.41785836
-0.01516982
-0.1340989
-0.3104624
-0.06838657
-0.25370456
0.02210163
0.16554553
0.0059758
-0.15555267
0.33190913
-0.08501438
-0.28035951
0.06201944
0.16579279
-0.14418928
0.14324073
0.0358998
-0.33440695
0.05375018
0.03002805
0.29969423
-0.36004658
-0.44706011
-0.04982
-0.13581467
0.40829046
-0.10182411
0.11702005
-0.24376742
-0.26758286
-0.01487455
-0.26232713
-0.30686622
0.4975149
0.1614721
-0.09300603
-0.70846535
-0.12714048
-0.18254216
-0.00087927
0.40163646
0.01342839
0.4656867
-0.06882893
0.14573789
0.11591964
-0.3297822
-0.43146838
-0.1756698
0.03604539
-0.22991649
0.66336218
-0.30392445
-0.44815712
0.25900332
-0.24122236
0.33163703
0.7217054
-0.27038769
0.00430045
-0.35563863
-0.50344532
-0.00594345
-0.20900304
0.26965233
0.09996038
-0.26122472
-0.1867964
0.34722482
0.08551826
0.41293219
0.47597985
0.1978238
0.09948459
0.55332607
0.02242255
0.38566179
-0.23476274
0.09465712
-0.00646318
0.27004313
0.49302824
-0.06361289
0.42619815
-0.14341012
-0.00246228
0.09807157
0.16447592
0.1078911
-0.07358267
0.05210026
-0.24219485
-0.18608248
-0.20151926
0.24295367
-0.06910289
-0.10729358
0.32479949
-0.40387806
-0.31677179
0.01830337
0.3208096
-0.22462447
-0.22661623
0.44720365
0.50902777
0.38988313
0.25199679
-0.28370012
-0.17795631
-0.03117073
-0.16620216
-0.07176936
0.28894675
0.2684333
-0.20681075
0.0530519
0.0595031
0.1858108
-0.19435507
-0.05417387
-0.10867236
0.25734606
0.33579922
0.10550195
0.19093353
0.28755869
-0.10563376
0.03609003
-0.3212719
0.16478866
0.13317193
-0.02319595
-0.02789271
-0.16070258
-0.63514896
-0.11397239
0.07447792
-0.12127422
-0.37178461
-0.43548649
-0.24611497
-0.24511061
0.04275898
0.36889604
0.1134156
-0.34970972
0.25505848
-0.2039613
-0.24893128
-0.13344298
-0.2080239
0.39179792
0.25015373
0.30555875
0.06716408
0.25125988
-0.24043559
-0.34143274
0.06577195
0.57921497
0.40172054
-0.02112295
0.11118288
-0.51952693
0.41449517
0.76718518
-0.55241206
-0.06458124
-0.29248682
0.08972766
0.10731211
-0.08141873
0.3325349
0.308503
0.05567284
-0.17076556
0.12273977
-0.18533339
-0.35204575
-0.12630851
0.19587047
0.18420411
-0.30148771
0.1726037
0.01197436
-0.18787182
0.37206686
0.44302378
0.19462455
0.42809994
0.30510903
-0.26081202
-0.13058354
-0.19195016
0.33944912
-0.23748236
0.34305357
-0.09330461
-0.00828315
0.22244093
-0.2639055
0.26487041
0.09482604
0.08681228
-0.04911096
0.8086897
0.11475529
0.16025884
0.07384279
-0.00840938
0.53651658
0.13011314
0.43450174
-0.32086049
0.07754727
-0.19936971
0.11625867
0.34292421
0.21868076
-0.22156064
0.51317202
0.12672085
-0.69340952
-0.05585174
-0.1681969
-0.11924317
0.00825388
-0.03761657
0.24697279
-0.13551813
-0.31518617
0.22580853
0.20517596
0.01965491
-0.27077322
-0.30281002
-0.46219901
-0.06874017
-0.21114941
0.42964531
-0.29649824
0.02873402
0.17211267
-0.17106172
0.03392558
0.35485145
-0.01304852
0.65466577
0.28259953
-0.02364325
0.12005025
-0.1912318
-0.37322583
-0.25783329
-0.29126872
-0.54836487
0.25964084
-0.16002418
-0.33680561
0.12432393
-0.03522873
-0.31090696
0.06564219
-0.43911844
0.08959462
-0.21581819
-0.39076413
-0.10655225
-0.16544121
0.37175088
-0.28931276
-0.01393485
0.33529039
0.29734507
0.05731937
0.09434581
-0.58020173
0.16883452
-0.24552051
0.29922841
0.00650413
0.02680507
0.44341371
0.20945262
-0.08750409
-0.26597375
-0.04324394
-0.22101293
0.33681344
0.56202658
-0.23999915
-0.21061133
0.28563563
-0.2183157
0.59116442
0.05436051
0.34242765
-0.22332426
-0.11184218
0.04422308
-0.14684907
0.28578431
-0.38977558
0.27328757
-0.07723955
0.38420317
-0.35541193
0.02670438
0.33559671
-0.14330669
0.18217386
-0.31597972
0.19641385
0.10570227
-0.16761827
0.34325858
0.15158496
-0.103198
-0.22373024
0.40891969
-0.17913686
0.04044988
0.22710687
0.11086905
0.39174441
0.32092248
-0.26962154
0.15635387
-0.05035845
-0.32611056
-0.2401043
0.23706285
-0.28418802
0.27869396
-0.37665751
-0.10284005
0.0381578
-0.11382269
-0.16613042
0.04086702
-0.21762693
0.31643034
0.47305446
0.12415908
0.220933
0.38317689
0.31888373
-0.54636184
-0.32026425
-0.38322728
-0.2502829
-0.14329081
-0.622585
-0.06033422
0.32272683
-0.20381493
-0.45878674
0.04989066
0.34420386
-0.2467976
-0.24871528
0.0013078
0.3491616
0.35616126
-0.33103417
0.15587022
-0.0937536
-0.10921614
0.67032583
-0.51180557
0.02239307
-0.08389058
0.01175554
-0.04445791
-0.1336149
0.29198727
-0.17924428
0.26121811
0.08795121
0.54864374
0.08411728
-0.12656395
-0.172148
-0.06980613
0.5640612
-0.18780689
0.3144805
-0.19851681
0.01697043
-0.09864201
0.14782944
0.28160321
-0.1029034
-0.56996121
0.30369103
-0.00198725
0.12379916
-0.00141855
-0.04100775
0.0466449
0.08663137
-0.01008888
0.09038889
-0.16927809
-0.51072308
0.00988182
0.20632122
0.48109581
-0.28361051
-0.00140619
0.2837544
0.04907079
-0.17492224
-0.12501704
-0.41837245
-0.26133702
-0.4402542
0.2590505
-0.00690372
0.12334999
0.01948589
-0.11406905
0.3047019
-0.52301833
-0.1883371
-0.1393478
0.14365748
0.19420608
-0.24513025
0.18798406
0.23217086
0.27272695
-0.24421586
0.26582775
0.27144985
0.05877559
-0.21731889
0.27534733
-0.18458504
-0.28382495
0.16473248
0.37894548
0.4670243
0.25330198
0.32356744
0.34551751
0.13041441
0.15544899
-0.01835559
0.26981379
-0.4723544
0.04769256
-0.06231847
0.00691655
-0.07345757
-0.31015287
-0.27900689
0.17238946
0.03568578
-0.19530821
-0.5072799
-0.46264498
-0.18283854
0.15842691
0.05946592
-0.15885725
-0.14335221
-0.30274219
0.36394447
-0.28997822
-0.26231993
-0.14312291
#999
0.25271187
-0.11077514
-0.27717115
-0.42912543
-0.04471534
-0.15333673
-0.45300112
0.21849619
-0.01387187
0.45927765
-0.29987651
0.00360177
0.05186016
0.03820674
0.11835434
0.50248438
0.12025929
0.27231561
0.05337053
-0.22020221
-0.05501004
0.01732776
-0.36802055
-0.12540057
-0.20696268
-0.07462336
0.15504478
0.059286
0.01029096
-0.01510373
0.37406817
0.25076095
0.20410948
-0.53131261
0.96971087
-0.17322412
-0.0569522
-0.14779604
0.3960971
0.27895973
0.16303994
-0.06578381
-0.29765983
-0.14024862
-0.00830774
-0.3175045
-0.0539353
-0.3465346
0.07149201
-0.02475166
0.45933229
-0.19003907
-0.1069402
0.01847335
-0.11667438
0.48730129
-0.22867559
0.34689325
0.14723826
0.1445396
0.08840466
-0.15537475
-0.38660182
0.38305911
0.1688939
-0.26171357
-0.04224914
0.11388101
-0.15980166
0.40147598
-0.04819453
-0.28656944
0.34009612
-0.38733916
0.24820305
-0.19587397
0.01611986
0.29377352
-0.28137996
0.0471861
0.09472176
-0.45949204
-0.22765909
0.33050665
0.24213258
0.44192707
0.52218465
-0.0558117
0.1918583
0.07083731
0.1750153
0.05729223
0.00466372
-0.14244521
-0.28873865
0.17000766
-0.01570076
-0.21324205
0.06798848
0.09943083
-0.27421287
0.16551276
0.07221599
0.15344065
0.08062263
-0.01562574
-0.21107808
-0.12192517
0.10964941
-0.49874859
0.17583013
0.0703717
0.16358198
0.30084173
0.03464201
-0.08657701
-0.55529495
0.07684041
-0.32981327
-0.24744438
0.19644479
-0.15020178
0.15161127
0.20551832
0.29362582
-0.15273959
0.36490064
0.03606978
-0.14696253
-0.42387276
0.4644526
0.56364701
-0.0440239
0.09708796
0.13206237
-0.00964081
-0.13257557
0.53485069
-0.32216669
0.19866559
-0.519804
0.39613512
0.04049075
0.28661391
-0.28012979
-0.08528389
-0.02066365
0.59309936
-0.11331009
0.53432383
0.21533333
-0.22731111
0.18446011
0.41132197
0.36830583
-0.2290187
0.02028887
-0.06578663
0.2477068
0.21073256
-0.14224582
-0.40044933
0.12307664
-0.10689229
0.0125897
0.33274672
-0.42786243
0.14400326
-0.30968575
0.06988473
0.1079589
-0.09406556
0.09954727
0.22354248
-0.0644403
-0.16426753
0.06543881
0.20166653
0.083228
-0.34457218
0.22971794
-0.07175418
-0.30847094
0.30970897
0.3021104
0.1182857
0.01461846
0.22831187
0.07692529
0.52878694
-0.09606489
-0.24196412
-0.15202226
-0.30066431
-0.0447345
-0.0100832
-0.04907973
0.05396664
-0.10518406
-0.19090894
-0.03039313
0.1143207
-0.00567548
-0.25502722
-0.04456655
0.37126117
-0.09399546
0.54280776
-0.01111213
-0.1775656
0.43068222
-0.31202845
0.16118884
-0.09861995
-0.55035671
-0.24549309
-0.31565796
0.13187134
0.07551493
-0.19049697
0.33219296
0.01796569
0.21694665
-0.26263881
-0.19476091
-0.33118108
-0.00131224
0.09562183
-0.16732598
0.07390262
0.27635323
0.33084485
-0.07902452
-0.04370938
-0.24752988
0.07286884
0.40579126
0.18158715
0.11128879
-0.07397329
-0.34566239
0.172093
0.26739095
0.01491618
-0.20074749
0.19133444
0.11030299
0.05138764
-0.10678381
0.44941415
0.26889378
0.52854769
0.03973928
-0.14239412
0.17953797
0.0344733
-0.08234399
0.18783826
-0.25273984
-0.31256455
-0.0284586
0.06584281
0.02576774
-0.50130822
0.02037763
-0.32960476
-0.15980479
0.09554765
-0.24698962
0.28403266
0.29596017
-0.07336703
-0.023349
0.27348553
-0.05708676
0.33177732
-0.15052026
-0.25066103
-0.02399981
-0.38232812
0.30786021
0.16546577
0.07960644
-0.04411384
-0.03506766
0.01069994
-0.18180753
0.45733302
0.02677075
-0.21553727
-0.02857932
-0.20109043
0.03883558
-0.01123638
0.67232773
-0.53412602
-0.36041542
-0.07932392
0.1499222
0.26704929
-0.06719777
-0.13235707
0.41621873
0.09710624
0.07107713
-0.17865318
-0.0920256
0.37175839
0.01049023
0.31398526
0.10457269
-0.15558586
0.21397288
-0.17040819
0.07481692
0.25813201
0.11359023
-0.13714013
0.09965688
-0.27866868
-0.17734542
-0.52017246
0.20865245
0.09808589
0.09716684
