#Number of photons observed douring the burst: 98318
#Average flux [c/s]: 1251.9960778820562
#Average variability: 0.015133992465896086
#GRBbn100519204 temporal parameters: 
#                                   T_detection(MET)= 295937604.706902 s
#                                   T_start= -7.218 s
#                                   T_end= 71.311 s
#                                   CCF campionation= 1e-6 s
#                                   Fit amplitude= 5.0 s
#                                   Used detector= 7 GBM
#                                   Variable bin size= 10 ph/bin
0.02018566
0.62175213
0.15392825
-0.17262554
-0.41361962
-0.20199279
-0.27749123
-0.31451522
-0.39517387
-0.00160163
-0.68249904
-0.02318831
-0.5566549
0.44824315
-0.28911801
0.40502267
-0.0543951
0.48703636
-0.0511836
0.24998339
0.55388931
0.34764725
0.29734678
-0.06406522
0.21188047
0.45636144
0.09404465
-0.29241762
0.15105271
-0.34806652
0.19915035
0.16014798
-0.36854633
-0.1892469
0.51604814
-0.34052294
-0.21350777
-0.0243041
-0.01714091
-0.26321196
0.78357539
0.18115767
0.03265047
-0.02001701
-0.13707054
-0.13817851
-0.02827571
-0.32118076
-0.08272082
-0.26536107
0.24912757
-0.34680786
0.09796295
-0.17973799
0.09642128
0.42915096
0.21572891
-0.06880852
-0.34761433
-0.22404256
0.42032192
0.43001404
-0.0250347
-0.34004383
-0.12873139
-0.08871956
-0.02969427
0.25337721
0.35240878
0.47031348
-0.11982913
0.13356082
-0.28298164
0.0805686
0.60535476
-0.17741406
0.27215407
-0.27350996
-0.03048138
-0.04504778
0.13771059
-0.20842917
0.2310875
-0.17818559
0.13834261
-0.30666926
0.19937647
0.55647307
-0.26429785
-0.2040159
0.13488112
-0.44908093
-0.18690791
0.06680417
-0.35236513
0.14065364
-0.32350341
0.06373357
0.63082662
-0.02092551
0.00372314
0.25935985
0.08748862
0.39503414
-0.10697368
-0.6349924
0.36000581
-0.2116352
-0.21891006
0.44621946
0.38731289
0.36573386
-0.33106814
0.18098512
-0.01209752
0.34334979
0.25442096
0.12975325
0.16326191
0.12286626
0.05811266
0.22510598
0.26884751
-0.31514786
0.84968126
-0.31294558
0.09150252
-0.58084634
0.22454514
0.25229715
0.33034545
-0.31547026
-0.04477992
-0.05591971
-0.38378012
0.09205058
-0.11599734
0.57773344
-0.73215507
-0.39655747
-0.60003064
0.1364535
0.35548172
-0.2451807
0.19533233
-0.12140705
-0.34980699
-0.3212468
0.01787429
-0.00916986
0.36231233
0.00509178
-0.18922157
0.20144836
-0.16157398
-0.23059226
-0.13777866
0.04414957
-0.08897373
0.1688164
-0.29096856
0.01002373
0.08726409
-0.65735659
0.36671968
-0.64339928
0.26501637
0.50540977
-0.09617844
-0.45129783
-0.59100295
0.45330881
0.37897259
-0.17228791
-0.19528914
0.22789196
0.0439996
-0.51976743
0.34717098
-0.0765414
-0.4776086
0.07567394
0.00419242
0.87729218
-0.07628944
-0.17616859
-0.11460317
0.43543815
-0.11016204
-0.29777038
0.06021898
0.25672556
0.58993181
0.21096275
-0.03064484
-0.00331673
-0.04068153
-0.21552612
0.29571652
-0.22260332
0.37824375
0.19908594
0.32482504
-0.13700876
0.24444748
-0.2465615
0.29454167
0.10023634
-0.02833928
-0.08346821
0.19393113
-0.15847344
-0.2175166
-0.12433248
0.25318237
-0.01206797
0.18870785
-0.04828627
0.07816778
0.40977008
0.08353047
0.36517158
-0.00914272
0.39140364
-0.04070967
-0.06380632
-0.14839033
-0.43811716
-0.09713959
0.24781922
-0.30336697
0.26953968
0.11906954
-0.72082858
0.01870796
0.31900677
0.05165935
0.16164196
-0.15079652
-0.11348263
-0.64208532
-0.15838825
-0.09251464
0.15533438
0.26602373
0.25607005
0.40369612
-0.04507396
0.11099032
0.0663257
0.38707327
-0.12390232
-0.01593196
0.45401922
0.00761013
0.2241734
0.51779751
0.02194442
-0.28444076
-0.20234345
-0.04819956
-0.23552297
0.55085166
0.13445605
0.03656306
-0.1365208
-0.1572889
-0.19139692
0.00425635
0.40858661
0.42585226
-0.36969694
-0.777205
0.50681875
-0.40547559
0.32741713
-0.30054078
-0.29320582
-0.36910455
-0.04896078
-0.16295503
-0.41592977
-0.10088407
0.10251887
-0.39713987
-0.29147928
0.24615996
-0.36504671
-0.26369271
-0.4472021
0.32408552
0.35847276
-0.05472956
0.23189581
0.0998876
0.64172003
-0.05271159
-0.51292471
-0.4385799
-0.03994213
0.1972841
0.37107018
0.11230029
-0.1352814
0.13362829
-0.37665964
-0.07728886
0.41673548
-0.37148107
-0.51978604
0.29952245
-0.13121085
-0.34322777
0.10062457
0.60112094
-0.17698668
0.41819286
0.14044217
-0.00379039
-0.53890145
0.1644665
-0.08922899
-0.05154262
-0.31884447
0.20140344
0.30069466
-0.13361831
0.45235922
-0.07219777
-0.02091157
0.39693844
-0.10771511
-0.41703324
0.03540407
-0.24600837
0.37767552
0.00482614
-0.25760322
0.01718852
-0.45792905
0.31838654
-0.27389631
-0.36497353
0.00420722
-0.18823004
-0.31860495
0.10957441
-0.32159154
-0.34917193
-0.17387248
0.13754716
-0.15705984
0.26227189
-0.3427675
0.23970405
-0.29919452
0.2874533
-0.4089981
0.38205541
-0.0767083
-0.31497737
-0.46969336
0.02979803
-0.19156385
0.12431035
-0.05014064
0.24388298
0.03993704
-0.04115004
-0.04580617
-0.32018926
0.13650906
-0.06952893
-0.18499842
-0.43297303
0.14501317
-0.08461967
0.19782382
-0.25002316
-0.09076248
-0.49047776
-0.20897576
0.29580509
0.17017542
-0.28258562
0.0317336
-0.46929552
-0.01416692
-0.17897486
-0.02403116
-0.02530036
0.13588529
-0.68134851
0.35182148
-0.13528488
-0.16553528
0.77307245
0.07314393
-0.12455087
-0.59774408
-0.19039949
0.08507923
-0.49439804
0.07876963
-0.05696722
0.07071589
-0.18553716
0.103551
0.16488288
-0.16997448
-0.30822633
-0.12931466
-0.17150201
-0.07403868
0.12366991
0.34469592
0.19214597
-0.12332103
-0.05085015
0.08783462
0.13123881
0.35427066
-0.22920639
0.43116626
-0.05539547
0.14914539
0.0021092
-0.39774493
0.1697282
0.11382418
0.44941767
-0.15123352
-0.48270664
-0.29640558
-0.68351763
-0.02317422
0.08472995
0.08944449
-0.29739828
0.47930528
-0.14136171
-0.28455867
-0.62666504
0.26626636
-0.20377656
-0.29013359
0.11864679
-0.02519024
-0.6425622
-0.22237401
-0.02359703
-0.04930315
0.32989218
0.14754284
-0.18363076
0.09611982
-0.25439499
-0.03560103
0.02404365
0.12921389
-0.15201674
0.13421025
-0.43565059
0.29519728
0.08954207
0.18762235
0.02194715
-0.491787
0.03099042
0.06966813
-0.32039118
-0.40657395
-0.16061098
0.01317897
-0.09852272
0.02027777
0.21414672
0.14353075
0.17736242
0.20720604
-0.0186044
0.66507328
-0.25332347
-0.07368721
-0.01521432
-0.16050261
0.078337
-0.0206359
0.05759195
-0.28472588
0.13105668
0.03997104
-0.09600532
0.02866784
0.10255925
0.34369447
-0.62424021
-0.12351912
0.19322865
-0.15804657
-0.25365743
0.13387283
-0.01544877
-0.21279693
-0.09633341
-0.2414271
0.25120283
-0.42378841
0.059433
-0.31385366
0.17455063
0.09608426
-0.22659388
0.50933154
-0.07318018
-0.5499403
-0.20449428
-0.37021139
-0.00469701
-0.80950016
0.26950777
0.0079093
-0.22000654
-0.35730138
0.12348955
0.09710172
-0.27495401
-0.21245221
0.40503239
0.31735731
-0.09471419
0.13384151
0.4191878
-0.2850876
-0.29581826
-0.11904216
-0.08675233
0.04976861
-0.10412331
0.33559584
-0.25826955
0.68462799
0.34385369
0.113547
-0.67738663
0.06313817
0.14858557
0.07685137
-0.16264173
0.05332083
-0.21993232
-0.2141253
0.27319464
-0.57158702
-0.5045634
-0.077041
-0.444719
-0.61735746
0.19529307
0.08430479
0.29265144
-0.20060029
0.05509016
0.01410229
-0.31773797
0.21507073
-0.38053
-0.35169445
-0.00782249
-0.09919355
0.26953562
-0.09423265
0.05450188
-0.39391677
0.1301241
-0.10177137
-0.1176773
-0.00771571
0.1901516
0.55209273
-0.46180477
0.19996976
0.09936874
-0.42167299
0.22136548
-0.00745001
0.02625897
0.57824308
-0.05878668
-0.34581945
0.18018257
0.00828284
-0.44460421
-0.27027075
-0.28086017
-0.23309524
-0.30376955
-0.35887321
0.15919257
0.49605924
-0.21285733
0.18450534
0.37495071
-0.32128533
-0.52682685
0.106941
-0.23639735
0.30690487
0.26823382
-0.34504415
-0.14756614
0.32361762
-0.0678871
-0.02175399
-0.05525504
-0.19203257
0.3615799
-0.0312925
-0.04801592
0.43497576
-0.1773311
-0.17008542
-0.17056896
0.19175671
0.07415031
0.34028513
0.00637433
-0.09817155
-0.57696576
-0.09679935
0.01701373
-0.08251808
0.01243853
-0.68400241
-0.05587312
-0.09706101
0.53696199
0.61647821
0.15039126
0.21144509
-0.0766978
-0.74996343
0.28096132
0.31921434
0.32460643
0.1318835
0.06602914
0.174807
-0.06474132
-0.13044351
-0.17859191
0.20367953
-0.24454942
0.14698436
-0.08966953
-0.33911969
0.28671123
-0.01108951
0.23512731
0.24144699
-0.3605837
0.02164755
-0.1257796
-0.02935706
-0.26720671
0.2248182
0.09453853
-0.12504561
-0.03600198
-0.57032305
-0.13830058
0.3881781
0.08421336
-0.37353833
-0.1525174
0.07099985
0.14669149
0.10843597
-0.59848581
0.12790083
0.27193678
-0.04655902
0.05932406
0.10708368
-0.19355984
-0.19825997
-0.30423464
-0.15738127
0.55102084
-0.4619864
0.13903119
-0.06642026
0.06579807
-0.95744268
-0.0459817
0.06609079
-0.34771663
0.31311156
0.51794133
-0.24205436
-0.23160282
0.02553543
-0.21760569
0.42932074
0.17878726
0.00905423
-0.19935418
-0.14919332
-0.05300649
0.44736664
0.28754215
0.18119681
-0.11261405
0.06268503
0.31311016
0.52563552
-0.03673158
0.00590651
-0.48354717
-0.03641727
-0.15663566
0.22254343
-0.02683166
-0.01503107
0.43091095
-0.01228056
0.11120003
-0.14196761
0.45173375
-0.43034874
-0.54632232
0.04170489
-0.05602506
-0.037037
-0.08913448
0.56310491
0.16641591
0.32342762
0.27434318
0.70975687
-0.38038796
-0.12383553
-0.14943877
0.11911746
0.27074557
0.167102
0.31695685
-0.2233516
-0.25715809
0.44114184
0.30946759
0.0906882
-0.27374856
0.07205955
0.17010581
0.22375227
0.59087253
0.14468763
-0.65559259
0.06328944
0.16653325
-0.31160747
0.45319498
0.38660292
0.06200997
0.16680698
-0.08560451
-0.13671982
-0.0077529
0.16560162
-0.0908265
0.2617213
0.1066504
-0.35300784
-0.00230623
-0.14683252
0.14324588
-0.4121415
0.16329364
-0.29447956
0.00102499
0.17749445
-0.25981153
0.18082762
-0.2838381
-0.0059417
-0.13038606
0.12312298
0.24344991
0.43691702
0.21854273
0.13556864
-0.38472344
0.35619441
-0.65238576
-0.25523085
0.17767691
0.4103027
0.09929374
-0.45752008
-0.45238659
0.15034073
0.37988231
0.2382097
0.41038812
-0.20301083
0.36443636
-0.2879336
0.3497586
0.25438173
0.27095515
-0.40152237
0.75186112
0.25744346
0.17493898
-0.02306709
0.20930877
0.38948282
0.39888251
-0.2420323
0.3396742
-0.22910901
-0.61530665
-0.02772528
-0.16351479
0.07913179
-0.18648736
0.45374786
0.07870205
-0.24134076
0.3189932
0.39877387
-0.2349949
-0.05726524
-0.07298267
0.17527819
-0.27464704
0.44641329
-0.07874396
-0.14259874
-0.61301403
-0.03266237
0.43443111
-0.25466965
-0.52766886
-0.01014624
0.0025203
-0.1703234
-0.24189787
-0.54961586
0.41680917
0.08036469
-0.13902121
0.347909
0.2256484
0.00066051
-0.22838687
-0.08114511
-0.18349674
0.32443585
-0.23065741
-0.13727097
-0.10487371
0.12073556
0.53706227
-0.15874952
0.48659976
-0.10965856
-0.1493593
-0.30772254
-0.21430868
-0.19024385
0.50400152
-0.39332397
0.43420042
0.24212077
-0.18286535
-0.59361125
0.42626514
-0.08337223
-0.18512777
-0.1208316
-0.26062585
0.15694889
0.16751494
-0.55615462
-0.17353896
0.09587842
-0.26244688
-0.07367673
0.1646697
0.02036023
0.45751883
-0.37585211
-0.46440531
0.06378089
0.27092087
-1.225e-05
-0.16813795
-0.12843875
0.29068758
0.011343
0.17753986
0.00196506
-0.15475688
-0.17819213
0.22264839
0.03324118
0.20596339
-0.7191338
-0.10376797
0.0577297
-0.23441035
-0.71361542
0.10502865
0.46069921
0.71907665
-0.21631372
-0.14500015
0.37274172
-0.10374392
-0.34286857
0.16170752
-0.04542962
-0.13150661
0.00124344
-0.32781067
0.02007631
-0.09871293
0.16107705
0.30711431
0.10988287
-0.56569696
0.42954018
0.32964638
-0.41775723
0.04355688
-0.04608832
0.35264995
0.47004018
-0.54831189
-0.45215458
0.40365928
-0.28642996
-0.16497228
-0.07140039
0.37207813
0.16619191
-0.02305164
-0.0031637
0.05393488
-0.03737637
0.29510129
0.22201014
0.17788101
-0.43716044
-0.04682521
0.22151438
0.0231588
-0.32737669
0.24879332
-0.16269042
0.14993959
0.28790802
-0.3488509
-0.07242986
0.20620704
0.17202227
-0.050739
-0.18050335
0.42020058
0.04001221
0.13061851
0.15110831
0.14338095
-0.065711
0.24198346
0.54313435
0.14663584
-0.33591299
-0.16419772
0.00433109
0.15482809
0.30916474
0.22751115
0.02008308
-0.67936183
0.12620314
0.01795096
0.61695321
0.18430534
0.51431826
-0.31598099
-0.24436411
0.09911856
-0.01402667
-0.49242979
-0.25853311
-0.35060195
-0.22471182
