#Number of photons observed douring the burst: 48457
#Average flux [c/s]: 1178.5436326490903
#Average variability: 0.02812802501914183
#GRBbn101227536 temporal parameters: 
#                                   T_detection(MET)= 315147108.193 s
#                                   T_start= -6.304 s
#                                   T_end= 34.812 s
#                                   CCF campionation= 1e-4 s
#                                   Fit amplitude= 0.28 s
#                                   Used detector= 7 GBM
#                                   Variable bin size= 10 ph/bin
0.00558892
0.04332405
-0.03260758
0.03961331
0.00313765
0.05481758
0.04064207
0.02047232
-0.03008554
0.01243001
-0.02298104
-5.627e-05
-0.02673204
-0.00742992
0.03342478
0.05339389
0.01675763
0.01429267
-0.02768237
0.04481846
-0.01474162
0.01915068
0.00095449
0.03519774
0.01149279
0.0386839
0.01477858
-0.00979132
0.00714109
-0.02479067
-0.00152296
0.02908722
0.03922921
-0.00326658
0.02597146
0.00098234
-0.02079779
0.02122413
0.02298805
0.0174705
0.02234299
-0.0005247
0.01706235
0.0076944
0.01598622
-0.02782884
-0.01349685
0.02265488
0.03640373
-0.02791884
0.01526757
-0.21353997
-0.03738243
-0.02121717
0.01508616
5.463e-05
0.04776755
0.02487213
-0.01118972
0.25046274
0.01099899
-0.01345161
0.01633163
-0.0257781
-0.00251955
-0.00134188
-0.00962642
0.01457336
-0.0399858
-0.01801039
0.01162375
-0.04917687
0.03368233
-0.00249372
0.00959962
0.03148836
-0.0334097
-0.00252941
-0.01384246
-0.0105084
-0.02455478
-0.03806345
0.0222666
0.04696538
-0.00250108
-0.02947929
0.00496991
0.05576251
-0.02694741
0.03328115
-0.02227792
-0.0258503
0.00955938
-0.03516761
0.00441871
-0.03027648
-0.00581927
0.00397202
-0.00026198
0.03692532
-0.0313801
0.01842817
0.02933825
0.03116177
-0.02421425
-0.02917987
-0.00799424
0.217523
-0.00672558
0.0344904
0.00156365
0.01424679
0.0300475
0.00671349
-0.0531403
0.00611567
-0.01852549
0.03040626
0.03008853
0.00035669
-0.01372996
-0.00227751
-0.02965347
-0.01926836
0.02196656
0.03863997
-0.02395394
0.00200895
-0.01898749
-0.00180639
0.01918679
0.01356902
-0.00643597
0.04370855
0.00318411
-0.01368637
-0.00072887
0.03029766
-0.01836211
-0.02663976
-0.02380118
-0.01304833
0.02197558
0.0100104
-0.02475536
-0.13679724
0.00360853
-2.969e-05
-0.02521561
0.03236904
0.00221479
0.03485336
-0.02416314
-0.01087378
-0.01456876
-0.05106487
0.01342141
-0.03044493
-0.00216843
0.01388395
-0.00465964
0.05137851
-0.03314037
-0.02393821
0.00441686
0.00253472
-0.00575206
-0.01033342
0.01393622
-0.00883618
0.01697252
-0.00666401
0.02874656
-0.02062703
0.00585767
0.01679257
0.01305999
0.00827291
0.03750328
0.00780362
0.0280301
-0.01087143
0.03588966
0.0111316
0.00825546
0.04244679
0.00668832
-0.00400922
0.03980144
0.0226345
0.02073001
-0.00537781
-0.002807
0.03839246
0.0140537
0.01490479
-0.01924265
0.01222478
0.04496795
0.0459592
-0.01384239
-0.01075422
-0.03874831
-0.02264812
0.0195896
-0.01639965
0.0221441
0.04099884
-0.03697671
0.020665
-0.00733536
0.0498831
0.01244525
-0.00628349
-0.00610613
0.00253538
0.01517696
-0.00820837
-0.00562313
-0.04224134
-0.00842268
-0.01263019
0.01634516
-0.0254246
0.01090378
0.00073167
0.0143383
-0.01537063
0.03353931
0.02611597
0.04417035
-0.02860054
0.02024735
-0.20845963
0.00620692
-0.02275776
-0.02143726
0.00922134
-0.01543926
0.01450026
-0.00498699
-0.00284395
-0.0201717
-0.00710364
-0.02478078
0.22392853
-0.01585007
-0.00658468
-0.00410586
0.00235914
-0.0009578
0.01746712
0.00178252
-0.01806439
0.00042712
-0.00030793
-0.00074207
0.03263462
-0.01434297
-0.00094302
0.00554712
0.00272721
-0.0066764
-0.01315402
0.00448221
-0.01453699
-0.0277679
-0.00806592
-0.02732492
-0.0523104
0.02941815
-0.0289968
0.00177313
-0.01573981
0.027334
-0.05684129
0.17868456
0.01194866
-0.04296296
-0.02606417
0.03338678
-0.0070585
-0.00321269
0.04926575
0.03738823
-0.00613793
0.03729932
0.02266795
-0.00128788
0.03409637
0.00219732
-0.01721844
-0.00172766
0.06954459
-0.01018542
0.01551087
0.01236002
0.02592817
-0.00538879
0.02544644
-0.01427426
-0.00255021
-0.10252106
0.02971936
0.00893968
-0.03600983
0.02192175
-0.00884742
-0.00361877
0.00086394
-0.01891811
0.04320786
-0.03245368
-0.01246289
-0.0134463
-0.00130078
-0.01171969
-0.01071145
-0.02514836
0.011005
-0.02433324
0.04382152
-0.01187463
0.00752293
-0.01236532
0.00839337
-0.01323461
-0.02021222
0.00059189
0.01577601
-0.01119683
0.04994344
0.02883602
0.00489041
-0.01015301
0.20804666
-0.01426941
0.00528112
-0.0171582
0.00263705
-0.04299379
-0.22468214
-0.04449308
0.0023469
-0.0454715
0.00297155
-0.0119458
0.025802
0.00203293
0.00431467
-0.01512481
0.01022813
-0.04535531
-0.03357207
-0.02562432
-0.02290645
0.02266508
0.02477008
0.00074898
0.02440707
-0.00738
0.04795753
0.0521052
-0.00850446
-0.01324306
0.01176023
-0.00353135
0.02160995
0.03822261
-0.0267806
0.03139428
-0.02890253
0.01378272
-0.01414628
-0.01141364
-0.02479701
0.02672352
-0.04726108
-0.0361152
0.0048689
-0.00650177
0.00035979
-0.01835071
0.02067214
0.01392241
0.02705404
0.00484886
0.02005117
0.00899404
-0.0024563
-0.05139722
0.03162091
-0.01226643
0.05227128
-0.00496568
-0.01435955
0.01451562
0.06745032
0.00106809
0.01138389
0.02384285
0.02983034
-0.01857423
0.022664
0.00624695
0.03639926
0.01096762
0.00236006
-0.01970997
0.01129737
-0.01726198
0.01362114
-0.19803579
0.02590317
-0.04151054
3.032e-05
-0.01722803
0.00453955
-0.00645223
-0.01874916
-0.02587973
-0.01676543
0.0427295
-0.03680448
0.02546136
-0.00442688
0.00914501
0.00839391
-0.02513089
0.00651315
0.02927766
-0.01296885
-0.02594567
0.00114406
0.00244215
-0.05308182
0.23016131
0.02844526
-0.03653368
-0.008596
0.00825565
-0.00727301
-0.01660069
0.00233301
0.0172846
0.00010469
-0.2093944
-0.03748091
-0.07396391
-0.01213631
0.02137141
0.01779071
-0.01739065
-0.03500348
-0.03362828
-0.02543156
0.0027304
0.02116202
-0.01015776
0.00471406
-0.00537145
0.02395797
-0.03179912
0.00668185
-0.02028711
-0.01171677
0.04735569
0.01613782
-0.00557212
0.01281848
-0.02611332
0.03812562
0.01101251
-0.03036636
-0.01685716
0.01290609
-0.00507548
-0.00154511
0.00408457
0.03603536
0.02927223
0.00399632
0.00038157
-0.01889088
0.02730008
0.03633862
0.00272482
0.00756393
0.02668431
0.01061821
0.01374312
0.05225065
0.00527772
-0.00213827
0.01708003
-0.03267402
-0.03449132
0.01505929
0.01402465
0.01717779
-0.02623735
-0.06413112
0.02956116
0.04048128
-0.01541759
-0.00408938
-0.05359975
-0.03079905
0.00764659
0.20208064
-0.07080887
0.03049228
0.01873083
-0.03164245
0.04745436
0.02955625
0.01242567
-0.02009281
0.01514086
0.03098334
0.03814087
0.01884089
0.02809924
0.04079925
-0.22348625
0.00549671
-0.00098482
-0.03555652
-0.01686292
0.04013202
-0.00559227
0.20530265
-0.00015996
-0.0185773
-0.00436079
0.01033581
-0.01531329
0.03308107
0.01817466
0.00312613
-0.01259477
-0.02660295
-0.01086588
0.03188899
-0.00981662
0.00347684
0.02393118
-0.04495321
0.02146732
-0.01636209
0.0042765
-0.0097045
0.06647195
-0.01677247
-0.02211011
-0.00385402
-0.05339017
0.02200309
-0.00363571
-0.0129825
-0.01574539
0.03687255
-0.00676468
-0.22240343
-0.00757898
0.2440282
-0.22118251
-0.00167805
-0.00322098
0.00486043
-0.02240771
0.02921067
0.00168638
0.01195339
0.00181711
0.07647198
-0.02861585
-0.02651421
0.02152288
-0.03201002
-0.0066926
-0.03595341
-0.00867876
0.00614287
0.02006373
0.02356468
0.01138141
0.03912432
-0.01149769
-0.2211757
-0.02140825
0.02517061
-0.0238929
0.03421697
-0.00639601
0.03953653
-0.02177501
-0.20109903
-0.01707589
0.02180141
-0.01804561
-0.00061809
0.03001269
0.00362364
0.01940453
0.0008824
-0.00222181
0.02396199
-0.02087737
-0.03889135
-0.01858508
-0.05329503
0.02111644
0.02192449
0.01971489
0.00183801
0.01587116
-0.02322063
0.01696816
0.01522801
-0.01474972
-0.03976381
-0.04305411
0.02043284
-0.00963117
-0.01428823
-0.0281678
-0.0040186
0.01546342
-0.03094226
-0.00823896
-0.02133411
-0.03700351
0.0208643
-0.01221847
0.03764209
-0.03466679
-0.03146153
-0.01634814
0.01020012
0.03089542
-0.01477338
-0.00586481
-0.00137452
0.00214046
-0.00511657
-0.01748346
-0.02767045
-0.23562109
0.01460417
0.06087189
-0.03033576
0.02715414
-0.00535158
0.00184934
0.02432544
-0.00416086
0.01641568
-0.02688733
-0.02729403
0.04062451
-0.23108552
-0.02355342
-0.01141775
-0.05630989
0.03241842
-0.03187199
-0.00996578
0.03673065
0.00714196
-0.00343683
-0.00255239
-0.04989014
-0.03301061
-0.00693291
0.00967365
0.02966901
0.04129908
0.02896499
-0.03039639
-0.0205547
0.01135574
0.05375446
0.01709213
0.00360574
-0.0430105
-0.00988609
-0.00132374
0.0330067
0.01735046
0.04081661
-0.00225693
-0.06086963
-0.2134148
-0.02080523
0.03850431
-0.00065959
-0.01727798
0.03096433
-0.02321953
0.03323733
-0.01943317
0.23496021
-0.03286982
-0.01231501
-0.01306034
0.0216683
0.0007536
0.02907917
0.00361526
0.00624741
0.00369156
0.00191128
-0.01841271
0.02941143
-0.0394438
-0.00157739
0.03295193
0.07601617
0.0156058
0.02712756
0.02319347
0.00265934
-0.00612221
-0.03405758
0.0216791
0.02689197
-0.01156809
-0.00713299
0.01070978
-0.00637906
-0.01228111
0.01346498
0.02355079
-0.02100295
-0.0143561
0.04285344
0.03734223
-0.01525242
0.01956931
0.01936327
0.00456787
-0.03018418
0.00079224
0.03466117
-0.00889974
-0.00150545
0.00143569
0.0081136
-0.00264259
0.03517373
0.02691223
0.03088611
0.00698116
-0.03051486
-0.03210988
-0.0150529
-0.1820177
0.00250917
0.00329577
0.01366537
-0.21426688
-0.03232444
0.02990383
-0.02105623
0.00025883
-0.02412682
-0.0607223
-0.02808335
-0.03023469
-0.02918862
0.0101483
-0.04430394
-0.01536286
0.02108044
0.03684048
-0.01954344
0.00428013
0.0055453
-0.02377988
0.00669043
-0.0084794
-0.2375888
-0.04120406
-0.04754354
-0.03803717
-0.00925994
0.0439214
-0.02234744
0.03320013
-0.00945895
-0.00214203
0.02443245
-0.04765578
0.0106449
-0.01030843
-0.20863714
0.03704565
0.01758987
-0.0054216
-0.0142084
-0.01803074
-0.0223156
0.00944137
0.02610586
0.01643654
-0.02779806
-0.0144922
-0.01646637
-0.01015698
0.00342902
0.00374098
-0.00683367
-0.01921406
0.01428062
0.05383478
0.01184269
0.04532098
0.01975878
0.01638251
-0.0062147
0.01016342
0.03611084
0.02126069
0.03463941
-0.01218583
-0.01336454
-0.03063523
-0.01005644
-0.02456386
0.01552951
-0.01606241
-0.00048859
-0.04014567
-0.01950653
-0.00323143
-0.02207987
-0.05221388
0.01163825
0.00575222
-0.01020134
0.01361898
0.00134684
0.02154757
-0.02162179
-0.04747107
-0.02001052
0.2032774
-0.00527397
-0.02080521
-0.04840492
0.01558184
-0.01151651
0.02681276
0.00672767
-0.02380132
-0.02145603
-0.00814692
0.03782395
-0.00068269
0.03076518
-0.01764912
0.00423764
0.01284152
-0.02536293
0.01751526
-0.001236
0.00952369
0.01890842
-0.02423292
0.00884281
0.01182483
-0.00940108
-0.06562156
0.01290788
-0.022159
0.01443546
0.01777634
0.00644718
-0.00096811
0.01970256
-0.02072662
-0.0462162
0.01300624
-0.02190582
0.00300852
0.00831186
-0.01179048
0.21971412
0.03720565
0.1991465
0.03111421
-0.04725217
0.00678901
-0.00186359
0.01452627
0.00071108
0.03465515
0.02039504
-0.00538391
-0.01143237
-0.01262311
-0.04981855
0.00157549
0.00470246
0.04340838
-0.19751466
-0.00345761
-0.0335499
0.00959192
-0.03278067
-0.00266674
-0.01685193
-0.21820425
0.02345556
-0.00709039
-0.02213533
0.0217689
-0.02501994
0.01603119
0.01124611
-0.01295683
-0.02146321
-0.01131645
-0.0197004
-0.00148426
-0.0186999
0.03230841
0.02682034
-0.02479077
0.01995975
-0.03768639
-0.00622959
-0.02870748
0.00213319
0.02287564
-0.02026286
0.00332849
0.01800813
-0.00864864
0.02452783
0.03890296
0.0202474
-0.00826521
0.03286629
0.0064791
0.00111542
0.00348492
0.00628505
-0.0139323
0.02397031
0.05046163
0.00992409
-0.01889419
0.01367788
0.03257775
-0.01698003
-0.00395958
0.00228874
0.02334208
-0.00757303
-0.00018891
-0.00230333
0.01281427
0.00879686
-0.01883603
0.00016708
0.03092706
-0.00870341
-0.01254425
0.01566704
0.22079341
0.0123029
0.0119791
-0.19896047
-0.03434455
0.01177522
-0.02660554
-0.02998148
0.00671486
0.01836909
-0.17941137
-0.03180838
0.0178267
0.00896601
0.0002644
0.0089466
-0.01630171
-0.02893312
-0.00566197
0.00279852
-0.02506893
-0.03238575
-0.00298006
-0.00726974
0.01501828
0.01253723
0.01535161
0.02740312
0.01187869
