#Number of photons observed douring the burst: 43568
#Average flux [c/s]: 2589.6338563956256
#Average variability: 0.06289855626750382
#GRBbn100604287 temporal parameters: 
#                                   T_detection(MET)= 297327216.814726 s
#                                   T_start= -4.045999999999999 s
#                                   T_end= 12.778 s
#                                   CCF campionation= 1e-6 s
#                                   Fit amplitude= 999.0 s
#                                   Used detector= 9 GBM
#                                   Variable bin size= 10 ph/bin
-0.25590706
0.18256325
-0.05577021
0.35580787
0.15863243
0.27651828
-0.15489232
0.26407556
0.51887194
-0.21425075
-0.15483289
-0.67629168
-0.0079146
0.61109908
-0.03535697
0.43055694
1.00113142
-0.31807272
0.20986152
0.07560202
0.08669853
-0.02527311
0.45292051
-0.54968656
0.50334009
0.20200066
0.29539945
-0.33937059
0.09008597
-0.52249581
-0.11256462
-0.17060345
-0.06476988
-0.12029351
-0.1094644
-0.53154918
-0.10914744
-0.17309754
-0.09156128
0.3378654
-0.37476267
-0.16134607
-0.08087544
-0.37345196
-0.13183681
0.13755315
0.29567886
-0.26185208
-0.22463013
0.16466374
-0.26010737
0.20558867
-0.04354673
-0.00099746
0.41756422
-0.08800197
-0.08961767
0.38215963
0.0070586
-0.34613637
0.05661046
-0.02932056
0.38566549
-0.09139434
0.29987905
0.18480378
-0.08487508
0.05864298
0.08853148
-0.82703467
0.24175193
-0.38576034
0.30241702
-0.44326788
0.05636239
0.19913479
0.01664699
-0.02272757
0.47773589
0.12592131
0.17964276
-0.06251815
0.15414518
0.05818242
0.3325261
0.0840093
-0.0085606
0.48961554
0.37147962
-0.26257531
0.08616916
-0.00752341
-0.00747763
0.24047307
0.39889594
-0.05631299
-0.06381597
0.11099261
0.28311122
-0.13368718
0.01646229
0.55578964
0.10895194
-0.83945971
0.20124806
0.18468368
0.11545839
0.71599449
-0.28894456
0.19200667
0.08342447
-0.35589769
0.19040137
0.01428032
-0.01984902
-0.07543318
-0.43612867
0.42018384
-0.40262978
-0.8152806
0.02464062
0.24012307
-0.16019027
-0.35332842
-0.65175958
-0.03467111
-0.30423534
0.22844649
-0.26034721
-0.50753853
0.03009983
-0.63999211
-0.04688146
-0.40728292
-0.04148001
-0.02218928
-0.20196988
-0.08099101
0.71479189
-0.15786429
0.25160018
-0.25400453
0.167728
-0.51963574
-0.38028824
0.05281939
-0.04382294
-0.30485501
0.52125974
0.09809883
-0.23829063
-0.08188202
0.06636539
0.28339951
-0.42975901
0.09853047
0.11342792
-0.26658655
-0.15701005
-0.50582782
0.40200812
-0.10277308
0.36602033
0.47154323
-0.03598279
-0.25962948
0.22620305
-0.21257253
0.59851584
-0.24470707
0.26027396
-0.37541161
1.03737579
0.5267961
0.22744665
-0.30928792
0.30525011
0.16866895
0.33956953
0.13708654
-0.4756326
0.07233439
-0.33816842
0.07141413
-0.27780955
0.11885247
-0.02547946
0.00906156
0.26118233
-0.44175339
0.4207451
-0.2969322
-0.06599877
-0.44143617
-0.23961906
0.43231023
-0.2126621
0.39732988
-0.23759688
0.15040554
0.02143602
-0.29214534
0.27852632
-0.01568313
-0.15570836
-0.17387839
0.68091252
0.35391822
0.20088849
0.4461948
-0.34896228
0.41966942
-0.52858976
0.14346227
0.00735942
-0.62070959
-0.2725878
0.48303893
-0.22555937
0.7215304
0.2456471
0.42249994
-0.28735608
0.12300908
0.0809933
0.38870806
-0.10591928
-0.26690637
-0.11163997
0.33752051
0.09965439
0.29622498
0.51588104
-0.04831233
-0.7040236
-0.29588807
-0.01778245
0.34428814
0.01166965
-0.03199374
-0.40109466
-0.02068795
-0.07309895
-0.10049863
-0.76468053
0.13373905
0.34505608
0.06879049
-0.23475027
0.21230071
-0.17113094
0.05245014
-0.00206479
0.21761801
-0.50622151
-0.64850779
-0.32298756
0.44883937
-0.35221841
0.18640805
0.15138204
0.32823516
-0.03728702
-0.09577473
-0.38454498
0.5158373
0.261063
0.28663659
-0.08315098
-0.44535354
0.24332307
0.82352696
-0.06592381
-0.22502687
0.06083825
0.5927489
-0.2019164
-0.01334173
0.4316854
-0.24825038
-0.04553688
0.439272
-0.00269323
-0.31608881
0.01181485
0.39577719
-0.31045115
-0.29698467
0.29808136
0.35991502
0.13331371
-0.27156527
-0.07870756
0.17899954
0.17133942
0.32957464
-0.54353071
-0.56022652
-0.5164665
-0.21106562
-0.57052436
0.2953477
0.08928958
0.27081725
0.63858162
0.17121805
0.60151726
-0.47571108
-0.10782327
0.06063068
-0.46262816
-0.43289932
0.52891212
-0.15471913
-0.44476863
0.34095098
0.05615184
0.03065431
0.3597647
-0.93670792
0.24883303
0.58908707
0.13810936
-0.4649979
0.19405334
0.25368407
0.67149898
-0.03875343
0.04980544
-0.03799941
-0.09416159
-0.27999446
0.65841054
0.40408617
0.22230384
-0.0361315
-0.31460271
-0.139379
-0.02447
-0.11862436
-0.41059328
-0.13188831
-0.01058518
0.10754071
-0.58845529
0.21864155
-0.80436168
-0.75286319
0.33422837
-0.4489714
-0.4994274
-0.07415321
-0.04856037
0.03753584
-0.29306348
-0.0242416
0.05327806
0.06301718
0.21858375
-0.08476936
-0.29942572
-0.50368004
-0.44534692
-0.48865162
-0.06531456
-0.52809569
0.1638374
-0.31687147
-0.28491441
0.29365726
0.10593213
0.00566325
0.53725211
0.34431484
-0.06883131
0.00752892
-0.13914406
0.12153475
-0.12954436
-0.18875317
0.26998986
-0.38199649
0.0815697
0.18999586
0.08150522
0.0673472
0.1177624
0.22728137
-0.04196276
0.35250309
0.30947728
0.00214324
-0.46562813
0.33443821
0.01241753
-0.42665151
-0.13205541
0.37127451
-0.09030315
0.33750507
-0.13246246
0.36121367
0.39046774
0.03030349
-0.10387811
0.42651026
-0.44895329
-0.00722436
-0.22738163
0.5958638
0.13564002
0.11686988
-0.38631795
0.789365
0.14175874
0.15781168
-0.01607536
0.09822778
0.06945012
0.07475635
-0.16790434
0.36021793
0.00988707
0.19155085
-0.32395888
-0.17813671
-0.79116568
-0.38699359
0.1137555
0.29194154
0.02469318
0.14416135
-0.12564637
0.19574191
0.18818637
0.46797034
0.01798288
-0.09700426
-0.08117696
0.25020937
-0.04480824
-0.05264053
-0.15379348
0.25274384
0.39782536
0.64749182
-0.157841
-0.41775199
0.15107704
0.55742455
-0.15326701
0.13260207
0.22312738
-0.7658663
-0.1526206
0.53615765
0.38334723
-0.17300888
-0.05526865
0.43400853
0.13873493
-0.20050494
0.02185313
-0.21234529
0.07167389
0.34566302
0.54366969
0.36956999
-0.54258681
0.14556657
-0.41800387
-0.20783958
0.34562722
0.23044331
0.04535587
0.03181492
-0.16432435
0.28099512
0.13653941
0.0463797
-0.36491818
-0.40709776
0.27925453
0.2594027
-0.30567559
0.0845958
-0.00444629
0.40347719
0.35518911
-0.447244
0.2059915
0.19349306
0.19504115
0.05678588
-0.3168495
-0.16334799
0.26665168
-0.08315329
-0.2757264
0.15658558
0.23617884
-0.45034408
-0.36201088
0.0966876
-0.45649028
0.54174657
0.04503524
0.06331235
0.33032662
0.42875781
-0.36951516
0.51537989
0.47200974
-0.26026062
0.12463831
-0.04373838
-0.09303668
0.20108508
-0.32235955
0.09945127
0.19350923
0.37924755
0.44088308
-0.03677296
0.79659441
-0.41379303
-0.05814061
0.06561444
-0.80464485
-0.00878289
-0.10047447
0.36216156
-0.09246904
0.39937968
0.33949662
0.5200911
-0.05274414
0.01988532
0.14219363
0.18796972
0.28432686
-0.20496926
-0.14937634
-0.50909882
-0.13623456
0.24974314
-0.48901573
0.38080303
0.4764668
0.00943481
0.53304126
-0.21359006
0.0693855
-0.02323807
-0.33125891
-0.06523935
-0.2258922
-0.82850936
-0.44476448
-0.3661118
-0.48504932
0.27164899
-0.02533234
0.04099381
0.6127981
-0.1911227
-0.41801821
0.01241167
-0.7622846
-0.83331719
0.01590756
0.68861378
0.64393178
-0.8004615
0.03740731
0.45438289
0.04457599
0.41594005
0.23786062
-0.2987204
0.57679229
0.41815729
-0.01566213
-0.01259477
-0.56938096
0.20607591
-0.67953903
0.09784548
0.46363203
-0.62814383
-0.3471201
-0.36193557
-0.22869407
-0.17396076
0.09888517
-0.09342943
-0.18241829
-0.44428185
-0.43542129
0.34945823
0.05712347
-0.71966112
-0.01182015
0.4109286
-0.12639904
-0.30202441
-0.20616807
-0.2087441
0.19418901
0.6177835
0.15813854
0.87752576
-0.42613266
0.0439869
-0.44344065
0.21504519
-0.29629823
0.32342768
-0.4426572
-0.04114801
-0.63862838
-0.22802538
0.23626679
-0.12566691
0.41766653
0.10011507
0.26939543
-0.35698791
0.52416278
0.08632054
0.01824869
0.53603068
-0.34658342
-0.37236715
0.51793433
0.11706463
-0.27784686
0.32251039
-0.04920056
0.4338293
0.08397442
-0.11156279
0.57184915
-0.43480944
0.03453565
0.46989255
0.11422094
0.30915288
-0.01980399
0.14051194
-0.17025334
-0.20663421
-0.7535164
-0.44440105
-0.67444279
0.07112584
0.26933696
0.52290496
-0.08560002
-0.11864253
-0.04527523
-0.10724593
-0.49669482
0.44416389
-0.0954329
0.61597852
-0.20787473
0.14488341
-0.22105812
0.08326612
-0.01279308
0.12176113
0.26607954
0.54722927
0.17197128
-0.24384928
0.27465735
0.06283307
0.0645041
0.13563967
-0.18780265
-0.25565193
0.40987695
-0.22907616
-0.14387306
-0.12920355
-0.22552977
-0.34746304
0.58757031
0.4524726
0.20621645
-0.23722828
0.1340148
-0.2932987
0.15656962
-0.26169606
0.21987707
0.08892403
0.26915957
0.63964599
-0.27434348
0.075935
-0.55202427
0.39549779
0.12099481
0.06675666
0.32871912
-0.18441583
0.42450877
0.11947382
0.2047113
0.63265389
-0.34099675
-0.30698992
0.22493668
0.02781039
-0.19310322
0.04176823
0.31931196
0.55011282
0.31319562
-0.30157898
0.22859191
0.22420327
-0.10509558
-0.04416851
0.22790024
-0.37548935
-0.26835493
-0.0158311
-0.26644312
-0.21675071
-0.37759501
0.39887352
-0.19047665
-0.84326922
0.20710527
-0.19142162
-0.14510381
0.00425044
0.28544655
0.470353
-0.00549795
-0.44408705
-0.48056374
-0.44794401
0.3555661
0.25414736
0.09173481
-0.51809881
-0.11611413
-0.34807122
-0.45675053
-0.30778423
-0.43148124
-0.06133646
0.25963192
0.04260032
0.09389576
0.13633694
0.35819407
-0.50009362
0.48952122
-0.32216214
-0.3514415
0.0558662
0.3010966
-0.25027493
-0.48367616
-0.2561706
0.12313071
-0.06857258
0.52157201
0.74802991
0.57451157
-0.34383707
-0.13869554
0.12029984
0.00854324
0.07906115
0.32037907
-0.21522418
-0.15004647
0.40833181
-0.17874584
0.17832577
-0.45994401
-0.2633123
0.04902889
-0.11851577
0.40149838
-0.11102609
0.51203766
-0.33454418
-0.15288679
-0.23108643
-0.0514194
0.67356129
0.17963009
-0.01827493
-0.10526233
-0.20931403
-0.25283534
-0.24111733
-0.24315262
0.72020524
-0.06286759
-0.28218886
-0.05768406
0.60093442
0.55142319
-0.1578845
-0.11534102
-0.08527182
-0.09865294
0.4502322
0.191395
0.0537472
-0.23581575
-0.11747975
0.21553652
0.42288352
0.00655822
0.75702942
0.08211705
0.25145816
0.11503182
0.44143775
0.25018252
0.11139441
-0.82637505
-0.45273529
-0.43316336
-0.03372822
-0.30648107
0.2625319
-0.49937501
0.07861763
-0.27325064
-0.58592374
0.12855871
-0.3568965
0.17337247
0.12460539
0.15039784
-0.22525609
-0.21740903
-0.1065272
0.28595832
-0.91108528
0.51154638
-0.66441288
-0.45911143
0.11488048
-0.24811802
0.08844852
0.03514303
0.3833116
0.12798537
-0.22221624
0.20807296
-0.1919041
0.03547028
0.06695492
-0.14210306
0.20615036
-0.09328357
-0.41185399
-0.32797258
0.10589302
0.34942999
-0.36192601
-0.23238648
-0.20710628
-0.07101557
-0.06692143
0.25123706
0.68708652
-0.05431884
0.21012124
-0.72762944
-0.33186367
-0.19560063
0.09735657
-0.24478042
0.15726473
-0.08583671
0.29791381
-0.47729714
0.205873
-0.0113673
0.05551535
-0.13137997
0.03871088
0.03770032
0.17644744
-0.69057352
0.31290321
0.09327769
-0.25243233
-0.08749383
-0.08579565
-0.03818221
0.71738991
0.02425111
-0.09950284
0.20938126
-0.13407149
-0.38388702
-0.85852712
-0.11257083
-0.07357292
-0.00718996
-0.2191978
-0.21396587
-0.1181042
-0.0025758
0.07358084
0.54808741
-0.89901592
0.47666115
-0.09390613
0.00529252
-0.1033607
-0.04784484
-0.3090445
0.33731814
0.65655832
0.55511063
0.46088685
-0.00640736
0.12562563
-0.00426356
0.04044003
-0.13976873
0.24476357
-0.34778671
0.06919153
-0.25570923
-0.67243977
0.11302497
-0.27075536
0.17761098
0.0377739
-0.42407837
-0.83198159
-0.37710904
0.11343941
-0.58405823
0.19824763
-0.48131986
0.2678528
-0.12748873
0.26755157
0.33686764
0.16200987
-0.10555625
-0.54591747
0.14721856
0.02135679
-0.17335565
0.05879532
-0.42216289
-0.04160726
-0.39623568
0.00786996
0.05973958
0.01524333
0.15602569
0.37399158
0.6986479
-0.05762033
0.37740607
-0.1259216
-0.41781815
-0.18056723
-0.00466009
-0.07494068
0.40989811
0.50953098
0.54333824
0.17818781
-0.00957762
-0.29510228
-0.07594738
0.25414065
0.08890201
0.03071032
-0.33222292
-0.1704865
0.87854714
-0.42393026
-0.05573578
-0.61877552
0.42280628
0.00640379
0.1611173
-0.64465851
-0.62575536
-0.23160322
