0  4.602642  5.524071
1  5.524071  6.4341097
2  6.4341097  7.335052
3  7.335052  8.229194
4  8.229194  9.118829
5  9.118829  10.006254
6  10.006254  10.893763
7  10.893763  11.962116
8  11.962116  13.037862
9  13.037862  14.124965
10  14.124965  15.227156
11  15.227156  16.345964
12  16.345964  17.48173
13  17.48173  18.634771
14  18.634771  20.002258
15  20.002258  21.395123
16  21.395123  22.818777
17  22.818777  24.279726
18  24.279726  25.784477
19  25.784477  27.339533
20  27.339533  29.186687
21  29.186687  31.117758
22  31.117758  33.142456
23  33.142456  34.83252
24  34.83252  36.253883
25  36.253883  37.882217
26  37.882217  39.5404
27  39.5404  41.22709
28  41.22709  42.94094
29  42.94094  44.875458
30  44.875458  46.84002
31  46.84002  48.832787
32  48.832787  50.85192
33  50.85192  53.10123
34  53.10123  55.377777
35  55.377777  57.679108
36  57.679108  60.002773
37  60.002773  62.560287
38  62.560287  65.1383
39  65.1383  67.73362
40  67.73362  70.56109
41  70.56109  73.4011
42  73.4011  76.24964
43  76.24964  79.32218
44  79.32218  82.39489
45  82.39489  85.464615
46  85.464615  88.75057
47  88.75057  92.03411
48  92.03411  95.31597
49  95.31597  98.8156
50  98.8156  102.31505
51  102.31505  105.81521
52  105.81521  109.53591
53  109.53591  113.2595
54  113.2595  117.20646
55  117.20646  121.159134
56  121.159134  125.33884
57  125.33884  129.52649
58  129.52649  133.94307
59  133.94307  138.36833
60  138.36833  142.80223
61  142.80223  147.46703
62  147.46703  152.1412
63  152.1412  157.04794
64  157.04794  162.18855
65  162.18855  167.34013
66  167.34013  172.72731
67  172.72731  178.12625
68  178.12625  183.76253
69  183.76253  189.41132
70  189.41132  195.29922
71  195.29922  201.42766
72  201.42766  207.57027
73  207.57027  213.9552
74  213.9552  220.58391
75  220.58391  227.22842
76  227.22842  234.11853
77  234.11853  241.25569
78  241.25569  248.64136
79  248.64136  256.04535
80  256.04535  263.69968
81  263.69968  271.60577
82  271.60577  279.7651
83  279.7651  287.94513
84  287.94513  296.38013
85  296.38013  305.07153
86  305.07153  314.02075
87  314.02075  323.2292
88  323.2292  332.6982
89  332.6982  342.4292
90  342.4292  352.4235
91  352.4235  362.6824
92  362.6824  373.20712
93  373.20712  383.99896
94  383.99896  395.05902
95  395.05902  406.38843
96  406.38843  417.98828
97  417.98828  430.1021
98  430.1021  442.4895
99  442.4895  455.1513
100  455.1513  468.08823
101  468.08823  481.3009
102  481.3009  495.03552
103  495.03552  509.04803
104  509.04803  523.3388
105  523.3388  538.15515
106  538.15515  553.25104
107  553.25104  568.8746
108  568.8746  584.77814
109  584.77814  601.2105
110  601.2105  617.92267
111  617.92267  635.16376
112  635.16376  652.9339
113  652.9339  670.9819
114  670.9819  689.55725
115  689.55725  708.6589
116  708.6589  728.28534
117  728.28534  748.43463
118  748.43463  768.8521
119  768.8521  789.78656
120  789.78656  811.23444
121  811.23444  833.1917
122  833.1917  855.6535
123  855.6535  878.8666
124  878.8666  902.5721
125  902.5721  938.3455
126  938.3455  975.3111
127  975.3111  2000.0
