#Number of photons observed douring the burst: 136193
#Average flux [c/s]: 1377.3981815791335
#Average variability: 0.010254472781995157
#GRBbn100730463 temporal parameters: 
#                                   T_detection(MET)= 302180776.96785 s
#                                   T_start= -19.088 s
#                                   T_end= 79.789 s
#                                   CCF campionation= 1e-4 s
#                                   Fit amplitude= 20.0 s
#                                   Used detector= 9 GBM
#                                   Variable bin size= 10 ph/bin
1.4226056
0.98768248
3.29496782
1.12308439
0.67152741
-1.6069352
0.13583078
1.98059914
1.47574061
-1.67019048
-0.10088339
-0.83259538
1.27046571
-0.28051264
1.36247782
-0.48351738
1.63494718
0.09288281
1.31253617
-0.22043312
-1.97390391
-2.05824598
-2.31999403
0.66463003
0.68478017
-0.99547562
3.1396008
-1.59333319
-3.41852528
0.69892279
-0.18603552
-0.33024658
0.89117251
0.2848625
0.62320464
2.83631037
0.52582291
-1.37615882
0.5895203
0.24640601
-0.00363103
-0.40545339
-1.21311565
0.16471014
1.87881414
-2.10125011
1.70114697
-0.11178828
-1.17125947
-1.24602403
-1.24587513
0.10847669
-0.64946868
-2.48767804
2.63950294
-1.17511242
-0.67425113
-1.51206259
-1.17801299
-2.53195751
0.42796674
1.93169393
1.14530497
0.41934935
-2.75643292
-0.223841
0.35059688
1.32352921
1.63872059
1.54835255
1.76992477
-0.78737636
0.13976977
-0.9582727
-2.77194274
0.6620438
-0.30204327
-1.33278625
0.29746133
0.84736157
0.64899468
0.3050806
0.61634345
1.26471187
-3.23202975
-3.02067638
1.32703865
-1.87395764
-0.32865288
0.52564857
3.06751819
-1.88125599
4.80968165
1.51759234
1.39606853
-0.32465336
-4.33146877
-0.48576542
-0.37225332
1.12057004
0.56835892
-0.44461211
1.24333333
0.88343783
-0.45684959
0.8454112
-0.34639299
-1.57343136
-0.48598317
1.22738288
-0.78580643
-1.33306838
-0.98244338
-0.00415357
-2.7183127
0.268237
-0.55006868
0.65858327
-2.9914641
-0.71274229
-0.08372399
0.26294994
1.44769852
-2.75583303
-0.43304548
-1.24219011
1.43045865
-0.04140095
-0.43834565
-1.29764021
2.55138669
0.94358191
-0.47984618
-1.76486322
1.71850884
0.12349581
-0.62214454
-1.6577574
2.553597
-1.65359517
0.68443895
-3.12642817
-3.59615888
-1.23458328
0.81836552
-1.85287039
-2.25931035
-2.13009192
1.23854885
-0.1954988
-1.87341807
0.96208397
-1.6902706
0.34808051
1.60177582
0.12571886
-0.22490805
-0.19826253
0.71489517
-1.63474044
-0.86788022
-0.46691024
1.51779957
-3.03435764
0.09496587
-2.64606219
-1.10864909
0.74010468
0.94480427
0.44941704
0.12289235
0.66453214
0.3638455
1.84239521
0.87598544
1.13419651
-0.12463253
-1.22747963
-0.57157466
-2.15377346
-1.55958064
-1.67448093
-0.85503557
1.32326964
-0.67410031
1.25681135
0.52717605
-2.14972682
-0.00909612
0.11308705
0.62062582
-0.04116863
1.6919528
-2.86594182
1.14215436
-0.91360225
-0.55134548
1.63502585
-0.56742099
-1.3271646
-3.19176451
0.46742465
-1.2736982
-0.85587308
-1.97920568
-3.82698181
0.19994197
0.90201713
-2.2558469
-2.77629326
-1.82182322
-0.26109065
0.93197646
-0.07218793
1.8545263
1.39956246
0.94873959
0.7479662
0.00894246
0.4584043
1.73062327
-0.69003501
0.53383443
-0.88837189
0.04614262
-1.45030903
1.1529846
-1.85078767
1.22841308
0.09679792
0.35324309
0.01979201
1.57376865
1.10348121
0.65854679
-0.2952635
-1.41778305
0.63806715
2.14996221
-0.13156677
-0.88569735
0.96587829
-1.65912091
-0.48578548
-3.25445193
-1.00659045
0.02648361
0.60348662
-2.57789872
-0.23157343
-0.60829728
-1.08338571
0.08564052
-1.00888681
-0.33259677
4.52415813
0.70183385
-1.57890591
3.11214735
-2.75167673
2.52926757
-2.05965523
1.16614865
1.17484514
0.11866161
-1.75238869
0.17975615
2.43939344
-0.62160105
0.21959618
0.01280202
-0.83575342
-1.21402334
-1.06409288
0.85533377
-0.93002691
-0.69465854
2.9154566
-0.03909942
-1.1008998
0.93922455
-1.54851527
1.02395388
-0.30657834
-2.04070098
-1.52062525
1.19278415
-0.80270091
1.11627432
-0.72740474
-0.00768672
1.16605555
-1.96501296
-1.04441984
0.69636943
0.12066614
-1.05200945
1.17852513
-0.93562414
1.97015843
0.35781683
1.7767363
-0.16873269
0.46100765
-1.36380625
-1.21644589
0.28314675
-1.36384489
0.67262722
-0.93444511
1.54694733
0.34558166
-1.79829253
0.24869989
0.48239075
2.38150511
-0.57331937
-2.60328522
-0.05774222
-0.1989666
2.49761841
0.93271178
1.03967725
-1.55151081
-1.51096597
0.18467202
-2.34998506
1.13366772
1.04920946
-2.65491752
-0.35161405
1.60768691
1.37960553
-0.12556025
1.86879277
-0.347015
0.53954319
-1.25094417
-2.73434871
-2.78722221
0.07287938
-1.57197586
0.11104777
-1.09877738
1.83479007
-1.37262411
0.63790476
1.18712603
-2.34588037
0.60567105
1.16688061
-1.19570433
1.33893785
-1.50551424
0.85775206
1.70573836
-2.2664863
-0.36214032
0.0524318
-0.41193457
3.42121423
-0.45807721
-0.26981802
0.39275954
-0.92525844
-1.16051943
-2.96974554
-3.50911192
2.65888925
-0.41214799
-2.03894154
0.84807163
0.34787193
-0.5304285
0.53275567
1.24872187
1.20066925
0.37802012
1.63976949
-0.61418827
-2.18681988
-1.80843298
-0.94689735
-2.31583033
-2.36401371
-2.73191868
1.05189646
1.99434637
-0.89547441
0.11256574
-0.69059507
-2.27425421
-0.09160958
-0.89027158
-2.38929365
-0.79235121
-1.1964154
-1.50254858
0.55589911
-1.00063113
-0.91273575
-0.29594819
-1.93653374
0.49748079
-0.05316077
-1.77098932
0.23186085
-2.38944856
-3.78620721
0.05059047
1.34590899
-1.77590965
-2.20158821
-0.00106469
-1.51820214
-0.82571409
-0.00371685
-1.87765412
2.11138584
-0.46125504
0.48587411
0.63773825
0.18191155
1.35670953
1.10293664
0.1408257
1.17213644
0.06587818
-1.82678416
0.07606251
1.06867315
0.70103066
-0.72141374
-1.80997631
-1.57237076
1.01997794
0.15684441
1.24733104
-2.13139361
1.47131133
-0.62479136
-1.84187245
-0.02952233
1.38973842
1.00772364
1.18012677
0.8005313
-2.4463971
0.67332923
-2.38200143
0.6618906
0.31010217
-1.45935226
-1.82108534
2.0409919
-1.0493507
-1.04532196
0.68374212
1.32992276
0.87500075
1.17198507
0.99422512
-0.75610175
1.05699363
-1.20726524
0.80285369
-1.03006395
0.7903742
1.10871594
1.43047344
0.69365567
0.40766776
-0.03130077
-0.13290535
-0.98808892
-0.034985
-0.11128626
4.3069255
2.55719921
0.33952046
-0.4031126
-0.83740819
-0.28682194
1.01063673
0.36043496
-1.06274754
0.32611609
0.51037603
2.00136198
0.59487922
-1.05055585
-0.89803186
0.78817664
0.71590887
-1.23538166
-0.66226391
-0.91679412
-0.38962784
3.21152018
-0.91506502
0.71824359
2.28438555
2.50620438
-1.89709367
0.79835806
-2.50736568
0.6708145
-1.51444303
-0.98996987
-0.71586547
1.42903323
1.84888878
-0.70169255
-0.72745008
-0.43541143
1.60992341
0.45393411
0.24997584
0.8142595
-2.65287198
2.30392763
0.28781803
-0.51942006
1.46792547
0.03936338
-0.82041681
2.20514149
1.41058876
0.69383322
2.90488186
0.20937519
-3.7807412
-1.79725871
1.27408096
0.37018941
-2.45017792
1.81182892
-1.97808541
-1.67505533
-0.78900169
0.80427041
1.4493581
1.53095922
2.59840425
0.91031167
1.71397014
3.3455583
0.86941477
-0.30310787
0.89969804
1.51588899
3.38823992
-2.6657138
-0.61954715
0.68366427
0.17201309
-2.73267083
-0.033833
0.82642769
0.48358792
1.49570495
-0.64687356
0.35390097
0.49496482
-2.62209944
-0.20736531
-1.09447548
-0.08048619
0.69841544
1.258054
-0.58396795
0.94721294
-0.72177414
0.09213224
-2.40025636
-1.16385609
-0.93554102
-0.12003369
-1.08166998
-3.36093494
0.55604098
1.55738274
1.24325242
0.9842483
0.26587769
-0.73106857
-1.31787981
-0.50707911
-0.28112505
-0.53777055
-0.35767614
3.13101298
0.07547785
-2.83525352
0.82113192
-0.65272355
0.0240671
1.44613418
-1.23607205
-1.30618491
-3.15652441
-1.83788464
-0.28035928
-0.25234834
-0.57077291
1.41706348
-0.3532593
-0.00149553
0.63167486
1.73456565
0.76067181
-0.18768682
-0.61202608
-0.137815
-1.12035423
1.45476984
1.0452952
-0.3395692
-0.50411437
1.79146913
-1.50936266
2.17515473
-1.82092005
-1.71951509
-1.67803656
1.63998828
-0.02612606
-1.07552062
-1.45921143
-0.27249774
-2.42974785
1.44835254
-1.88814095
-2.16667596
1.1417695
-1.54723478
0.86338901
0.88710301
0.90097554
1.82303569
0.95293687
-2.66614404
-0.11998309
1.32002188
-0.91795274
0.23973799
-1.00182934
-0.11802535
-0.86642055
-0.99955952
2.5972491
-0.88773866
-0.30157696
-0.56515223
2.28650649
1.04834695
0.37526793
1.43196438
-2.00339556
0.53758496
0.79157773
-1.30943425
1.45858794
2.98356792
1.04289062
2.0703605
-0.23649266
-0.00832692
-1.1255601
0.14333701
-0.97708238
1.4820844
-0.25046492
-2.26274517
0.18894469
1.03537468
-0.10682331
-3.37294124
1.33785733
-0.14960595
0.64305914
-0.60538195
1.80207619
-0.26658798
0.59934468
-1.51304397
-0.29124819
-0.2232801
-0.97858313
-0.61433028
0.48252213
0.15107132
-2.72729401
2.28563653
-0.41476179
-1.04041632
0.68860031
-1.53658494
-1.71155843
-0.35703217
3.03972354
2.64642836
-0.75531104
0.47846658
3.11994682
0.76209196
0.57080316
-0.28300977
-2.23872111
-1.06198749
1.41509681
0.19601576
-1.09484074
-1.36198004
0.7252392
3.26951659
0.70441708
2.5651907
-2.86589432
-0.16435063
0.19469462
0.8671638
0.25132959
-2.03802033
-1.51176523
-1.57204098
-0.9622572
0.5220786
0.14269794
0.61574823
0.22163867
-1.03299424
0.02433083
0.37930897
-0.46529854
-3.64445693
-0.64348568
2.6476549
0.57533174
2.16114922
-2.19411386
1.24948996
2.65467453
2.88481721
-0.55632846
3.20452889
-1.78792702
-2.15860345
-0.67356541
-1.01260328
0.50350611
-0.76331644
-0.67595161
-3.49788246
-0.47972717
0.68591058
-0.98417546
-1.8803118
-2.47963466
-1.91907007
-0.9740665
0.59668422
-1.72942599
0.78450547
-1.04975336
-0.06414267
-0.5295841
-0.07787772
-0.06187845
0.13144171
-1.27372637
0.56682366
0.48290272
0.13434368
1.42947146
1.18284442
0.50183412
-0.56479892
2.88238943
-3.58665841
1.00858495
0.03539701
2.048807
-2.28985526
-2.16737925
-0.54553106
-2.75890253
-2.32220897
-1.62508639
-0.7734411
1.07418636
0.22882536
-1.33206685
2.05478749
-0.34898884
0.29644282
1.4732724
-0.8207948
1.75142271
-0.78127642
0.54034034
1.71667228
1.14423949
-0.07444185
1.71119395
-1.9611307
0.62474104
0.5455973
-0.06663227
0.83676549
0.29837068
1.12925733
-1.29649253
2.52613232
1.48259332
2.45671887
2.0111305
0.73009166
0.97870569
-1.74423494
0.38015214
1.36593009
0.90950906
0.44588304
2.49876947
-0.83928999
-2.12010483
0.18105897
3.68666063
0.06349776
1.23462808
2.49080276
2.38997216
0.68932155
0.04813855
0.50297909
-2.67876699
0.0507712
-1.44071646
0.97509069
-0.25207722
-0.16615843
1.34772354
0.59258935
-0.07905069
0.47794049
0.17480169
-2.20900098
0.86940398
-0.84651247
0.46126271
-2.01019909
-2.78125515
0.54565571
0.33602199
0.61714283
-0.03348566
0.19286987
-1.42930505
-2.5704856
1.05536137
1.07316284
0.63995056
0.64803236
0.55068069
0.68400739
1.2843009
1.51079038
0.84314521
-0.64831674
1.84530609
1.22787318
2.03176115
1.56893439
-0.57965323
-0.16570914
-1.96311149
0.63533235
0.28910031
0.20563653
-1.25186126
1.58273823
2.39098097
0.85105902
0.73356674
1.19667277
-1.63433709
2.29077501
0.53009293
-1.10263124
0.6433452
-0.26431964
-0.16977367
1.32448087
2.7119057
1.29389287
0.25654087
-0.46784241
-0.09693627
0.50605186
-0.36691759
-1.0205901
-0.26216449
1.89103133
0.08461219
-2.51530403
-0.9452297
2.56925518
-0.87908673
-0.93188922
1.49939091
1.52714991
0.83568923
2.24032001
1.52978127
-0.52981617
0.8466368
-0.99063112
1.00098015
-0.40364858
-0.99433381
-0.54183976
0.47738579
-1.17062151
1.61440786
-0.55082539
2.04928525
1.68615693
-1.18459914
-1.15950911
-0.42497694
-0.02938149
-1.8518927
1.65200167
0.84389421
3.1228618
-1.87219061
5.39806667
0.70644762
0.45128378
-0.02961956
2.64893131
-0.5655365
-0.80241718
-0.86822422
0.30085058
-2.0393162
-0.49282998
0.56622253
-0.82129667
-1.00253472
-0.84219765
-1.25061786
-0.21881308
1.31411829
0.04241956
1.39291726
0.41072134
-1.45543582
-0.07944282
1.94653737
0.12507301
2.10576295
3.04935655
0.0663342
2.20797176
3.08963598
1.68517749
0.51975838
0.99986609
-0.25642866
0.36690724
0.76822325
-0.76421964
1.2503472
-1.21111911
-0.99967193
1.99986748
0.18343497
-3.01952776
-2.7864044
2.6622942
1.01056106
2.68251598
-0.79605899
1.97338992
0.21788937
-3.32341464
2.25600922
1.69388286
-1.43941404
1.08286172
-0.43087136
1.55595785
-0.54269216
-1.76576901
-1.07487244
-1.3448677
1.87508636
0.16130408
