#Number of photons observed douring the burst: 136947
#Average flux [c/s]: 1263.6984405278213
#Average variability: 0.013356947279701659
#GRBbn100116897 temporal parameters: 
#                                   T_detection(MET)= 285370262.242068 s
#                                   T_start= -2.394 s
#                                   T_end= 105.976 s
#                                   CCF campionation= 1e-4 s
#                                   Fit amplitude= 1.0 s
#                                   Used detector= 0 GBM
#                                   Variable bin size= 10 ph/bin
-0.01452665
0.03241983
0.0792681
-0.05213117
0.0031134
-0.02568977
-0.045977
-0.02040851
0.11559534
0.02422493
-0.0637775
-0.08483247
-0.03628597
0.01637356
-0.02856167
-0.01794415
-0.00541819
-0.11300023
-0.13273405
-0.03591937
-0.04617206
0.05524755
0.0408285
0.10725287
-0.07569058
-0.11649727
0.01821432
-0.0007464
0.111709
-0.11964095
0.08156926
0.02054336
-0.01427915
0.01828041
-0.09764067
0.0404671
-0.00154449
0.12946925
0.00764147
0.07636768
0.00443068
-0.07424603
0.12068765
-0.02492688
-0.04882262
-0.00087676
0.20293726
0.0271653
0.01848542
0.03630671
0.07052201
0.09438159
0.0707128
-0.08502799
-0.02844561
-0.10032465
0.15406358
0.06163131
0.07568868
0.05098785
-0.09381563
-0.03880342
0.01196148
0.01427568
-0.05944952
0.03340878
-0.08516621
0.0102613
0.04530611
-0.01232124
0.03675799
0.15605199
0.02327552
0.02138766
0.09217043
0.08053752
0.04951085
-0.03985977
0.01247777
-0.00061005
-0.03416256
-0.00941426
-0.09916159
-0.0197066
0.09980496
-0.02835749
-0.00720281
-0.07022865
-0.14158078
0.10473215
0.06509288
0.0693286
-0.04788291
0.0239321
-0.01105825
-0.04419655
-0.0996463
0.08513338
0.02943842
-0.00075995
-0.09184294
-0.00282407
-0.0330789
-0.05159369
0.00586939
-0.01690097
0.04090878
-0.08618691
-0.04124656
-0.02876213
-0.03900671
-0.0254847
0.00726944
0.06022573
0.00764387
0.0383086
0.12039483
0.06965647
0.14597519
-0.00252965
0.09809088
0.11440382
-0.05965988
0.04126328
-0.03876036
-0.08778307
-0.12134136
0.05104566
0.02622589
-0.00135222
-0.00444853
0.003046
0.01833999
-0.03347151
-0.03768227
0.01115398
0.0762167
0.06825262
-0.13097781
-0.18363639
0.02809131
-0.09948432
-0.07884301
0.02083843
0.03939064
-0.11231302
0.09998548
-0.17798214
-0.0359528
-0.05593797
0.06618542
0.07303841
-0.06728891
0.12877676
-0.10253719
0.01960094
0.04058562
0.04350034
0.00893239
-0.0988524
-0.1727407
-0.09945335
0.03287819
-0.07942418
0.00809935
0.07131266
-0.0802415
-0.12175573
0.07745662
-0.04925145
-0.02089259
0.00320397
0.00908213
-0.08719122
0.0340586
0.10505765
0.13093773
0.15310842
0.05422362
-0.16451521
-0.0033147
0.0486475
-0.04449953
-0.04292221
0.0907692
-0.03067994
-0.02026834
0.01895022
0.02546979
-0.08309609
-0.13412003
0.08484028
0.01460014
-0.01748248
-0.042316
-0.09272567
-0.03940949
0.04047558
-0.07591512
0.06031588
0.00251375
0.02081724
0.05748337
-0.04783498
-0.07668374
-0.10684636
0.08982662
0.02100695
-0.03858416
0.04045003
-0.00022403
0.03679691
0.04917087
-0.03132275
0.08647111
0.02293744
0.00941775
0.01027854
-0.09913805
0.09620734
0.0547655
0.02202989
-0.11176396
0.06480687
0.10249908
-0.04581013
-0.04959339
0.00246034
-0.04785056
-0.07304989
-0.00850057
0.10825176
0.05514744
0.02231396
0.01079861
0.02663696
-0.03619002
-0.02058279
-0.05550975
0.03783084
0.04551134
0.00447043
0.12973262
0.02405414
-0.08757215
-0.02888923
-0.10452572
-0.10499007
-0.02436157
-0.14249579
0.10065533
-0.00442667
-0.03384582
-0.08817774
-0.02161839
0.03057484
-0.11040183
-0.15959738
3.514e-05
0.01249048
0.13407455
0.01214168
-0.02569878
0.09996092
-0.06930879
-0.00745997
0.01194899
0.10864394
0.04274909
0.05039709
0.05815389
-0.02114606
0.13497508
0.19507116
-0.04968137
-0.00845961
0.03368429
0.03451082
-0.00184803
-0.06266944
0.00796351
-0.06783845
0.02629031
-0.01617331
-0.10429916
-0.16309369
0.11577492
0.08074643
-0.01964135
-0.04818893
0.06631771
0.10210746
-0.10625836
0.07421138
-0.11197137
-0.022131
-0.05351113
-0.08316591
0.04899596
-0.00424593
-0.07458109
-0.06072091
-0.06644989
-0.02008289
0.1250266
0.12088387
0.10762399
0.01875115
-0.11402508
0.08118202
-0.03540166
-0.00277701
0.07196667
-0.12986259
-0.12720117
-0.07170297
0.02469565
-0.16861172
0.084263
0.0320955
-0.10144411
0.01387539
0.12137027
-0.02596465
0.06052721
0.17852281
0.10880166
-0.02475663
-0.01315037
-0.07477919
-0.03942724
-0.07754877
-0.11051101
0.03623737
-0.0450749
0.09950637
-0.06287333
0.02038737
0.04723378
-0.01132091
-0.04807147
0.11970344
0.05686697
0.00033091
0.13484717
0.05521702
0.10006168
-0.03390865
-0.08770742
-0.02495304
-0.00303323
-0.04524611
-0.04918404
0.01169458
0.04274752
0.02432085
0.01124908
0.02299108
-0.04115341
0.04934869
-0.18651945
-0.12992608
-0.07327847
-0.04715112
-0.04730841
0.03324418
0.02667695
-0.06420371
0.0471954
-0.07159817
0.03042654
0.05593988
-0.04231392
-0.05185621
-0.05313899
-0.03527854
0.08100291
0.08773287
0.1015239
-0.07857527
0.00490167
-0.19276132
-0.16546087
0.08726416
-0.08779035
0.07933022
-0.02348616
0.06304907
-0.06558628
-0.05288962
-0.0081441
-0.03181962
-0.06861392
-0.01521955
-0.01228408
-0.02241885
-0.00694291
-0.09106483
-0.03347894
0.0781477
0.12755334
-0.15515568
-0.01286489
-0.00040712
-0.02993627
-0.01237933
0.11322641
-0.11894024
-0.08186716
0.01411068
-0.01643465
0.11734788
0.06854847
-0.03215582
0.03109722
0.01598962
-0.13037929
-0.06828504
-0.16600058
0.06150066
0.05266497
-0.03200366
0.05115549
0.05912367
0.14742465
-0.00643571
-0.03033415
-0.01624034
-0.01135788
-0.09373908
0.14185596
-0.12441053
-0.03710893
0.04238356
0.02327112
-0.12428769
0.12628259
-0.11976448
-0.1041945
-0.06358185
0.16697197
0.0496536
0.09069616
0.01206627
0.06059651
0.03725384
-0.07099135
0.02395364
-0.10259203
-0.03052552
-0.0437473
-0.11344856
0.02097046
0.0310092
-0.04986222
-0.07135504
0.1425054
0.08322336
0.01044073
-0.00403534
0.01564859
0.07065527
0.07664937
-0.00206893
0.10566124
0.02474897
-0.02639609
0.03569095
-0.04759087
0.02708879
0.02977702
-0.0134804
0.06909863
-0.05660678
0.16443903
-0.01432958
-0.00254492
0.02873738
-0.03602774
-0.06591837
-0.08751279
0.10439835
0.02658502
0.11273982
-0.00688254
-0.07058582
0.00969329
-0.00865688
0.02258318
0.06078937
-0.00307067
0.05960383
-0.08395551
-0.04899621
-0.00410916
-0.09045578
0.25795258
-0.05640495
0.00277722
-0.06935043
0.07513482
0.17307563
-0.01049545
0.0635958
0.15339722
-0.10570518
-0.0054487
0.03037759
-0.097716
0.14625508
-0.14835023
0.04976069
-0.11599751
0.05657326
-0.03676994
-0.00959555
0.01920033
0.09386188
-0.0437841
0.13044592
-0.01392223
-0.09348861
0.04110292
-0.07119948
-0.03041845
0.01888879
0.0330034
-0.06480605
0.02133464
-0.01575905
0.07772303
0.00713867
0.03525169
0.07675888
0.19680902
0.10534792
-0.01252413
0.03646935
-0.19863845
-0.0415583
0.11243188
-0.08249464
0.06669836
0.05269666
-0.03217634
-0.00337516
-0.02875092
-0.15861898
0.08028346
0.02038631
0.00278882
-0.00838932
0.08684246
0.00813326
-0.0816026
0.06744947
-0.00828578
0.10563443
0.02198704
-0.00852299
0.11314757
0.10590167
0.10002612
0.0736249
-0.08754165
-0.04442504
0.13291692
-0.09514155
-0.10673671
-0.00640797
-0.20006126
0.00677429
0.01170885
-0.08705836
-0.09700317
-0.04935156
0.04422686
0.05207938
-0.00456315
-0.09297525
0.04694789
0.08496755
-0.07078071
-0.12786121
0.05187275
-0.03858792
-0.06905262
0.01504849
0.07329727
0.13566721
-0.03739848
0.1514613
0.03802691
-0.09220916
0.17502986
-0.04552358
-0.04542634
-0.01385344
-0.11734896
0.01191073
-0.0250909
-0.12817308
-0.04056007
0.04648758
-0.05085025
-0.07869355
0.01833129
0.10791183
-0.05437096
0.01860042
-0.00646139
-0.01025871
0.10071095
0.14599003
0.00340205
0.01194578
-0.07707365
0.01627991
0.06968747
-0.13378981
-0.18383037
-0.06552503
0.07245242
0.1757027
-0.10056841
-0.14884803
0.16690155
-0.12539395
0.03398453
0.00132683
-0.05909295
-0.00435385
-0.08005143
-0.08725579
0.04756155
0.09560469
0.02254011
-0.1408906
0.04454948
0.07929185
0.1268597
0.05059045
0.08293827
0.02394244
-0.08419415
0.11148781
-0.03438577
-0.01905514
0.06267405
-0.06183855
0.04970334
-0.08933462
-0.05351305
-0.00177104
-0.00788302
0.01696655
-0.05111707
0.12311841
-0.01659821
-0.07829941
-0.05085759
-0.02297773
0.06354542
0.00830465
-0.09320731
0.06379801
0.02271063
0.05515038
-0.01722473
-0.06706754
-0.07275955
0.02527046
-0.08339268
0.0667447
0.04083567
0.02942629
-0.02153644
-0.04761114
-0.14575331
-0.04924441
-0.00828568
-0.04912595
0.01295369
-0.0706921
-0.0610234
-0.04237411
-0.06601695
-0.15612725
-0.01841309
-0.00263288
-0.00795357
0.04431109
-0.05758114
0.00282019
-0.09462179
0.00351694
-0.04259008
-0.03833731
-0.09873846
0.19144262
0.17525974
-0.01392602
-0.05212462
0.08463624
0.08133924
0.00518285
0.11611611
-0.07246445
-0.03772497
0.07228562
0.11572288
0.04448035
0.04809414
-0.11529098
-0.0635646
0.01662149
-0.10860561
0.09602729
-0.05616695
0.09310296
0.04853517
-0.04192282
0.03021325
-0.24982711
0.00028055
-0.08626128
0.0671763
-0.07964928
-0.17676332
-0.03014364
0.03604355
-0.01236427
0.10959879
-0.08375816
-0.18494619
0.02226707
0.08444819
-0.00976571
0.03896071
0.02211608
-0.02323933
0.10930785
-0.04523572
0.06468432
0.07438118
0.07111295
-0.05493464
-0.09319175
0.05386665
0.08951635
-0.1804037
0.10281657
0.03207669
0.02085001
0.02534153
0.07007804
0.01971352
-0.02739191
-0.06932805
0.04598468
-0.07500106
0.0241005
-0.02246627
0.00688986
0.1012878
-0.02060136
-0.03397493
-0.06905391
0.09579166
0.05242426
-0.01880205
-0.00241275
-0.03632412
-0.03432123
-0.06471621
-0.08437623
-0.097689
-0.01480705
-0.07181617
0.07462137
0.02742692
-0.07228592
-0.04713497
0.05890471
0.06877262
-0.08239818
0.03752001
0.0203076
0.00776042
-0.03797169
0.12026089
0.02304477
0.17745381
-0.00191285
-0.06320542
-0.05604334
0.07399635
0.07558655
-0.04531219
-0.04284975
-0.04490682
0.0450495
-0.02656031
-0.05969698
-0.01859883
0.1388483
-0.01552733
-0.04589073
0.00028887
0.00901679
0.03376498
-0.07807071
0.01792027
-0.00434202
-0.02500433
-0.04988931
0.0708574
-0.01943858
-0.20465816
-0.05878769
-0.08111986
-0.0755552
-0.07387189
-0.11727716
0.01619965
-0.07218034
0.01846671
0.03902614
0.03472151
-0.06629611
-0.00888042
-0.07870504
-0.10636657
-0.11143344
0.12749483
-0.10595115
0.07665456
0.048083
-0.03696785
-0.02694769
-0.07231533
-0.02942364
-0.06223416
-0.00775084
-0.13084808
0.14780905
-0.04171708
-0.08188037
0.11502907
0.09317262
-0.01129207
0.05791859
-0.0003468
-0.01025835
0.02314619
-0.07398608
0.10371094
-0.00671982
0.02852993
-0.00028833
0.14866662
-0.14698745
-0.02119163
0.05418647
0.13734378
0.08218203
0.05319561
0.03494613
0.09199044
-0.09087379
0.05770606
-0.05007639
0.16164655
0.08374721
-0.01579854
-0.12618662
0.08084205
0.00285589
0.00343714
0.14169255
0.09655898
-0.073444
0.0278316
0.0899922
0.06571265
0.04216741
0.01824233
0.05101892
0.0403911
0.03789925
0.05737813
-0.06415833
0.08786155
0.07610555
0.18952352
0.03190427
-0.01315394
0.18137335
-0.12412681
-0.04750845
0.00072688
-0.04349015
-0.06345573
0.05050971
-0.04252596
-0.09353228
-0.03243614
0.06682565
0.04363049
0.02534046
-0.04355244
0.01602401
-0.0098942
-0.06940188
0.03682906
-0.09662326
0.00790912
-0.01857605
0.07230552
0.04009163
0.04656329
0.05866745
0.02411494
0.09385408
0.01855862
-0.01437639
-0.16845261
0.06259723
-0.01690992
-0.15475655
-0.03725241
0.00913774
0.0820771
-0.11735867
-0.00626012
-0.03500862
-0.07556762
0.13155199
-0.12698607
-0.04650715
0.08460086
0.10175884
0.04299036
0.03700381
0.03168891
-0.02451319
-0.22830303
-0.14295569
-0.09527368
-0.10792078
0.09933177
-0.13362412
-0.07497537
-0.07385018
-0.01380101
-0.01968189
-0.03180301
-0.04562965
-0.10794476
-0.09843128
0.07250981
-0.0913981
0.06803197
0.00308594
-0.04591584
-0.02119794
-0.07872203
0.00803663
0.02611264
-0.01050225
-0.07656964
-0.00240025
-0.00853925
-0.03637058
-0.0118154
-0.04316252
0.06400533
0.01355041
0.06377549
-0.171345
-0.02726404
-0.10832397
0.03470442
0.14565686
0.16458064
0.01610977
0.06035834
0.05071327
-0.00882963
-0.10959832
-0.0218889
-0.04590274
-0.1322542
0.156499
0.14725177
0.01867749
-0.07051706
-0.06984856
-0.15598398
0.03414189
