#Number of photons observed douring the burst: 33640
#Average flux [c/s]: 1347.3245754565844
#Average variability: 0.04728976266226297
#GRBbn100211440 temporal parameters: 
#                                   T_detection(MET)= 287577217.1692 s
#                                   T_start= -1.206 s
#                                   T_end= 23.762 s
#                                   CCF campionation= 1e-4 s
#                                   Fit amplitude= 999.0 s
#                                   Used detector= 11 GBM
#                                   Variable bin size= 10 ph/bin
0.40759861
-0.3778434
-0.0295858
0.33002635
0.44525936
0.23931016
-0.29255866
-0.38236655
-0.17560542
-0.00034241
-0.00424259
0.25997739
0.0581248
0.23852587
0.30834962
0.17229264
-0.00870583
0.12776956
0.16738209
-0.33101406
-0.21286357
0.09351788
0.24010898
0.37349439
0.19333177
0.69869539
-0.00571153
0.46972393
-0.32640196
-0.7005493
-0.22538186
0.0788329
-0.17911901
-0.27697689
-0.44136049
-0.5620899
0.58104511
0.1252361
0.94547828
-0.05660177
-0.35248222
-0.08969382
-0.02360133
-0.21959384
0.12394365
0.39253131
-0.19581439
0.16087673
0.04641731
0.08823746
-0.40915384
-0.04199836
0.20651938
-0.22143627
-0.05224849
0.08082292
-0.29852061
0.16793311
0.35413827
0.23014522
0.07078061
-0.17024229
-0.09791571
-0.07320611
-0.529772
0.30455219
0.02946741
0.27185866
0.17260218
0.06803217
0.55603151
0.61224819
-0.33329553
-0.1852652
-0.48575694
0.29159682
0.34027295
0.55788936
0.03212921
0.17296142
-0.61804919
-0.59633932
-0.17340224
-0.44673279
0.28110945
-0.03179843
0.49438086
-0.62831242
-0.07816893
0.03613666
0.16582506
0.0590752
-0.20955936
0.84377763
-0.35799093
0.16634558
-0.21763521
-0.2748132
-0.72598269
-0.71615833
-0.76473674
0.09273434
-0.03932618
0.38765017
-0.62633099
-0.23453085
0.65933184
-0.00060987
0.31011372
0.57765776
-0.47030987
-0.23446951
0.23133595
0.09702496
0.2752349
-0.04967837
-0.25286283
-0.35531489
-0.26786325
0.03448101
-0.17651472
0.2470668
0.13252667
-0.21567242
-0.18535233
0.252243
-0.1634457
0.45627882
-0.00071187
-0.29799017
0.29633024
0.2570655
0.06417708
0.05590852
-0.35344183
0.10646768
-0.09032381
-0.34599932
0.18856646
0.27324877
-0.47978505
-0.37523218
-0.43815673
-0.18729848
-0.32561201
-0.69315376
-0.47485776
-0.03457026
-0.17144227
0.28406785
0.01128094
0.07945617
0.19794912
-0.63672223
-0.45006766
-0.29664111
0.20339451
0.65261337
0.3654669
0.73892297
-0.12469356
-0.17076053
-0.0887301
0.27178821
-0.26324335
-0.10189639
-0.00947104
-0.68965936
-0.29338442
-0.56100946
0.06186394
0.47055649
0.33688739
0.40873547
-0.10234605
0.24746352
0.42395319
-0.13325304
-0.28694107
-0.04932498
-0.4197034
-0.20798259
-0.31550124
0.64093708
-0.48587602
-0.23547786
-0.45379395
-0.53199995
-0.02749071
0.23484626
-0.24059387
-0.19067919
-0.12800961
0.3094843
0.22053196
0.08975863
-0.18917423
0.15575808
0.08649249
-0.63107731
-0.18674464
0.36757207
-0.10057838
0.1754116
-0.0142178
-0.06801489
0.51350475
0.14065479
0.26281106
0.29167162
-0.40763725
0.1139255
0.34841184
0.1381287
-0.133073
0.26806185
-0.42253951
-0.24958253
0.36255209
-0.09082413
-0.1621163
0.30669932
0.26410277
0.40012456
-0.25098314
-0.06229657
0.25253117
0.43470792
-0.25480291
-0.00278601
-0.4779468
0.06027198
-0.00048675
-0.00775227
0.29341537
-0.59432908
-0.14066827
-0.54531425
-0.50178602
0.10007055
0.50156853
0.29650587
0.54173475
0.51021512
0.82842076
-0.10121395
-0.01316449
-0.05255612
-0.41205077
-0.26160013
-0.08867072
-0.55781747
-0.28784895
0.04536782
0.36949725
0.49574644
0.46685817
-0.50759694
-0.04314293
0.04810838
-0.14720977
-0.1448527
-0.41257616
-0.42020758
0.01056233
0.589395
-0.44930843
-0.01499161
0.03893015
-0.19409286
-0.38890124
-0.28369018
-0.27528096
0.25531197
-0.36090801
-0.18888138
0.23086654
-0.66810176
-0.45187134
0.09633924
0.30902491
-0.02930229
-0.42489006
-0.2386343
0.01450581
0.34774794
-0.57600408
0.62968794
0.13942154
0.42322319
-0.07469
-0.09244383
-0.55348212
-0.31543991
-0.75466037
-0.4110277
0.78883427
-0.02303734
-0.34666388
0.65556981
-0.18820661
-0.04556521
0.38782921
0.72802765
0.41371048
-0.59820202
-0.12614424
-0.0356831
-0.22184363
0.78713811
-0.01679343
-0.09152113
0.12434887
-0.07876344
0.53763724
-0.23849922
-0.11889034
0.75153275
0.06332657
0.14454189
-0.84582701
-0.20353138
0.55863831
-0.17795169
0.26532305
0.1613692
-0.28130818
0.27102443
0.15433632
-0.34666613
-0.51759962
-0.09621264
-0.08712904
-0.64268795
0.03968058
-0.26960437
-0.05590271
-0.104735
0.16865947
0.19636676
0.45746087
-0.05782734
0.25770269
-0.25633039
-0.30012291
-0.15530257
0.17521759
-0.11945391
-0.34396598
-0.16774677
0.1470638
-0.29867314
-0.31884902
0.25652247
-0.29101756
0.84243494
0.58225542
-0.30515269
-0.41760246
0.27614867
0.46228537
0.20294101
0.06570806
-0.4657657
-0.32795957
-0.14074328
0.20818562
-0.65073779
-0.1056842
0.06805084
-0.31899417
0.27745544
0.51603059
0.21362064
-0.08632634
-0.82182592
-0.68015902
-0.44047815
-0.09427738
-0.30106302
0.08050111
0.16358489
-0.0745413
0.0731422
0.54121463
-0.02705781
-0.0073684
0.21301861
0.51115292
-0.62976819
-0.22078016
-0.31431623
-0.21782184
-0.24050917
-0.02156914
-0.28040056
0.5487345
0.08223496
0.11885228
0.11079166
-0.2459981
-0.25011394
-0.67128753
0.0566897
0.51453349
-0.09815666
0.00869439
0.32877533
0.17129406
0.38063673
0.33256966
-0.5156189
0.08519365
-0.71964782
0.12828841
0.7617438
0.19251766
0.31668697
-0.07514547
-0.37859854
0.36481665
-0.38790656
0.05418003
0.31381
0.24657199
0.93043475
0.25322166
-0.82842227
-0.23932331
-0.57731257
-0.29332765
-0.33621233
-0.52050133
-0.28350527
0.29008317
-0.31342668
-0.0992459
-0.40232397
0.52515684
-0.57175185
-0.36737636
0.19668735
0.17869147
0.17255267
0.15933918
-0.2563984
-0.26114978
-0.70741945
0.7787329
0.15393673
-0.46848897
0.36177807
0.3616842
0.2042266
0.21684352
1.10497438
0.24947729
-0.12199896
-0.46744457
0.14698685
-0.03529856
-0.16554458
0.22250272
-0.29896028
0.60657111
-0.05338396
-0.72048959
0.26788565
-0.02762987
0.56259274
-0.06014795
-0.45923564
0.98749859
0.98428332
0.43477774
-0.20735463
0.01176001
0.31161231
-0.37574705
-0.02391034
0.37982604
0.08779305
0.0214
0.1819066
-0.40128644
-0.39697895
-1.31357686
-0.25935127
-0.00243704
0.33602317
0.22858782
-0.47721563
0.36390847
-0.65653169
0.27674959
0.25236494
0.15339906
0.08640163
0.02118701
-0.02276044
-0.7282881
0.51524047
0.14658666
0.65950141
0.00970501
-0.3912329
-0.15168406
0.39541202
-0.42777136
0.38423015
0.65837098
0.01032734
0.30246577
-0.29944598
-0.50694456
0.2769413
0.30363572
0.59489649
-0.07688463
-0.34940715
0.61256922
0.50159783
-0.17819644
-0.35950782
0.04385039
0.46770362
0.1132604
0.50537019
-0.06363289
-0.1028338
0.27252935
-0.02739352
0.11897318
0.10719172
0.54277506
-0.65146273
0.71559392
0.42969276
-0.10997836
-0.42679172
-0.64814386
0.08941117
-0.11576288
-0.30837929
0.06451779
-0.32085883
0.32582962
0.21104306
0.50688756
0.54203821
-0.122363
-0.61664334
0.44919142
0.24158588
0.14224715
0.30469877
0.61341375
0.20034258
0.24816318
0.15895167
-0.07805023
-0.39130923
-0.22441665
-0.27268235
-0.0852213
-0.50029593
-0.34854463
-0.00203303
0.18437183
-0.05129805
-0.42065157
0.27643269
0.23037838
0.044147
-0.0603279
-0.09157345
-0.10193855
0.70858593
0.31482171
-0.36185217
-0.24794788
-0.84195779
-0.03384678
0.18819499
0.04759995
-0.34384692
0.18548114
0.13204378
0.03219927
0.11538591
-0.35729806
-0.54148783
-0.34931737
0.08429314
-0.64712031
-0.11768375
-0.4034278
0.18256558
-0.29903379
0.08154431
0.07560772
0.44510443
-0.47998631
0.54656079
-0.10931808
0.5779659
-0.13930013
0.70675358
0.0575051
-0.21298618
0.08130698
-0.49601605
0.11748808
0.26101333
-0.6951122
-0.01892544
-0.57257817
-0.52065522
0.17986959
-0.29870226
-0.14589995
0.00013604
-0.21142889
-0.24304712
-0.15484435
0.97238247
0.13521625
0.46154555
-0.16566328
0.03658006
0.40059437
-0.574849
-0.17678743
0.0726222
-0.34864479
-0.83834702
0.1901557
-0.4671884
0.04344409
-0.25389249
-0.26563078
-0.15209372
0.15861721
-0.20211166
-0.11275775
0.0880118
-0.06846069
0.19785939
-0.19197
-0.5962519
0.37141595
0.44010979
0.0900906
0.4311018
0.02765929
-0.53146785
-0.7565043
-0.59803939
0.08169117
0.42986726
0.13607584
0.05199952
0.28771856
0.55550288
0.19742976
-0.42540677
-0.02066691
0.48900782
0.77877538
0.24891206
0.02480381
0.50815047
0.32780368
-0.01514145
-0.00949641
-0.50983807
-0.11642197
-0.27438361
-0.14607998
-0.05741555
0.35342607
-0.58812178
-0.10054214
-0.30754856
-0.03336807
0.40140759
-0.20934251
-0.55704185
-0.06569474
-0.04473583
0.09301367
0.79690788
-0.42208156
0.78799178
-0.80244192
-0.52016894
-0.03827001
-0.08766872
0.07783694
-0.24498515
0.12413641
0.12272566
-0.49297418
0.45652124
0.3482949
-0.03569088
0.2160438
0.07309699
0.21934868
-0.48611394
-0.7740721
0.30398301
0.36274901
0.41038297
0.29025499
-0.2711215
0.11539799
-0.20731372
0.41928146
-0.08504615
0.37819194
-0.04776637
-0.32847672
-0.29370222
-0.25424805
0.48130719
0.37808278
-0.10083214
-0.32954777
-0.13250273
-0.60562179
0.2173482
0.19671581
-0.01869402
0.60121066
-0.17270946
-0.44303406
0.00638672
-0.44881929
-0.11473193
0.73380913
-0.31726545
-0.09789673
-0.00296649
0.39536692
-0.32018282
0.50840203
0.06576608
0.79858205
-0.21429274
-0.13095539
-0.18782205
0.6308129
-0.15215318
-0.18101055
1.01142865
-0.43414561
0.58493633
0.19809913
0.5037344
-0.12608365
0.11839392
-0.13263778
0.34109244
-0.15613427
-0.89808413
-0.38512673
-0.21409526
0.1670917
0.27570243
0.08301243
0.20187545
0.12126912
0.33107688
-0.03523929
-0.05288972
0.12006171
0.62015433
0.16070794
0.1979271
-0.51927201
0.2989222
0.06715485
0.46173326
0.62532876
0.01572697
-0.14213673
-0.16311259
-0.60785729
0.1717355
0.29089729
0.07312802
0.12894376
-0.18417357
0.02268992
-0.06747928
-0.39481726
0.08368633
-0.13242175
0.41338102
-0.33032228
-0.37198603
0.26280367
-0.3807948
0.28762941
0.0965702
0.02924855
-0.45403849
0.02687243
-0.5426331
-0.6732712
0.22638333
0.26646843
-0.0202213
-0.05684116
0.35035519
-0.08428739
0.40013084
-0.42371962
-0.22086065
-0.36829247
-0.04335868
-0.10377492
0.18894232
-0.06148831
0.42743317
-0.18822488
0.17818197
0.21209287
0.45382038
0.12129225
-0.31367206
0.56906596
-0.03605977
0.42110778
-0.18530094
0.20236438
0.10797396
-0.45329578
-0.13573135
0.14575328
-0.01805647
0.10673588
-0.46743609
0.25074062
-0.3514523
0.08206007
0.05109727
-0.57326634
-0.10340154
0.25165337
-0.07390874
0.16640063
-0.54051058
-0.29909219
0.3553661
0.54411223
0.00529974
-0.44421454
0.18429255
0.6397244
0.63593511
-0.14902432
0.02338113
0.62799353
-0.04374386
0.10932157
-0.06451621
0.05734549
-0.47478818
0.11065935
-0.88375601
0.03970968
0.20955922
-0.0401518
0.12880033
0.49336953
-0.14147379
0.11658426
0.193124
-0.2299192
0.17736573
0.20274514
0.24202845
-0.54381507
0.06357655
0.20861381
-0.16486819
-0.10263998
0.38868007
-0.1719395
-0.42074686
0.11582349
0.22667974
0.12970669
-0.66568897
0.2040064
0.12133293
-0.23203288
-0.31027714
0.38312701
-0.24871315
0.33115536
0.24176778
-0.27458951
-0.51631426
0.54030961
-0.16386523
0.14198113
0.60155289
-0.33121103
-0.14730374
-0.47837086
0.46228297
0.08367827
0.20218578
0.71240401
0.29646826
-0.46916792
0.16053373
0.02550118
0.35984813
0.13455676
-0.39865997
0.82896963
-0.16751816
0.37296387
0.08016108
-0.12355425
1.09290146
-0.45620871
-0.31293124
-0.28097089
-0.3389071
-0.03794975
-0.32502408
-0.20641102
-0.30199603
0.33517696
0.20805242
-0.46335546
-0.90110334
0.13063067
0.43287842
-0.44581384
0.25240886
-0.19480953
-0.15130622
-0.33497462
0.09272974
0.20304875
-0.12960886
0.23582219
-0.42876218
0.09353995
-0.59861685
-0.1456354
0.49727293
0.03650285
-0.35528009
-0.48119637
-0.77106845
0.0820911
-0.27558127
0.1970758
0.2731636
0.29074572
1.20253478
-0.19146936
0.39390083
-0.26204498
-0.72415815
-0.75288735
0.11607834
-0.56148303
0.25165576
0.5475414
-0.85905152
0.1378103
0.8041557
-0.84993502
-0.01045343
-0.09316404
-0.12440346
0.87442459
0.24538302
-0.17147729
-0.49016976
-0.09791243
-0.57809154
0.31554171
0.90994712
0.18062784
0.42968428
0.26182963
0.20977668
0.34219595
0.38256601
0.24082035
-0.55106086
