#Number of photons observed douring the burst: 21266
#Average flux [c/s]: 2289.621016365202
#Average variability: 0.15098562856828845
#GRBbn110407998 temporal parameters: 
#                                   T_detection(MET)= 323913419.059768 s
#                                   T_start= 0.6499999999999999 s
#                                   T_end= 9.938 s
#                                   CCF campionation= 1e-6 s
#                                   Fit amplitude= 0.5 s
#                                   Used detector= 8 GBM
#                                   Variable bin size= 10 ph/bin
-0.02339005
-0.00447524
0.0075001
-0.0705623
0.11812715
0.02826812
7.181e-05
0.03706222
0.03911487
0.05560327
0.04063846
-0.06036709
0.01238841
0.00430053
0.07391871
-0.02376504
-0.0056897
-0.08604469
0.0233268
0.07065554
0.00529277
-0.11741706
-0.05199552
0.00715354
0.03548758
0.03703313
0.05530548
-0.03963591
-0.05882762
-0.10343911
0.04843118
0.01133464
-0.05489505
-0.03937478
0.07533691
0.05761755
0.00543604
0.06084068
0.02017474
0.00082681
-0.03207208
0.01225923
0.04330121
0.03817496
0.03004982
0.02703389
0.02754043
-0.02997201
-0.07476851
0.02919109
-0.01891665
-0.06161835
0.0124586
0.10458119
-0.11102598
-0.04941611
-0.10526912
0.00033574
0.04501731
-0.01987192
-0.06959576
0.04341836
0.0479501
-0.05844761
0.0192402
-0.01367436
0.04102847
0.04749082
0.00751099
0.04646984
0.02312296
0.40850228
-0.00291084
-0.01674857
-0.07802872
-0.08681341
-0.01469896
-0.02113019
0.00657434
-0.04066284
0.07238694
-0.02068708
0.07366705
-0.04069057
0.06942784
0.02837333
-0.01580616
-0.01203833
0.10222164
0.03020201
-0.04878261
-0.04100777
0.03841431
-0.0167262
-0.02970724
-0.01146998
-0.02238659
-0.01528614
0.06500415
-0.00634982
-0.03221277
-0.06296659
0.03724412
-0.1343791
0.02621022
0.03260387
-0.01226936
0.0152441
0.00956905
0.01447194
-0.09496475
-0.01764651
0.04753349
-0.03580037
0.02022635
-0.10820543
0.02553187
0.02324042
-0.06091219
-0.02564489
0.11033528
-0.05763087
0.13127544
-0.07951716
-0.12097667
0.05728685
-0.0402133
0.07772661
0.0539354
-0.11104073
-0.09012853
-0.1021115
-0.04150977
0.03348356
-0.06352707
-0.0151477
-0.01738607
0.04323901
0.10951739
0.05862258
-0.02459291
-0.07769561
-0.05930979
0.04026692
0.04699465
-0.12057963
0.0432206
-0.02691069
0.00549482
0.00305102
0.05091023
0.00904884
-0.06833176
-0.03807085
-0.00790355
-0.0029081
0.03556554
0.04378977
-0.16478989
-0.0188947
-0.01284115
-0.10261921
0.02191926
0.05506319
-0.01304359
-0.00358915
-0.00910364
0.02690704
0.01329574
-0.12760673
0.01322853
-0.0154683
0.03282508
-0.0178442
0.06823782
-0.02836901
0.08265669
-0.06259963
0.00192718
-0.08539401
-0.01474656
-0.01505724
0.03694623
0.0598281
0.06058753
-0.07235214
0.01087527
0.06890026
-0.07529816
-0.01255719
-0.0070459
0.02107208
-0.13347973
0.04573181
0.04116802
-0.04293311
-9.837e-05
-0.05560247
0.04243126
-0.05341483
0.13496961
0.07847738
0.05122309
0.13465806
0.04536006
0.06547248
-0.0335009
-0.05508975
-0.04225087
0.08115077
0.27956523
-0.11840267
0.02373504
-0.04109519
-0.00046086
0.10475861
-0.07321062
0.06138328
-0.04483285
0.0341339
-0.06513562
0.03668156
0.02688615
0.10107131
0.01365784
0.02599146
0.42429034
-0.02371029
-0.05994566
-0.06065428
-0.02249568
0.04922867
-0.06182317
-0.02262279
0.01428955
0.08761154
0.00015111
-0.09398486
-0.02948853
-0.01230312
-0.07310334
-0.0382404
0.03466823
0.06916236
-0.04741453
-0.0146751
-0.06883988
-0.40012573
0.3928311
0.0377713
-0.04619892
0.02779388
-0.03987745
-0.00223106
-0.0033367
0.02749972
-0.09187165
0.02531551
-0.03946679
0.0954604
0.02680025
0.04241782
0.02942486
0.05728203
-0.02715388
-0.02330745
-0.003294
0.05418889
0.39351296
-0.06048253
-0.02669452
0.07070547
0.08399426
0.02742472
-0.04695653
0.09837187
0.0136361
-0.03668221
0.1095581
-0.0323274
-0.04746317
0.04576052
0.07139686
-0.01574012
0.03333062
0.02275496
0.04854699
-0.00286734
-0.01097944
0.06592333
-0.01150294
-0.07764877
-0.01800456
0.02017781
0.05577356
0.05491672
-0.0712521
0.05993496
0.03743378
-0.08706296
0.00372649
0.0419142
0.0519818
0.07799201
0.01684562
-0.1135586
0.03252279
-0.06390236
0.01516804
0.0220724
0.01278642
0.04703032
0.04436957
-0.02579646
0.06456618
-0.06155081
0.01133333
-0.02690207
-0.06750896
-0.03952302
-0.02968618
0.10410256
0.02308021
0.00840227
-0.02869827
-0.00472532
-0.05344931
0.03716055
-0.003834
0.00664268
-0.08787946
-0.09370349
-0.01121265
-0.0201816
-0.0314382
0.02837634
0.04879001
0.01860494
0.05452157
-0.00905054
-0.07193036
0.03625998
-0.10816894
0.06365182
0.07584443
0.07349712
0.04192581
0.07890767
0.00929731
-0.001835
-0.0194789
0.08373494
-0.04947848
0.04428834
-0.09278274
-0.11746509
0.01985926
-0.00058772
-0.02919132
-0.02625413
0.11067442
-0.09775612
0.00575733
0.07505857
-0.03365879
-0.01440429
0.03504965
-0.07543733
-0.00850771
0.02547703
0.0786075
0.0193574
-0.02540472
-0.06091258
0.07528042
0.05548508
0.07106565
#999
-0.04460924
0.00922117
-0.10865492
-0.05765936
0.04691133
-0.00270469
-0.10724253
-0.1293131
0.02916147
0.01884123
-0.07408487
0.05510569
0.06840683
-0.05661765
-0.04863978
-0.00049909
0.01898793
0.04416575
-0.0287607
-0.01395345
-0.02051623
-0.03499126
-0.12879111
-0.05445287
0.02353133
0.01157487
-0.00563547
0.01152623
0.03047538
-0.00502943
-0.00995496
0.03958317
0.04041996
0.04514631
0.05287831
0.03078269
0.00459239
0.03153526
-0.12714391
0.10006432
-0.00372574
0.11149567
0.07801446
-0.05393266
0.0298043
0.05413609
-0.12247213
-0.00379611
-0.00243732
-0.07325634
-0.04716896
0.12335318
-0.0316814
0.09659426
0.00153263
-0.10176186
-0.03491071
0.05057246
0.03594926
0.00914554
0.01781617
0.06810138
-0.0113467
0.00686636
-0.01385304
-0.10153168
0.01894365
-0.12299133
-0.0267689
-0.03242573
0.01132618
-0.08458805
0.06260484
-0.07692308
-0.04650236
-0.06184285
-0.08204108
0.04652975
-0.03269877
0.0076147
0.02731542
0.00805713
-0.13009476
0.13479472
-0.04002431
0.04393643
-0.0145635
0.0373433
-0.05651131
0.01455311
-0.01647132
0.02523451
0.06103464
-0.01561563
0.07131261
0.04103533
-0.08146536
0.05464681
-0.06404929
-0.01216283
0.05187722
0.03992073
0.03032263
0.04744797
0.01001749
0.06174296
-0.02864911
-0.03524189
-0.0191279
-0.04813226
0.00105931
0.08299945
0.05368934
-0.02666531
0.04941531
0.01075234
-0.03745018
-0.0513948
-0.05217123
-0.00917119
-0.07942024
-0.0049716
-0.02096353
0.0438763
-0.06827593
0.00433697
0.10639616
0.00672531
-0.01287791
-0.09370388
0.0395137
-0.11871606
-0.07362183
-0.04110332
-0.01975877
0.01891641
0.0132639
-0.02769759
-0.03915077
0.09300769
0.00125945
0.07908246
-0.05759014
-0.00334211
0.02703005
-0.06428918
-0.02292561
0.0158735
0.06830846
0.00188909
-0.04748966
0.02013871
-0.0273044
-0.01151821
0.00516011
0.00088892
-0.03519746
0.02037586
0.02757375
0.01310718
0.14607613
0.04008454
0.34207858
-0.08262889
0.02407081
0.04947383
0.02645787
0.02706118
-0.01990543
0.01725226
0.04585654
0.02551465
-0.02219655
-0.01832446
0.00026029
0.04247826
-0.02914369
0.0071632
0.07491842
-0.08337314
0.17598447
0.05005813
-0.05081654
0.00616015
0.00322963
0.08023759
-0.13961737
-0.00477646
0.10182636
-0.04697403
0.03624949
0.08811467
-0.07497647
-0.0180383
-0.08953896
0.01544455
0.0106004
-0.02489622
-0.05603886
-0.05314684
-0.04417503
-0.04946322
0.05950627
-0.04867698
-0.0210182
0.00062644
0.05650179
0.02849822
-0.10603871
-0.00886456
-0.09526612
-0.04695506
-0.01936802
-0.00050019
0.08367322
-0.04985524
0.42135303
0.0002333
-0.01559567
0.07713144
-0.05286556
0.06450035
0.02686968
-0.04810464
0.08981164
0.00487188
0.01255702
0.00852236
0.06257695
0.08033338
-0.06803684
-0.1140276
0.01411631
0.00025478
0.09034316
0.05613707
0.01109774
-0.0102119
0.04017632
0.06838137
0.00741494
0.07560966
0.07463917
-0.02415398
-0.03078657
0.0033815
0.04630513
0.06546082
-0.01361304
0.0613628
-0.03953073
0.04035343
0.01223304
0.00245463
0.07056266
-0.03108648
0.00339013
-0.00671317
-0.15776385
0.04327774
0.0238566
0.05921054
-0.09750146
0.11661702
-0.01693829
-0.00328112
0.0879863
0.1071206
-0.11007319
0.04012024
-0.03019727
0.00695819
0.08064129
-0.08416037
0.08984335
0.01283623
0.00265154
-0.0110803
-0.02093713
-0.05979077
0.04831172
0.08204995
-0.01353522
0.02315582
0.09724259
-0.04973302
0.05072946
-0.0397293
0.01112878
-0.02631242
-0.06673023
0.06139713
0.11598865
0.02853101
-0.04988472
0.10562199
-0.03679291
0.01315539
-0.03192818
-0.09404522
-0.03241398
0.02451405
-0.04232579
0.07832527
0.03785432
0.03905882
0.04212504
0.0763028
-0.03351944
0.14406561
-0.11587624
-0.00693959
-0.08464361
-0.04391771
-0.01083022
0.06013424
0.06737176
0.01564835
0.01985337
-0.02858927
-0.01698488
-0.04764771
-0.0884116
-0.00116857
0.00276248
0.03784649
-0.05351143
-0.05107314
0.02821112
-0.03911995
0.02623774
-0.02608636
-0.00275161
0.07725109
-0.0878912
0.02333638
0.07312475
0.04836982
-0.01978586
0.02878519
0.06261216
0.01045397
0.00161914
-0.05639636
-0.1266513
-0.09303602
0.05374859
-0.05864444
0.07327623
0.02881623
-0.00040717
-0.03700476
0.0173563
-0.01158369
0.01620924
0.01088668
-0.02953658
-0.06574617
-0.00359289
-0.01870359
-0.0840314
0.11182376
0.12419532
-0.0732597
0.01316141
0.06622428
0.03015508
-0.10395263
0.02487939
0.01212632
0.05902124
-0.09881079
-0.02283606
-0.11033688
-0.07591562
0.03528783
0.1304531
0.02123559
0.0156764
0.02950814
-0.00871807
0.08263327
-0.05275718
-0.03609199
-0.01131923
0.04642839
0.07274966
0.08096837
0.02177033
-0.02633933
0.00416244
-0.0351489
0.00253553
-0.05624626
-0.10390615
0.00133162
0.03864709
0.01365103
0.03466895
0.37427046
0.07580161
0.04647114
-0.10112765
0.0134902
0.03104567
0.09357285
0.02896214
-0.05160497
0.0795769
-0.07176195
-0.07316187
-0.07808406
-0.11091
0.00748293
0.04206055
-0.03437344
-0.04212466
-0.0529555
0.05178692
0.04339372
-0.09786278
0.12382452
-0.00342328
-0.01367512
0.39824355
0.06303265
-0.04951914
0.02789139
0.01170251
-0.03220718
-0.03929949
-0.38147397
0.00755936
0.39224803
-0.0358868
0.06393105
0.03682923
-0.04634406
0.09892587
0.05599036
-0.02771686
-0.00279005
-0.010314
-0.00058518
-0.02105565
-0.00147692
-0.00937106
0.00460337
0.00908038
0.01436174
0.05315796
-0.0210151
-0.04281023
0.0007813
-0.0847514
-0.04146643
-0.01663414
0.07752284
0.06069409
0.0264804
0.06430776
-0.00120756
0.05611792
0.07240373
0.00497029
0.08817534
0.02704775
0.00902407
-0.05129507
-0.0601743
0.03168845
-0.00919756
0.07684084
-0.08121205
0.08854519
0.41452523
0.03018074
-0.00725709
-0.08465485
-0.02744137
0.05295798
-0.0396826
0.00359184
-0.1096758
-0.00227008
0.01758526
0.01687064
-0.0059228
-0.01285113
0.00709821
0.00516085
0.11136108
0.03223492
0.0671719
-0.01670326
0.13008969
-0.03830457
0.00497317
-0.05156322
-0.01602114
-0.02009327
0.07820351
-0.12070877
-0.09368581
0.01153026
-0.05131761
-0.00093928
-0.0330309
-0.02026076
0.05170695
-0.05089995
0.11236066
0.4090673
0.10187654
0.02989952
0.05329132
-0.04877588
0.05741713
0.02137785
0.11011066
-0.03750763
-0.00957868
-0.09273633
0.01397916
-0.02957655
-0.04266273
-0.05578586
0.07452147
0.01407962
0.07776508
0.13040154
0.02428307
-0.08030483
0.0041968
0.0310287
0.01685438
-0.12043843
0.00616794
0.02538772
-0.00109345
0.03656687
-0.03278174
0.08685389
-0.13973039
-0.00126762
-0.07283394
0.00117571
0.11020523
0.0542344
-0.05776771
-0.0402568
0.06981837
0.05102836
-0.03150136
0.01808004
-0.06891337
-0.03769658
0.02665523
-0.0986453
-0.00068841
0.00730335
0.00138458
0.07870842
0.10668597
0.03433651
-0.05758609
-0.04229845
0.00514604
0.04450073
-0.05171042
-0.02665644
0.00213427
-0.1098541
0.09467666
0.01011593
0.0538478
-0.09457113
0.00879531
-0.00089475
-0.00554212
-0.02862914
0.00580045
0.05167772
-0.00732103
0.00493466
-0.0653554
0.05323822
-0.03644189
-0.02532994
-0.10857831
-0.06440044
-0.08713637
0.03319451
-0.00330817
0.0218323
-0.00922133
-0.04567316
0.00894016
0.04802467
0.05498456
0.01767448
0.01182811
0.06203568
-0.01628447
0.05042214
0.07103748
0.04962268
0.01080733
0.06900482
-0.01435962
0.06414274
0.08439759
-0.01568842
0.00382705
0.02297197
-0.0136456
0.09852129
-0.0687656
-0.00052671
0.02564291
-0.00989863
-0.11883016
