#Number of photons observed douring the burst: 138520
#Average flux [c/s]: 1455.3324718168542
#Average variability: 0.012093182962599605
#GRBbn100224112 temporal parameters: 
#                                   T_detection(MET)= 288672057.477088 s
#                                   T_start= -17.560000000000002 s
#                                   T_end= 77.621 s
#                                   CCF campionation= 1e-4 s
#                                   Fit amplitude= 0.7 s
#                                   Used detector= 4 GBM
#                                   Variable bin size= 10 ph/bin
-0.05948685
0.04123384
-0.12378338
-0.03085889
0.01283465
0.02290041
0.04862974
-0.12935313
0.05036845
0.02690997
0.00393033
-0.07301811
-0.11406964
0.02418785
0.09379602
0.12630902
0.08078838
0.03669076
-0.02051625
-0.09914079
0.19279799
-0.09387188
-0.10359023
-0.00264062
-0.1028929
0.00107799
0.15490306
0.23781849
0.18697627
0.10997219
-0.13849141
0.06003523
0.11219242
-0.11104202
-0.22014553
0.05226388
-0.03798609
0.05839006
0.00909513
-0.07394854
-0.07565989
-0.04104018
0.05870868
-0.087302
-0.11477086
0.07973078
-0.14091593
0.10864489
0.12142918
-0.0603652
0.08324086
-0.60129445
-0.02128181
0.12592888
-0.07971466
0.08654789
-0.12216957
0.02047077
0.10718244
0.02547637
0.16965056
0.20760419
-0.14141845
0.02661015
0.01222761
0.04040339
-0.11175781
-0.0759218
-0.10855899
0.06771538
-0.13161266
0.04021207
0.0516376
0.06774422
0.02755742
0.06657228
0.08806642
0.1269868
0.06757457
-0.00773467
-0.05149362
0.06071527
0.00094375
-0.01422666
0.10964177
-0.05320899
0.08305331
-0.16445485
-0.13934905
0.01349206
-0.16545656
0.07332938
0.02737719
-0.47719677
0.01631503
0.01953177
0.14710079
0.00938679
0.03879487
0.01824673
-0.03953995
0.15118373
-0.03782243
0.09289102
-0.09547076
-0.20699283
0.00732908
0.13889154
-0.079365
-0.08174882
0.0480599
0.08630175
-0.11035355
-0.13439512
0.03756275
-0.06173224
-0.02722289
0.0135713
0.00102472
0.04470444
0.15701125
0.12292321
0.09590249
0.06889047
-0.142887
-0.00759181
0.07294367
0.05345952
-0.06295402
-0.02316285
-0.01995733
0.11547338
-0.05169883
0.0370838
-0.12996684
-0.06282851
-0.11407196
-0.06336347
0.0360022
0.09945708
-0.05913553
-0.11295588
-0.07294934
-0.15013239
0.08541626
0.04451315
-0.0377901
-0.01117468
-0.05392635
0.05712983
0.09363532
-0.05133288
-0.04660593
-0.14526884
0.06092422
-0.07096078
-0.0350316
-0.03481068
-0.07724264
-0.11973126
0.08440094
0.05292195
0.04631712
0.09441468
0.04034953
-0.06730367
-0.03107201
-0.06684421
-0.19365604
0.03450412
0.03563052
0.00355709
0.02466093
-0.21811906
-0.00952214
-0.03381615
-0.03785229
0.1054611
0.10080522
-0.17494494
0.0425553
-0.10872668
0.05915168
0.0902328
-0.06413759
-0.07643133
-0.07690205
0.1524423
0.10606635
-0.18751437
-0.32896905
-0.1074191
0.01466754
0.00228881
-0.14561782
-0.11518927
0.01307615
0.14368812
-0.03742541
0.06095505
0.10872
0.02790234
-0.15367169
0.05359242
-0.12237915
-0.05627488
0.00859326
0.03586537
-0.14387602
-0.29329341
0.04693635
-0.01371545
0.05928473
-0.03689524
-0.0397648
-0.124979
0.0542947
0.00678619
0.09999229
-0.04890026
0.07132366
0.0978381
-0.06412498
-0.0796296
0.02175506
-0.09133433
-0.40491026
-0.05340118
0.1124628
0.17430806
-0.01254393
0.03094226
-0.08053345
-0.06664649
-0.14579842
0.07436334
-0.06832176
-0.00558173
0.03583627
-0.20832617
0.06472482
0.03164704
-0.22510916
-0.05131573
-0.0286201
-0.07055021
-0.18015799
-0.13178925
-0.09032729
-0.20492996
-0.05216126
0.03572915
-0.21339791
0.11705757
0.02347914
0.04763247
-0.16624098
0.08897941
-0.05503813
-0.10568199
-0.14839172
-0.00855458
-0.07627187
0.11404981
-0.028537
0.00410035
-0.08118306
-0.17035445
0.02300449
0.16102639
-0.02128572
0.16772169
0.00092458
-0.05540303
-0.10369791
0.09782421
-0.05909483
0.06548249
0.12230841
-0.02541718
0.16669077
0.06138215
0.06465242
-0.05867145
0.23998818
-0.13366112
0.0558823
0.05670679
-0.12325868
-0.08452349
0.11869689
-0.00069602
-0.08240567
0.07651401
-0.01995323
-0.09840183
-0.04074248
-0.07300245
0.04542862
-0.11814438
0.1249109
-0.1196272
0.12027797
-0.06752869
0.15459818
-0.06852147
0.1369305
-0.0045814
-0.03160799
0.14713334
-0.01376142
0.0228693
0.05249443
0.09087342
-0.03697364
-0.06533052
-0.19668449
-0.10239787
0.08411876
-0.14598633
0.25337666
-0.0889307
-0.13020131
-0.00884147
0.04854121
0.05821898
0.09754524
0.01215315
-0.16918716
-0.04775213
0.07946814
-0.28739387
0.05553506
-0.00161496
-0.0546964
0.00432247
0.08796464
-0.01258678
0.14638066
-0.00709642
0.17481039
0.03040525
0.07941408
-0.0810471
0.02033998
0.12846832
0.01883029
0.04613599
0.08483057
-0.0843023
-0.02553703
0.07533962
-0.07561192
0.00522765
-0.00793064
-0.00881721
-0.03421505
-0.0564835
-0.12295831
-0.05195381
0.04054722
0.05341535
0.16592214
0.17553138
-0.06054709
0.16388803
0.05976594
0.00849249
-0.06693513
0.19212049
0.01496033
0.17729641
0.00182765
0.00650609
0.13404643
0.1295668
-0.10565141
0.02744264
-0.01106722
0.03533682
-0.15837072
0.09418096
-0.09811176
-0.02420978
0.05920384
-0.06706811
0.00117339
0.06185572
-0.12634911
-0.10320321
-0.27723204
0.06292847
-0.03717595
0.07151237
0.06750753
0.00478477
0.0314931
-0.17319069
0.01614063
0.07605316
-0.00560277
0.10728264
-0.08584788
-0.0722536
-0.07636749
-0.06482732
0.15856472
-0.03526197
0.14997347
-0.15331346
-0.01160081
0.02971209
-0.03268643
-0.13249707
-0.0812545
0.09583792
-0.08094797
0.14542027
-0.12682176
0.13568255
0.11795079
-0.15780055
0.15321443
0.07389833
-0.11555032
0.02164496
-0.07629276
0.06277867
0.09307917
0.01882544
0.04970006
-0.07901051
0.04614433
-0.04190113
-0.09967558
-0.11134911
-0.01821131
-0.1189811
-0.23801885
-0.17342485
0.14325732
-0.14916319
0.11074671
0.11333908
0.02093198
-0.07011209
0.0361023
0.07155238
0.17821527
-0.03961431
0.08333526
-0.03177133
0.01426099
0.12188767
0.05846125
-0.13089619
-0.00547369
-0.03708974
0.06290167
-0.05590296
0.15815629
-0.01012067
-0.01670497
-0.066015
-0.03324675
0.03301889
0.03664236
-0.18825408
0.06547168
-0.04533626
0.05927607
-0.15077493
-0.1013911
-0.20087331
0.12628205
0.071354
-0.11280569
0.09314379
0.00549119
-0.02075745
0.00577343
0.17937833
-0.2594278
-0.13444069
0.1899429
0.08013142
0.10073859
0.06016539
-0.09052098
0.13395644
-0.12429162
0.02049454
0.07202636
-0.15804199
-0.17685143
-0.00834627
0.08563298
0.06909584
0.01048306
0.51461023
-0.04745814
0.09379895
0.17403999
0.0347029
0.08835685
-0.11231837
0.01207684
-0.09807575
-0.01902427
0.12441983
0.11553665
-0.04337474
0.10106394
0.05017539
-0.16275679
-0.04727614
0.08057549
-0.02587909
0.03224792
0.06513184
-0.09277318
0.07165483
0.16753016
-0.20451149
-0.1037185
-0.06767516
0.01214822
0.09695192
-0.19880839
-0.09409296
-0.10903117
0.20918666
-0.04551827
0.14951591
-0.10999738
0.10128154
0.20034756
-0.07201556
-0.02681603
0.1116212
-0.02709157
0.05708261
0.05652261
-0.01737436
-0.09613368
0.0348652
0.02373845
-0.04470426
-0.11187014
-0.08874095
-0.32727426
-0.02419252
-0.05021398
0.10351231
-0.06474459
-0.05789031
0.08705458
-0.0096139
-0.03610944
-0.22814423
0.08369317
-0.02415872
-0.0694432
-0.01829533
-0.027774
0.02588759
0.10119625
0.04315062
-0.03733446
-0.0504032
0.02987572
-0.11624736
0.12820225
-0.00130485
0.02859784
-0.08716677
0.08454508
0.07169352
-0.10315726
-0.01174461
0.08563254
-0.12537265
-0.16090263
0.0425203
-0.10739886
-0.10313513
-0.09361017
0.04845828
-0.03124518
0.08509966
-0.07483125
0.03011301
-0.09417308
0.1082067
-0.12991374
0.0904621
0.06409244
-0.07419923
0.1332417
-0.19942338
0.1484832
-0.0348278
0.14177031
0.07138248
0.06529383
0.09192656
0.12663482
-0.16163039
0.04689217
-0.0968761
0.01194824
0.07130967
-0.08164013
-0.11348815
-0.07715565
-0.13824038
0.08124273
-0.06317487
-0.06765353
-0.08464914
-0.17745055
-0.05531306
-0.02562244
-0.09374843
0.18092388
-0.25512417
-0.05545862
0.08826876
-0.10465696
0.19440057
0.02032901
-0.10369418
0.0297548
-0.08717955
0.08205457
-0.06272102
-0.04195248
0.03978613
-0.07651866
0.03513816
-0.17702722
-0.13331085
-0.11988956
-0.13627783
-0.07579722
0.15566642
0.08528226
-0.04701812
-0.09345621
0.20496162
0.098906
0.15994755
0.10188394
0.3234837
-0.22687485
-0.00136054
-0.05168782
-0.14462701
-0.08406456
-0.29651616
-0.05094693
-0.07551441
0.07949147
-0.0520664
0.07831335
0.07958713
0.09067965
-0.04375788
0.05823063
0.15551017
-0.04030472
0.03598822
-0.16360865
0.00894283
-0.07232304
-0.66966303
-0.12728228
-0.1196305
0.04378885
0.09727926
-0.1049952
0.16254669
-0.02455466
0.0180433
0.08014354
-0.0671352
0.01713139
0.08592108
0.04914541
0.11812859
-0.06496965
-0.00486458
0.12029583
-0.10300969
0.04105637
0.16392542
-0.01820728
-0.02319633
-0.13969759
0.02664336
0.09755128
-0.15794954
-0.04561045
0.09243212
0.05400705
0.04816349
0.07256475
0.01003323
0.02504306
-0.03335125
0.03521953
-0.15910561
-0.07260852
0.06131003
0.06446823
-0.15549233
0.03323933
0.17334781
0.11746402
-0.01639984
-0.11672116
0.17469954
0.13861137
-0.10057657
-0.35159667
0.07769976
0.02078098
-0.25475144
-0.04375892
-0.04199718
0.05234762
0.03826776
0.00729994
-0.08524936
0.06130676
0.09420055
-0.02062252
0.08508132
0.0070061
0.00695811
-0.14231542
-0.07097883
-0.16126135
0.06352517
-0.05506248
0.15580793
0.18924517
-0.04053569
-0.08373952
0.03645667
-0.08021757
-0.04275695
-0.10759483
-0.02486913
-0.00346007
0.02318453
0.19443919
-0.12037832
-0.0380082
0.1027534
-0.10555691
0.03399444
0.00135745
-0.0582054
0.05460769
-0.12546937
0.05216494
0.03143372
-0.13640465
-0.00959599
0.0807858
0.15797116
-0.04560233
0.16340413
0.08645587
0.17886761
0.29550419
0.1201598
0.18799748
-0.06830384
-0.06359548
0.03150962
-0.03376433
-0.01164866
-0.00128308
-0.0145642
0.01201473
0.08567901
-0.03221454
0.03650082
-0.18080241
0.06060489
-0.0961149
0.10664401
0.07865895
-0.05088494
-0.05332222
0.13541293
-0.01178417
0.09502647
-0.09994836
-0.06634108
-0.05893019
0.01003522
0.04225701
0.10561569
-0.08068113
0.01224356
-0.12464932
-0.11643107
0.00074319
0.01651075
-0.0533475
0.08726811
-0.09410769
0.00517765
0.02526617
0.12581775
-0.08077577
0.0858706
-0.05893058
0.0088969
-0.01675044
-0.07552487
-0.09134526
-0.03351049
-0.06933089
0.02271868
0.05409158
-0.0647231
-0.09591535
0.12690995
-0.0384024
-0.05749359
0.11104797
0.01018154
-0.07022411
0.09114485
0.00295714
0.20429878
-0.01337252
0.01976905
-0.25516315
0.15069885
-0.42983903
-0.27017813
0.05204966
#999
0.01416548
0.08355104
-0.00092318
0.03088044
0.08294251
0.00606885
-0.02826028
0.00079842
-0.09890014
0.06214789
-0.0545925
0.1782986
-0.12285349
-0.07566757
-0.06217937
-0.08394961
0.1371521
-0.23607159
0.09089725
-0.01104129
-0.50886298
0.02996419
-0.02320885
-0.08597685
0.17476959
-0.07507268
0.00460378
-0.12304794
0.08639502
0.07882734
-0.0616948
-0.03922332
0.09118467
-0.15195994
-0.08140983
0.00727904
-0.02521413
0.15019421
-0.01530723
-0.02220916
-0.02787434
0.13211314
-3.78978247
0.44899707
0.01877482
0.03317998
0.0793244
0.1054301
0.12469927
0.03915591
0.09460157
0.10090048
-0.04396386
-0.03437767
0.2402248
-0.15024441
-0.14764833
-0.0731431
-0.02201115
0.17757339
0.0055965
-0.02793852
0.09929443
-0.05389897
0.03968394
-0.25523412
-0.26050894
0.04615056
0.03071751
-0.06863013
0.02911766
0.00611377
-0.02181113
-0.10563002
0.20077909
-0.10336589
-0.07578764
-0.03312355
-0.62311024
-0.1740332
-0.12195051
0.04070449
-0.03667059
0.00193125
-0.0413811
0.06195007
0.16391753
0.11476537
-0.08470594
-0.12581539
0.0056625
-0.0687119
-0.07303384
-0.09838082
-0.07557749
#999
0.01035721
-0.01302814
0.0882481
-0.01358997
0.11502617
0.18207685
0.29511922
-0.02321937
0.05590066
0.03676177
-0.00445769
-0.0549122
-0.09164031
0.14551054
-0.17341876
-0.00288583
-0.05518582
0.06554705
-0.02307174
0.05453866
0.01456978
0.1488078
-0.07123696
0.03497257
-0.07243082
0.07662638
0.04607389
0.02838328
0.06256846
0.08181142
-0.0728299
0.13306058
-0.10801718
-0.12060179
-0.05187803
-0.0829273
-0.04597649
0.23969805
0.09138737
0.02745528
-0.01430028
0.03874314
-0.03034956
0.01186721
-0.10854848
0.10646906
-0.20277131
-0.02536645
0.08667951
-0.37142603
0.1674216
-0.00943849
-0.06190191
-0.16868473
-0.0274768
-0.10844479
