#Number of photons observed douring the burst: 28377
#Average flux [c/s]: 1707.4007220216608
#Average variability: 0.13024781759991771
#GRBbn100910818 temporal parameters: 
#                                   T_detection(MET)= 305840265.963206 s
#                                   T_start= -0.10399999999999987 s
#                                   T_end= 16.516 s
#                                   CCF campionation= 1e-4 s
#                                   Fit amplitude= 0.1 s
#                                   Used detector= 1 GBM
#                                   Variable bin size= 10 ph/bin
-0.0003242
0.0012046
#999
0.00065309
0.00191897
-0.01402394
-0.00215775
0.0002697
-0.00051472
-0.00946772
0.00267285
-0.00273234
-0.00575387
0.00245325
-0.00082614
-0.00303824
-0.00107926
0.00527947
0.00402113
0.00803508
0.00022873
0.00100049
0.00172992
-0.00815616
-0.01058693
0.00629729
-0.01139795
-0.00262185
-0.00650363
0.00450795
-0.01392254
-0.01125562
-0.01758825
0.00904212
0.01794589
-0.01276151
0.00356414
-0.0067576
0.00452991
-0.00092593
0.00815785
0.00679354
-0.00780319
-0.01291584
-0.00734222
-0.00553046
-0.00450749
0.00510448
0.00427785
0.00546134
0.00809638
0.00052257
-0.00133579
0.00191018
0.00362713
0.01444025
0.00851219
0.00695372
0.00388326
0.00111159
-0.00202824
0.00787635
-0.02084851
0.00152598
-0.00427977
0.00472263
0.01037876
0.00041031
0.00261828
#999
-0.00434014
-0.00587927
-0.00911036
-0.00702356
-0.00155721
0.00504927
-0.0072883
-0.00611392
-0.01195767
-0.01055473
-0.01296159
-0.01713726
0.02574642
0.00743988
0.00464723
0.01263458
-0.01659064
0.00149778
-0.00922491
-0.00169445
-0.00819293
0.00159986
-0.00146799
-0.00462791
0.00043208
-0.0090253
0.01146224
-0.00244855
0.00171299
-0.0101796
-0.01111297
0.00735539
-0.00646069
-0.00305125
-0.00488962
-0.0055586
0.0063188
-0.00851696
-0.00430199
0.01298469
0.00379375
-0.00327977
0.00154699
-0.00290771
-0.00012873
0.00919271
-0.00674165
-0.00646084
0.00262827
0.00935827
-0.00554199
0.02743371
#999
0.00668563
0.00852036
0.00422062
-0.00344223
0.00733246
0.00515729
-0.01849289
-0.00456251
0.00599326
0.00415783
0.01183046
3.447e-05
0.00077628
-0.00319045
0.01169824
0.00701236
-0.00400441
-0.01313177
0.00919146
-0.01151817
-0.00555229
-0.00708071
-0.00121253
-9.246e-05
-0.00741421
0.01950985
-0.00956819
-0.01771215
-0.01331844
-0.00266046
0.00668848
0.00404319
0.00573882
-0.00190671
0.00078262
-0.00422379
0.00203348
-0.00316539
-0.00436002
-0.00742011
-0.00876343
0.00300218
-0.00825401
-0.00509554
0.00983307
0.00541981
-0.00162303
0.00501852
-0.00211777
-0.00668569
-0.00463611
0.00675088
0.02145534
-0.00877122
0.01050461
0.00671596
-0.00416587
-0.00237905
0.0070241
0.00139968
0.00827356
-0.00279195
0.00497859
0.00346451
-0.00230907
0.01033223
-0.00804486
0.0211937
-0.00637343
-0.00189335
0.00177653
-0.0096009
-0.00857501
-0.02197325
6.463e-05
0.00967016
0.00804326
0.01466606
#999
-0.00600349
-0.0027137
0.00371988
-0.00323926
0.01124011
0.00701064
-0.01309391
0.00438874
0.00721919
0.00293736
0.00881347
-0.00450683
0.0030942
-0.00505686
-0.00034379
-0.00494312
-0.01231942
-0.01071052
-0.00329871
0.01000698
-0.0169555
0.00432548
-0.014691
0.00905183
-0.01073134
0.00605166
-0.00912522
0.01385866
-0.00302141
-0.00466609
0.0036892
0.01018349
0.01425603
0.00520714
0.00220803
#999
-0.01164867
0.00442349
-0.01507155
0.00053922
0.01405245
-0.00590025
-0.00698596
0.00868544
0.00412176
-0.00831258
0.00181085
-0.00666501
0.01693717
0.00784784
-0.01850097
0.00185343
-0.01250774
-0.01199049
#999
-0.00735008
-0.01141905
-0.02064289
-0.00814114
#999
0.01860133
0.01458656
0.00829786
0.00486894
-0.00979139
-0.00336327
-0.01112183
0.01316288
-0.00742856
-0.00368012
0.02013897
0.00234702
-0.00597961
0.00849008
0.01818328
-0.00798472
0.00467115
0.00209235
#999
0.01061923
0.00346089
-0.00657228
-0.00010133
0.01293436
-0.0114316
0.00556756
-0.00157237
-0.00988158
-0.01072154
-0.00044554
-0.01198977
0.00310516
-0.00398323
-0.0022434
0.00352808
0.00156174
0.01054289
0.00813282
-0.00249024
-0.00300079
-0.00355804
0.00553238
-0.0143139
0.01056029
0.00922948
-0.00030176
0.01578628
0.00474073
-0.0017536
-0.01874463
0.00324115
-0.01053821
-0.01425763
0.02226146
#999
0.00350049
0.00578299
-4.031e-05
-0.01381809
0.00010893
-0.00798917
0.00516886
-0.02441486
-0.0005355
-0.02315046
0.01530855
-0.00952653
0.00025018
0.009481
-0.00098772
0.00160942
0.00327989
-0.00441405
0.00182359
-0.01288695
0.00250809
0.01080866
-0.00109701
-0.00466933
-0.00580065
0.00893529
0.00095984
-0.00289305
0.00509909
#999
-0.00472522
-0.00219547
-0.00953009
0.00875136
-0.00880375
-0.01290937
-0.0061762
-0.00587415
-0.00855174
-0.00497618
0.00232759
-7.553e-05
0.01203793
-0.00748088
0.00481614
-0.00032194
0.00505453
0.00433821
-0.01594022
0.00107986
-0.0014009
2.117e-05
0.00531854
-0.00688201
-0.00225669
-0.00036072
-0.00690761
0.0120618
-0.0106038
0.01077885
-0.00143224
-0.01241073
8.691e-05
0.00945558
-0.00115645
-0.02023717
0.0086884
0.00962047
-0.0016456
-0.0004743
0.00747782
0.00354476
-0.00360942
0.00233941
0.00324784
-0.00673203
-0.00746577
0.00360955
-0.00627797
-0.0058419
-0.00442922
-0.00606831
-0.00056792
-0.00445434
-0.00632404
-0.00382077
-0.00509367
#999
0.01647995
-0.00254536
-0.00111201
0.00654344
-0.00603686
-0.00223256
-0.00922244
0.00424551
-0.01454261
-0.004131
0.00196835
-0.0015807
-0.01230642
0.00043478
-0.00927515
-0.00442638
-0.00581665
0.00563751
-0.00522418
-0.01002535
-0.00796048
-0.00951525
0.0060726
0.00200264
-0.00908533
-0.00902484
-0.00354635
1.723e-05
0.00595082
0.00583785
0.007567
0.00180061
-0.00711416
-0.00370249
-0.00089897
-0.00164221
0.00254802
0.0026789
-0.00098439
-0.01005521
0.00185033
0.00220266
-0.00169207
-0.01469279
0.00247201
-0.00794612
-0.00936602
-0.00698207
-0.00707442
0.00060173
0.00157822
0.00463314
0.00482534
-0.00129057
0.01557588
-0.00515147
0.00613832
0.00964123
0.0123861
0.00334095
0.00417383
-0.01506849
-0.00351218
0.00398165
0.00515354
0.00121832
0.01414758
0.00183526
0.00308252
-0.00032319
0.00541962
-3.811e-05
-0.00222395
0.00769609
0.00410311
-0.00138815
0.00946969
0.00865485
0.00225954
0.01286904
-0.00190254
-0.01646381
-0.01319748
0.00278236
-0.00765096
-0.00437052
-0.00325126
0.00988631
0.00682201
0.00927321
-0.00063868
-0.01495786
0.00197602
0.00325874
-0.00388344
0.00935854
0.00760311
-0.00163041
-0.00410748
-0.01248891
#999
-0.00229796
-0.00015718
-0.0015842
0.00404083
-0.01053898
-0.01677079
0.00985227
-0.00316473
0.00082071
0.00215496
0.00021685
-0.01387357
0.00463565
0.00848601
-0.01238448
-0.00433981
#999
0.00471814
0.0018022
-0.00982867
0.01073894
-0.00640653
0.00376876
-0.02423027
0.00407802
0.00675946
0.00582504
0.00041852
0.00630376
-0.01370535
0.00318622
-0.00351704
0.00324571
0.01391837
0.00376198
0.00998014
0.00716105
-0.00020744
-0.0039407
-0.01622514
-2.96e-06
0.00929664
0.01048874
-0.00262615
-0.01550908
-0.00250796
-0.00379727
0.00067648
-0.00668695
0.00914728
0.00329831
0.01255864
0.00559493
0.00674745
-0.01476892
-0.01219209
-0.00165071
-0.00395062
0.00835349
-0.00904259
-0.01261552
0.00960824
0.00565035
-0.01466465
0.0022278
-0.00776215
-0.00665524
0.00268389
-0.00653912
0.00198707
-0.00528845
0.01280613
-0.00299926
0.00221576
0.00497588
-0.00142293
-0.0048867
0.01562203
-0.00784625
0.00146252
0.00503334
0.00126699
-0.01860172
-0.00782947
-0.00272125
-0.00037139
0.00444057
0.01449976
-0.01616179
#999
0.01137428
0.00257059
0.00669434
#999
0.00121994
-0.00352674
0.00940678
-0.00471816
-0.00898097
0.00057717
-0.01529362
-0.01065565
0.00306977
0.00955638
-0.01472536
0.00214007
0.0089949
-0.00151608
0.0019021
0.00848338
-0.01394059
-0.0008588
-0.00742189
-0.00311922
0.00112333
-0.00462697
0.00300371
-0.0028872
-0.01505036
-0.00229938
0.00384364
-0.00487255
-0.01595851
0.01268325
0.00206578
-0.00514832
0.00521945
-0.00865767
-0.02657259
-0.00547962
-0.01130115
0.00406986
-0.00495448
-0.01371346
-0.00315901
-0.00114924
-0.01064514
0.00083453
0.00778904
-0.0013107
0.00230546
0.01071561
0.00148878
0.01389122
-0.00944051
0.0017766
0.01724365
-0.00505046
-0.01566965
-0.00369847
-0.00131835
-0.01023763
0.00806773
-0.00347587
0.00267856
0.00559841
0.00802088
0.00376275
-0.00081547
-0.00733057
0.00710986
-0.00424791
0.00047719
-0.00181447
-0.00122505
-0.00902976
0.00702477
-0.02337247
0.00013071
0.01690228
-0.01104659
0.00738695
#999
-0.00524107
-0.00914744
-0.00022009
0.00685609
-0.00952556
-0.01238757
0.00434082
-0.00433037
-0.00584377
0.00504091
-0.01220613
0.00743821
-0.0093875
0.00311079
-0.00536801
-0.01516776
-0.00486957
0.007431
0.00542563
-0.00062348
-0.00768515
0.01277643
-0.00981327
0.00671014
-0.00964864
0.00713873
0.00975372
0.00476107
-0.019618
-0.0147005
0.00370998
#999
0.00114769
0.00122008
-0.00625459
#999
-0.00405501
-0.00612314
0.00184478
0.00346757
0.00611533
0.01163668
-0.00642248
-0.00818646
0.00254008
0.00089604
0.00078414
-0.00842513
0.00640311
0.00629526
-0.0150583
-0.00725458
0.00432635
-0.01439022
0.00897255
-0.00345897
-0.00052673
-0.00810281
0.01240133
-0.00707802
0.01423812
0.00859766
0.00634564
-0.00027173
0.00409885
-0.00342363
-0.00108315
0.00275459
0.00651984
0.00573825
-0.0012049
0.00416327
0.01007115
-0.00425628
0.00731927
-0.00076589
-0.00044687
-0.00177315
-0.01140391
0.00739463
-0.01955218
0.00124511
0.00303877
0.00446235
-0.01624085
-0.00743525
-0.00437354
-0.00441958
-0.00266094
0.01120305
-0.00650514
0.00491961
-0.00869248
0.00719095
0.00233848
-0.00391798
-0.00608014
-0.02054387
-0.00034606
0.00360191
0.0036077
0.01068302
-0.00200079
0.01367827
-0.0179833
0.00765693
0.00408899
-0.00264835
-0.00296855
-0.01626782
0.000217
-0.01476203
-0.0016947
-0.00917069
-0.00586427
0.01583176
0.00216507
#999
-0.00497629
0.01663634
-0.00746064
0.00717902
6.647e-05
0.00500485
-0.0124591
-0.01366206
0.00495828
-0.00151571
0.00032597
0.00479711
-0.00526046
0.01383078
-0.00398159
-0.0001495
-0.00537981
#999
-0.0074189
0.00933669
0.00096943
-0.02887696
-0.00178452
-0.00948101
0.01132342
0.0100524
-0.00769707
0.00486429
-0.00515741
0.00483491
-0.00433479
-0.01302153
0.0009898
-0.00209742
-0.00165366
0.00707899
-0.01396547
0.00221902
0.00111756
-0.0012236
0.00314025
-0.00037111
-0.00236077
-0.01370258
-0.00219126
-0.00680456
0.00514932
0.00285139
0.00152655
0.0075253
0.00145133
0.00474985
-0.00628666
-0.00231605
0.00787148
0.00128218
-0.00121216
-0.00731304
-0.00315424
0.00971938
-0.01408155
0.00433663
-0.00966828
-0.00220624
0.01051372
0.00349029
-0.00402771
-0.00155852
-0.0108632
-0.00523646
0.00934685
0.01140569
0.00234079
-0.0016817
-0.01201303
0.0167468
-0.00275703
-0.00193769
0.00098843
0.00823846
0.00699885
-0.0064887
0.00626374
0.00821378
-0.00119033
0.00011391
-0.00233978
-0.00588135
0.00688114
0.00640385
0.00421769
0.00379505
-0.00430366
-0.01210594
0.00361525
-0.01097053
-0.00452778
-0.01307621
0.0048365
#999
-0.00046027
0.00552825
-0.00038804
-0.00752796
-0.00120345
-0.00943064
-0.00128365
-0.00623583
-0.00518966
0.01003655
9.013e-05
0.01394479
0.00678958
0.0004821
0.00421773
0.00558131
-0.00308805
-0.01066342
0.0044965
0.02490125
0.00053023
-0.00136165
-0.00481548
-0.01503928
#999
-0.00195943
0.01373451
0.00765406
0.00865995
-0.00306294
0.00875489
0.00529818
0.00116983
-0.00129911
#999
-0.00801038
-0.00814078
-0.00053061
0.00170527
-0.00337422
0.00835959
-0.00142604
-0.00834458
-0.01362532
0.00389239
-0.00566421
-0.01778214
-0.00558695
0.00121013
0.00855938
0.00344697
-0.00552991
0.01493708
0.00091579
-0.00609067
0.00126114
-0.00241391
-0.00222336
0.00737771
-0.00370505
#999
-0.01081281
0.00889062
0.01508027
0.01317304
-0.00625851
0.00209942
0.01068676
-0.00156544
0.00565312
0.00013791
-0.00987386
-0.0131195
0.00057167
-0.01414992
0.00377238
-0.01315252
-0.01379735
0.00666869
-0.00487015
0.0061287
0.0112845
0.01010475
0.02360942
0.00395505
-0.00275398
-0.00012625
-0.00091561
-0.00217151
0.00535728
-0.01194243
-0.01062085
-0.00268602
-0.00972431
-0.00376473
-0.00424919
0.01288164
0.0034158
-0.00108656
0.00336437
0.00805064
-0.01044298
0.00078371
