0  4.852235  5.793104
1  5.793104  6.7198243
2  6.7198243  7.635474
3  7.635474  8.543133
4  8.543133  9.445878
5  9.445878  10.34679
6  10.34679  11.248947
7  11.248947  12.337515
8  12.337515  13.437628
9  13.437628  14.554605
10  14.554605  15.691863
11  15.691863  16.847704
12  16.847704  18.019577
13  18.019577  19.20493
14  19.20493  20.601608
15  20.601608  22.015196
16  22.015196  23.455593
17  23.455593  24.93328
18  24.93328  26.458738
19  26.458738  28.042446
20  28.042446  29.937168
21  29.937168  31.937305
22  31.937305  33.97519
23  33.97519  35.462452
24  35.462452  36.90719
25  36.90719  38.562202
26  38.562202  40.247288
27  40.247288  41.961014
28  41.961014  43.701965
29  43.701965  45.66655
30  45.66655  47.661026
31  47.661026  49.683453
32  49.683453  51.73187
33  51.73187  54.012814
34  54.012814  56.32025
35  56.32025  58.651577
36  58.651577  61.004196
37  61.004196  63.59192
38  63.59192  66.19852
39  66.19852  68.82061
40  68.82061  71.67478
41  71.67478  74.5389
42  74.5389  77.40867
43  77.40867  80.500595
44  80.500595  83.58901
45  83.58901  86.67232
46  86.67232  89.970985
47  89.970985  93.26555
48  93.26555  96.55694
49  96.55694  100.06531
50  100.06531  103.57227
51  103.57227  107.07898
52  107.07898  110.80583
53  110.80583  114.535034
54  114.535034  118.48768
55  118.48768  122.44612
56  122.44612  126.63196
57  126.63196  130.82558
58  130.82558  135.24828
59  135.24828  139.67947
60  139.67947  144.11913
61  144.11913  148.7898
62  148.7898  153.46964
63  153.46964  158.3821
64  158.3821  163.52847
65  163.52847  168.68561
66  168.68561  174.07832
67  174.07832  179.48256
68  179.48256  185.1241
69  185.1241  190.77791
70  190.77791  196.67076
71  196.67076  202.80402
72  202.80402  208.95117
73  208.95117  215.34052
74  215.34052  221.97345
75  221.97345  228.62189
76  228.62189  235.5157
77  235.5157  242.65633
78  242.65633  250.0452
79  250.0452  257.452
80  257.452  265.10883
81  265.10883  273.0171
82  273.0171  281.17825
83  281.17825  289.35965
84  289.35965  297.79562
85  297.79562  306.48755
86  306.48755  315.43683
87  315.43683  324.6448
88  324.6448  334.11288
89  334.11288  343.84238
90  343.84238  353.83456
91  353.83456  364.09073
92  364.09073  374.61212
93  374.61212  385.3999
94  385.3999  396.45526
95  396.45526  407.77924
96  407.77924  419.3729
97  419.3729  431.4796
98  431.4796  443.85907
99  443.85907  456.5121
100  456.5121  469.4394
101  469.4394  482.6416
102  482.6416  496.3646
103  496.3646  510.36456
104  510.36456  524.64185
105  524.64185  539.44354
106  539.44354  554.5238
107  554.5238  570.13043
108  570.13043  586.0161
109  586.0161  602.42926
110  602.42926  619.1212
111  619.1212  636.34076
112  636.34076  654.088
113  654.088  672.1121
114  672.1121  690.66223
115  690.66223  709.73737
116  709.73737  729.336
117  729.336  749.4562
118  749.4562  769.8436
119  769.8436  790.74695
120  790.74695  812.16254
121  812.16254  834.08636
122  834.08636  856.5138
123  856.5138  879.69116
124  879.69116  903.3602
125  903.3602  939.0787
126  939.0787  975.98804
127  975.98804  2000.0
