#Number of photons observed douring the burst: 26700
#Average flux [c/s]: 1134.625191228965
#Average variability: 0.050137486766472
#GRBbn240220469 temporal parameters: 
#                                   T_detection(MET)= 730120528.966366 s
#                                   T_start= 2.9040000000000004 s
#                                   T_end= 26.436 s
#                                   CCF campionation= 1e-4 s
#                                   Fit amplitude= 0.175 s
#                                   Used detector= 4 GBM
#                                   Variable bin size= 10 ph/bin
-0.00863941
0.05348566
0.02248055
-0.00544781
0.02554027
-0.0148914
0.01470873
0.01591139
0.02048442
-0.01602513
0.01720794
0.01751027
-0.01641716
0.05248051
0.01342654
0.01093664
-0.00382229
0.06391004
0.01473014
-0.01632786
-0.02527229
-0.00170058
0.01183643
-0.02491993
-0.01717429
0.01420568
0.02218108
0.01360025
0.00648668
0.02866848
-0.02265526
0.0171209
0.01139762
0.01995258
-0.00522969
-0.03604138
0.00783639
-0.00746887
0.02849291
0.00475626
0.04792645
0.02395309
-0.00711295
-0.0038812
-0.02749419
-0.0323251
0.02127141
-0.11725069
0.02561642
-0.01103741
0.01659532
-0.00808278
0.0499346
-0.00236879
-0.00459598
0.01931525
0.0133876
-0.03222624
0.05139852
0.01814138
-0.02307748
-0.00970766
-0.01389574
-0.00498304
-0.00684321
0.05054168
0.02278068
-0.03917994
-0.02490533
-0.00651642
0.03524495
0.02318572
0.00035974
0.00378067
-0.03080623
0.00524862
-0.01093458
0.01301013
-0.01283496
-0.00279585
0.00161642
-0.00066508
-0.0093233
0.01326434
0.0321371
0.01263924
0.00657686
-0.00373668
-0.00368903
0.00318366
0.00470418
-0.03132921
-0.01201398
0.00330873
-0.00506458
0.01585679
0.02226497
-0.01892949
0.00986561
-0.01787026
-0.03144602
-0.01805066
0.02588931
0.0205046
0.00490011
-0.00110968
0.02017137
0.02619521
-0.00431027
0.01745586
0.01033878
-0.03276696
0.00358572
0.00255135
-0.01322065
0.04228583
0.0380785
-0.00107833
-0.01345154
-0.00190064
-0.00507532
-0.02092197
-0.00799131
0.01588133
0.00671648
0.01984167
-0.02635655
0.01110801
-0.00790779
0.02533558
0.04982466
0.02542797
-0.0174488
-0.02716052
0.00721768
-0.03462695
0.02834649
-0.004482
-0.00397944
-0.01316978
-0.04870074
0.01924307
0.02339653
0.00598756
0.01808328
-0.00624401
0.01497306
-0.00512243
0.02911589
0.00515569
0.00507362
0.00607612
-0.02305086
-0.00207888
0.01146066
0.00621278
0.00958394
-0.00785945
0.002526
-0.13207648
0.01363764
0.02411634
-0.01024795
-0.03024675
0.00723414
-0.01804553
0.01601203
-0.01430482
0.01408146
0.01838661
-0.00069303
0.01362339
-0.01697896
-0.01497126
-0.01761508
-0.00273656
-0.01036325
-0.00094025
-0.03106998
-0.0018238
0.00604302
-0.00556643
0.00144666
0.00664095
0.02723563
-0.02215903
-0.02170718
0.01964786
-0.00746471
0.0481452
-0.01463265
-0.00488004
-0.02310121
0.00052793
-0.01855946
0.00629506
0.00551662
-0.02166407
0.00554582
0.02812951
0.02375991
0.00100155
-0.01665503
0.00414112
0.00079074
-0.01208336
-0.00678515
-0.02874486
0.02323422
-0.02956424
0.02308598
-0.00511754
-0.00059367
-0.03012584
-0.04120995
-0.00828234
0.00656614
-0.00753449
0.00365112
-0.02966852
0.04230634
0.00853418
-0.03933946
0.00833859
-0.01531666
-0.01542521
-0.00502096
-0.02425574
0.01499507
0.00565036
-0.0263346
0.02141613
0.00175951
0.03033913
0.01532296
-0.007387
0.00868556
-0.01004203
0.01408286
-0.01641872
-0.03609628
0.02889087
-0.03742428
-0.00933659
0.00343251
0.02172948
-0.03002337
0.01022801
-0.01002527
-0.0062088
-0.00264916
-0.01483415
0.0040459
0.00321958
0.03035225
0.03174938
0.01548126
0.03136423
-0.03074358
0.01570151
-0.01122181
-0.00610388
-0.02483094
-0.01740608
0.01254974
-0.00983242
0.01659732
0.00546775
0.00816678
0.03161933
0.00079234
0.01368357
0.0225955
0.00868186
0.04725081
-0.02422132
0.00177839
0.00380529
0.02321181
0.02112566
0.00860855
0.01267193
-0.00032458
-0.02707015
-0.03310713
0.03045834
0.00907226
0.02730163
0.02622996
0.02865574
0.01695201
0.03030951
-0.03953874
-0.01019529
-0.00675245
0.03362788
0.02533321
0.01802104
0.11201882
-0.02507224
0.0065328
-0.01224341
-0.01662859
0.00436576
-0.02481869
0.01092046
-0.03244868
-0.02672165
-0.0261627
0.02610823
-0.03553905
-0.00258209
0.0004929
0.02990612
-0.00930342
0.00677269
-0.00373645
-0.00557194
0.13468531
-0.01143796
0.0354248
0.01258807
0.01164692
-0.00858117
-0.01654305
-0.02015001
-0.05376494
-0.02849008
0.01879453
0.03130079
-0.00450268
0.0233882
-0.00830682
0.01304186
0.0240261
-0.02727217
0.04517294
0.00839154
-0.01176013
-0.00650159
-0.00228778
-0.00356243
0.02172579
0.0103645
0.013307
0.01467379
-0.01701249
0.00861434
0.0119575
-0.02949245
-0.01912005
-0.00811617
-0.04031964
0.03243901
0.01583496
0.00218944
0.00432187
-0.00781779
-0.01607787
0.03466042
0.0200312
-0.00049568
0.002513
0.00599344
0.12651758
-0.01782345
0.03797229
0.02730837
-0.01194333
0.01871894
-0.02939716
-0.0062256
0.01252815
-0.03694787
-0.00047831
-0.01671644
0.12639919
-0.00342053
-0.02078289
0.02633866
-0.02069719
-0.04670292
0.12706723
0.03002157
-0.01132466
-0.03030828
-0.01858648
-0.00637995
-0.02829196
-0.03412679
-0.00140994
0.01362337
-0.0108701
-0.01204163
-0.02166961
0.01588225
-0.04577241
0.03230227
0.01096949
-0.01789459
-0.02180562
-0.01532372
0.01115016
-0.02284744
-0.01680055
0.02273797
-0.00483471
0.00366006
0.02076576
-0.00608693
-0.02471479
0.0176044
-0.034965
-0.01518018
0.02119975
0.01360437
0.00384826
-0.03684952
-0.03044794
0.00935423
-0.0086686
-0.01319874
0.00988876
0.12642074
-0.01704662
0.04083178
-0.00262297
0.0218358
-0.13133367
0.03472703
0.00515992
0.14553379
0.022391
-0.01846803
-0.02095137
0.03491638
-0.01333949
-0.00876525
-0.02496623
0.00734606
-0.03174091
-0.00596809
-0.0358269
0.01549314
0.01351205
0.01737207
-0.04400872
-0.01767252
-0.02550032
0.00057222
0.02018316
-0.00610013
-0.00509423
0.0093152
0.03480524
0.0358176
0.05571431
0.00999766
0.03553899
-0.01113898
-0.01406025
0.00218057
-0.01595684
0.06395232
0.00919698
0.01520736
0.00096988
-0.01353639
0.02454341
0.03163786
-0.038624
-0.01722355
-0.00415728
-0.00714207
0.00892753
0.0065316
-0.00108425
0.03824099
-0.04706727
-0.00778384
-0.00591685
-0.05831542
0.00373646
-0.0010812
0.01862988
0.04103102
0.01086947
-0.02814311
-0.02596175
0.01186291
-0.0185182
0.00243968
-0.00512331
0.02907414
0.03824411
0.00424055
-0.01057783
0.03017041
0.00619753
0.00709174
-0.01330168
0.04560121
-0.0171447
-0.02054732
0.00163152
-0.02634123
-0.00581483
0.02733686
0.00782876
0.00912991
-0.00166453
-0.01811713
-0.04802722
0.0186413
-0.00987059
-0.01272195
0.04930808
0.00759779
0.01152638
-0.00230511
-0.00199875
0.01837621
-0.00261207
-0.01341624
-0.00174374
0.00912487
0.01338684
-0.04060651
0.01504456
0.00230014
0.00729205
0.0196431
0.03014452
-0.00365733
0.01528495
-0.01569805
0.02728476
0.00592638
0.01446113
-0.02020808
0.01985583
0.02762044
0.01920199
-0.04385659
-0.03388185
-0.01321768
0.01199361
0.0362888
0.01716973
0.02222496
-0.01867474
0.00564564
-0.0138605
-0.01784532
-0.00298559
-0.00750072
-0.05355965
-0.01335686
0.02116531
-0.00996465
0.02615413
0.0418718
0.01509672
0.01302548
-0.01501993
0.00109193
-0.0022241
-0.00705023
-0.01703947
0.02105676
0.05927629
0.00658322
0.02097101
-0.01957955
-0.01840452
-0.01608303
-0.00014994
-0.00580802
-0.03320608
0.0098592
-0.03540155
-0.0172841
0.00823474
0.00965239
-0.00073757
0.00903389
-0.03197947
0.03443514
-0.00998924
0.002946
0.01216461
-0.0159339
-0.01430016
0.00552678
0.01734216
0.00806922
0.00678571
0.00643346
-0.01290475
-0.00996936
0.13267281
-0.0033776
0.00454694
-0.01980283
0.01438628
0.04310287
0.03532152
-0.03552292
0.02932571
-0.01126303
0.02179273
0.00052098
0.00511132
0.01226335
-0.00043125
-0.0201818
-0.00985439
0.02353088
-0.01074119
-0.03046364
-0.01002572
-0.01233642
0.00908737
-0.00557635
0.01184472
0.02753373
-0.00424137
-0.00830572
-0.01376103
-0.01205543
-0.02342762
-0.00781183
0.00621259
0.00270384
0.00026232
-0.01588324
-0.01372013
0.00137599
-0.03884824
0.00620408
-0.02170576
0.01904184
-0.05496658
-0.10733503
0.00285922
-0.01170988
0.01583845
0.02260365
0.03885316
-0.00438765
0.05004749
-0.00456539
0.00472518
0.01563207
-0.01034709
-0.01846163
-0.00300399
0.00845796
0.01189028
-0.00292843
-0.0195412
0.00718506
-0.03302778
-0.00969643
0.01972751
-0.04399022
-0.007476
-0.03029303
-0.01021902
0.13698702
-0.00163005
-0.01860302
-0.02247371
-0.00957253
-0.00555859
0.02845245
0.0006797
-0.01029368
-0.00375603
0.00430987
0.02203888
0.01501153
0.032486
0.00491415
0.01002507
-0.01331519
0.02888368
0.01482391
0.01851626
0.00418647
0.02913845
-0.01298534
-0.00659853
0.01007043
-0.00400168
-0.0056355
-0.02247511
0.01252533
0.02195385
0.01236852
-0.01378582
0.00130655
0.0263563
0.04333217
0.00631277
0.00264466
0.026993
0.02239778
-0.00558138
-0.02809582
-0.03704116
-0.00075345
0.03274301
-0.02056982
0.0010257
0.02599606
0.00898392
0.00844897
-0.00576907
-0.03506768
0.01313661
0.01985458
0.00176432
0.00583168
0.00809835
0.01549531
0.00105325
0.12265621
-0.00812627
-0.04387392
0.00804892
0.00773872
0.01313612
0.01504174
0.00971789
-0.03275688
0.0096492
0.00477618
0.02612219
0.03054576
0.00649706
-0.00469415
-0.01102546
-0.0043404
-0.00844871
-0.04169731
0.03677848
0.00609235
-0.002735
-0.01784734
0.01801201
0.02368956
0.01595746
0.05319399
0.00714928
-0.00459387
-0.01634148
-0.0070156
0.00979566
-0.02331616
-0.01849248
0.00130337
0.00160477
0.02765495
-0.1193415
0.01820281
-0.12069223
0.02619215
0.02005724
-0.02095736
0.01279107
0.00420429
-0.0070776
-0.01176216
-0.00203938
0.03043164
0.02677612
0.0074656
-0.00116132
0.01541275
0.00364434
0.02096253
0.00136761
0.00616804
0.00137353
-0.02599215
0.00435565
-0.00534085
-0.01047728
-0.03767319
0.01798389
-0.02418857
-0.04807588
0.00580935
0.13436933
0.02151881
-0.02497466
0.01114933
-0.01548748
-0.00674205
0.00494964
-0.00836427
0.03071292
0.00906051
0.02649393
0.01956976
-0.00734832
0.01946427
-0.00592761
-0.0231675
0.00908066
-0.00275985
-0.01145619
-0.01136807
-0.03041022
0.03945218
0.01975332
0.02935197
0.02968917
-0.00252255
-0.00320654
-0.03374123
0.00773474
0.01710837
-0.02636112
-0.01334058
-0.03790167
-0.00194076
-0.00892673
0.00175224
0.01323279
0.00200178
0.00153759
0.04032314
-0.01541994
-0.02770633
-0.02639071
0.02273764
0.01418426
0.03366978
-0.00908968
-0.01814314
0.0189876
-0.04468342
0.01380576
-0.00296661
-0.0031244
0.00626348
-0.02851029
0.03907574
-0.04541344
-0.021114
0.00320584
-0.00984558
-0.03033179
-0.01040375
-0.00128663
-0.0174784
-0.00295782
-0.03738564
0.01137363
0.01264818
0.02266011
0.02261186
-0.00456507
-0.02922432
-0.00191988
0.00114124
0.02252461
-0.00355248
-0.02021696
0.05167667
-0.01743942
-0.02504041
0.02187889
0.01940306
-0.02490159
0.0035558
-0.00653547
0.13597453
-0.03705465
-0.03016344
0.01973421
0.00614075
-0.01889856
-0.01255663
-0.01956575
0.0097114
-0.01244495
0.00779046
-0.01996587
0.03290313
-0.02036709
-0.03187536
-0.02237534
-0.02896334
0.02151242
-0.00822785
-0.02390221
-0.02111767
0.01551383
-0.0098958
0.03329945
-0.06541168
-0.04893637
0.02072994
-0.00406948
0.01061623
0.03586124
0.01668933
0.04103433
-0.00992756
-0.03396042
-0.00847648
0.01003313
0.00481295
-0.03844128
-0.00702087
-0.01230662
0.00010768
0.04412572
-0.0159056
-0.01644518
-0.00154954
-0.03393242
0.0009419
0.00676825
0.01625364
-0.02933324
-0.03765487
0.01482632
-0.00598539
-0.01671278
-0.04538386
0.00249326
0.02333675
0.02477722
0.01422125
-0.00424456
-0.01520159
-0.00711847
-0.00506801
-0.01580052
-0.00107316
-0.02452615
-0.00807447
0.01522434
-0.01006243
0.01305767
-0.01447267
-0.01839189
0.00781635
0.02952468
0.00695988
-0.06782651
0.00199487
0.01429312
0.15168549
0.00601103
0.02117161
0.02725937
0.0220647
-0.00058162
0.01242386
0.00634512
0.01875005
-0.03684856
-0.03335059
-0.00571366
0.00773496
-0.0420466
-0.02923186
-0.01579347
-0.01360645
0.02102229
-0.03530695
0.03642967
0.01157232
-0.05325472
-0.02006837
-0.00091823
-0.02978072
-0.02972678
-0.00246708
-0.00568448
0.04400763
0.006734
0.02790999
0.01097701
-0.01986104
0.02574962
0.01852741
0.01145979
-0.01125948
0.0165613
0.02544851
0.01162752
-0.02919953
0.01813601
0.03462089
