0  4.233729  5.1746864
1  5.1746864  6.0905523
2  6.0905523  6.98592
3  6.98592  7.865383
4  7.865383  8.733535
5  8.733535  9.594968
6  9.594968  10.454277
7  10.454277  11.489111
8  11.489111  12.535438
9  12.535438  13.601194
10  13.601194  14.6942835
11  14.6942835  15.818029
12  15.818029  16.966637
13  16.966637  18.133232
14  18.133232  19.507822
15  19.507822  20.887411
16  20.887411  22.275204
17  22.275204  23.685507
18  23.685507  25.132975
19  25.132975  26.632256
20  26.632256  28.427954
21  28.427954  30.332329
22  30.332329  32.36725
23  32.36725  34.330555
24  34.330555  35.756786
25  35.756786  37.375767
26  37.375767  39.03049
27  39.03049  40.7192
28  40.7192  42.440136
29  42.440136  44.387943
30  44.387943  46.370956
31  46.370956  48.38676
32  48.38676  50.432938
33  50.432938  52.715942
34  52.715942  55.029575
35  55.029575  57.37062
36  57.37062  59.735874
37  59.735874  62.339985
38  62.339985  64.964905
39  64.964905  67.60648
40  67.60648  70.48213
41  70.48213  73.367134
42  73.367134  76.25618
43  76.25618  79.3659
44  79.3659  82.46757
45  82.46757  85.5572
46  85.5572  88.855125
47  88.855125  92.1419
48  92.1419  95.41923
49  95.41923  98.90655
50  98.90655  102.38712
51  102.38712  105.86301
52  105.86301  109.55332
53  109.55332  113.24315
54  113.24315  117.15225
55  117.15225  121.06654
56  121.06654  125.20675
57  125.20675  129.35634
58  129.35634  133.7344
59  133.7344  138.12273
60  138.12273  142.52124
61  142.52124  147.15057
62  147.15057  151.79097
63  151.79097  156.66414
64  156.66414  161.77159
65  161.77159  166.89201
66  166.89201  172.24878
67  172.24878  177.61943
68  177.61943  183.22847
69  183.22847  188.8523
70  188.8523  194.71661
71  194.71661  200.82309
72  200.82309  206.94629
73  206.94629  213.31377
74  213.31377  219.92722
75  219.92722  226.55934
76  226.55934  233.43958
77  233.43958  240.56964
78  240.56964  247.9513
79  247.9513  255.35455
80  255.35455  263.0115
81  263.0115  270.92386
82  270.92386  279.09335
83  279.09335  287.28723
84  287.28723  295.7403
85  295.7403  304.45416
86  304.45416  313.43054
87  313.43054  322.67108
88  322.67108  332.1774
89  332.1774  341.95108
90  341.95108  351.99368
91  351.99368  362.30676
92  362.30676  372.89175
93  372.89175  383.7501
94  383.7501  394.88318
95  394.88318  406.29227
96  406.29227  417.9786
97  417.9786  430.18793
98  430.18793  442.67816
99  442.67816  455.45023
100  455.45023  468.50504
101  468.50504  481.84332
102  481.84332  495.71375
103  495.71375  509.8701
104  509.8701  524.3127
105  524.3127  539.2917
106  539.2917  554.5584
107  554.5584  570.3638
108  570.3638  586.4574
109  586.4574  603.09094
110  603.09094  620.0123
111  620.0123  637.4737
112  637.4737  655.47504
113  655.47504  673.7617
114  673.7617  692.5863
115  692.5863  711.9474
116  711.9474  731.8431
117  731.8431  752.27106
118  752.27106  772.9725
119  772.9725  794.199
120  794.199  815.9462
121  815.9462  838.2093
122  838.2093  860.9823
123  860.9823  884.51434
124  884.51434  908.54175
125  908.54175  944.7909
126  944.7909  982.2319
127  982.2319  2000.0
