#Number of photons observed douring the burst: 128515
#Average flux [c/s]: 1294.4180331171185
#Average variability: 0.010017797224476424
#GRBbn220124074 temporal parameters: 
#                                   T_detection(MET)= 664681625.031886 s
#                                   T_start= -25.628 s
#                                   T_end= 73.656 s
#                                   CCF campionation= 1e-4 s
#                                   Fit amplitude= 15.0 s
#                                   Used detector= 0 GBM
#                                   Variable bin size= 10 ph/bin
1.74040263
-0.8877569
0.27514799
5.55726953
2.02307292
-1.96586471
-1.3941725
-0.48791271
1.36779509
2.18682925
2.45713214
-0.27068517
-2.80224223
-1.57533698
1.62590314
-2.75835237
-2.60607102
-0.14702412
3.20013146
-0.24580537
-2.21863945
-1.73525504
-0.65696265
-0.04839536
-0.90336406
-3.44642827
0.94051921
0.6220945
-0.44862293
1.33006879
1.56156369
-1.03835765
0.08810706
0.22349747
1.09622069
2.37885399
-0.20180303
0.64953613
-0.07152111
1.70854501
-1.36974262
-2.33571087
-1.41951793
1.40032962
-1.37702772
0.97003688
0.10492488
-1.10204741
-0.24868892
-2.98902731
1.4068096
-0.56553889
1.9841442
0.92871455
-1.75609598
2.07363117
1.50377846
0.44710631
-3.71683923
0.11470064
-0.31513359
-1.50312712
1.78902383
-4.25046007
1.70671669
-0.29751328
-0.26726196
1.09821709
1.21625932
2.40310375
-2.47079115
0.40352975
-0.78161664
-3.69862621
0.22752423
5.52110791
-0.93652582
-1.56239645
-1.4029528
-2.55116786
1.28558349
-2.98759824
-1.47584131
-0.37185548
0.12634273
-0.75589402
1.70925354
1.33464248
-2.79327454
1.62403912
-3.71443991
2.39135509
-1.05598018
1.02281141
0.248398
-0.49762471
2.63273949
1.817093
-1.25375018
1.30786208
-0.23729723
-2.22603062
0.85243108
1.14861519
-1.52231151
2.82047319
3.84739215
2.61741524
1.34109327
4.16799659
-1.02895705
0.44520199
2.74255921
-0.20893426
-2.53045023
-1.71989454
-3.58080426
-0.21238934
-1.04880073
1.80759805
0.87738521
0.45128796
-2.99348282
-1.9591116
-1.47637563
2.40997502
-1.46724621
-6.41862742
-1.44897122
0.26134312
-1.07583762
0.67290355
3.01966285
-1.28700104
1.45156579
-2.71050463
1.24893466
-0.92999532
-0.53778358
3.25008392
-3.50635129
-0.36104769
3.14437436
1.7086558
2.1814832
0.39030715
0.76084852
1.47610576
0.76212833
1.96020339
-4.27201796
-1.87410999
2.16846481
3.03072596
-0.06463708
1.22113619
-3.04819815
-2.81470751
-2.26521365
2.7165711
0.29900672
2.06921657
2.17634707
0.33744444
1.4166423
-1.33054489
-1.87309689
-0.03233812
1.11760462
-2.56757894
1.03719754
-1.74703051
-1.88356378
-0.50421057
0.9867521
-1.40561278
-0.8810358
0.71543897
-1.6457713
-3.41250506
1.82247929
0.37622825
4.82577677
-1.70429602
-2.37833278
-2.77858617
0.99616731
-1.63316612
2.35441769
-0.97482793
-2.64155905
0.08957989
2.29927495
2.3367191
1.53425557
1.15189622
0.85395522
-0.59113215
0.9759889
2.19832
1.33140641
0.87185994
-1.87285179
0.5407768
-0.40083817
-4.18139159
-0.67597435
-0.28737827
-0.94896198
-3.10582763
-1.65700927
-1.33799581
3.43492795
1.45949645
0.86528433
1.50461915
1.28401238
2.31189895
0.9376514
0.70014035
-0.30862626
0.48760146
-2.41235591
1.33630174
0.98219896
-0.03034526
0.84094408
1.55598693
5.45296117
-1.07394609
-0.17841269
-2.37161324
-5.22201331
0.83340186
-0.88337021
1.33162091
3.17158533
-0.35870558
-1.75945833
1.376294
-1.86074422
-0.00592971
3.04358789
-5.47317132
0.92586283
2.08335246
3.8042516
0.19342666
-1.29285758
-2.55206437
-2.63036655
-1.59192711
-0.54401052
-1.30054785
-3.14144904
-2.54699896
-0.10447701
-1.48583214
-1.99663895
-0.46398366
0.80000769
-0.72025201
-0.74065777
-0.56563101
0.95302318
-0.55628494
-0.86664282
-0.69440704
-1.40629016
2.84082892
-0.2143717
1.60707453
0.13290574
3.94062534
3.32556813
0.26843708
-0.61369296
0.5129942
-1.48797787
-2.46118864
3.62217608
-0.71063604
3.07426021
2.12435405
4.71948892
-0.79116759
-0.27397639
1.39479822
2.43447442
-0.02188017
0.55268474
-3.63752351
-0.50673467
-0.93588476
1.52401597
1.4282628
-3.24488472
0.41969123
0.05551246
1.35365298
-0.66936564
-2.74656756
-0.84291689
-0.79339084
1.70701635
2.35090052
-0.71817383
2.00380216
1.28425743
-2.51906817
0.44774009
-0.39909321
2.83770886
0.03543857
1.03437466
0.96880803
2.44760714
-0.1761661
0.52973357
1.41343771
4.02495765
-0.10383739
1.37428713
0.67454022
-1.786746
0.68498262
-1.20538294
0.51338032
-0.56361135
-0.17129632
-2.26626514
-1.11786801
-4.07727276
0.23423434
-0.15034327
1.22857292
1.27308431
4.20236208
-0.88672388
1.63908545
-0.8055373
-0.64220142
1.77288055
-0.21834088
-1.99643958
1.57250986
0.04901515
-1.59671377
-1.84036559
-0.28046693
1.78762098
0.71180392
-2.36086126
-1.19213443
-2.85676213
3.42360462
-1.69713234
0.44441796
2.33611083
-0.04742898
-1.35847102
0.9538649
-1.66318624
-0.91415631
-0.23283139
-0.39319623
-1.55259509
0.19164367
1.65375635
1.65940788
0.62675541
-1.51852629
3.07588105
1.13744054
-0.11784721
-0.43310999
-1.60173671
1.56041551
-2.74954875
-1.71723717
-13.13308511
2.53175345
-0.70184076
0.76060838
1.798862
-2.41632513
-1.09833781
1.52051566
-1.49292149
-3.24609403
-1.14559703
-1.94468205
-0.41946176
-2.95194345
0.9843719
-1.28386491
-1.72791609
0.14305808
-3.05912583
0.5400915
-2.16768615
0.11488511
0.10910481
-0.85149675
-1.16652456
-0.36581059
1.33044032
-3.35537639
2.52559482
0.00156369
0.55977483
-1.63205513
1.47002061
1.89920377
-3.28779393
0.64907767
2.37266701
-0.46143893
3.26434502
2.00049716
-2.00797518
0.43307392
6.13459148
-1.82527538
-0.9393728
1.91471126
2.88197237
-1.95196287
2.35037064
0.17269403
1.34333121
-2.58080806
-2.3586456
1.57089467
-1.58894199
1.47296726
0.34172175
1.22685556
0.07653467
-1.94940905
-0.19678076
-0.39624085
-2.40575895
-0.85740292
-1.06243966
1.43959449
0.93546095
3.11258539
-0.79667196
3.83047646
-1.28103997
-0.19664246
1.90924145
-0.86866146
-2.20690236
1.94783522
1.99643554
0.31024749
3.1023941
1.38336053
-0.60915949
-2.21713737
-1.374958
-1.67833046
-0.59653513
2.47317194
1.81984828
0.67375165
0.02063085
-3.74802611
1.93540622
0.24295057
1.65753255
-1.01266574
-0.67803624
3.14817288
2.12626701
-0.9959842
-0.13320993
-0.57857885
-0.19074754
3.94687296
-1.35859269
-1.08250168
2.22261243
0.05211159
-0.05847643
0.09306371
-1.60915651
1.19757326
-0.78870227
-0.65502525
0.93923907
0.25071759
0.81481407
4.51708758
0.77849624
0.83671482
4.95042536
-0.33157624
-2.78909986
0.6921329
1.75782335
1.73706793
0.1076769
3.4305566
2.10982976
0.85826432
-0.36611841
-0.91011103
-0.41599953
2.30320187
0.1462721
-0.20346181
0.72124491
-1.24908299
-1.51631614
-3.69990001
3.24387501
1.71325605
-1.74311735
-12.94984378
-0.03761075
-1.51068226
-1.34563493
0.91403265
-4.34670654
-0.38480702
-2.61291334
-1.20357967
-3.62197654
-2.96845943
-4.33643091
-0.48007812
-1.63151672
-2.76600252
0.96810222
3.60943153
-1.42116799
3.02636903
-1.50164963
0.85313653
-1.20450758
-2.34769265
-2.93044932
-0.22627982
0.93474003
-0.64992994
-0.75901401
3.25448143
2.02676101
4.0394738
2.59996342
1.76678449
3.48688903
0.23407685
-1.32860459
0.32566447
3.93626198
0.86675363
2.59083564
-1.37926707
-0.97477303
0.69334558
1.56578903
-0.66384126
-1.2565035
2.00736725
-0.18487682
-2.75034071
-1.08055632
-3.69001865
2.31708171
-1.02766579
0.4661963
1.32345569
3.35930045
0.73852005
-0.85242846
0.05417255
-0.58767796
1.43548507
-1.40950695
-2.49704174
1.78475272
-0.46311466
-1.07041499
2.1233859
0.16990688
0.41171486
1.11633508
-1.6106137
1.56549644
-2.34679293
-1.46081165
0.66176276
0.88281428
2.62599167
0.73081813
-2.08251106
1.81414263
-1.27472592
2.24942021
-0.55243127
-0.71251084
-0.98584033
-1.08333165
-2.39996255
0.00332146
0.4021884
0.36417332
1.24821446
-2.58284813
3.58168767
-0.14959281
-0.81939719
-2.47752892
-3.09710865
0.95638075
-1.77073613
0.4248389
0.25778866
-0.247764
-1.04069099
-2.72897354
2.7704281
-0.93517288
2.54190328
-0.17687809
-1.89442142
2.94306348
-4.51033477
0.6567522
4.89940895
-1.13622639
-0.10142284
-2.05146406
-0.18246487
-0.31914858
-0.56298658
-3.51536281
1.64445194
-0.1957653
0.57698261
4.04087651
-2.15758242
-2.89314297
3.37966169
2.58952177
-0.09492834
-0.42207253
-0.21665128
2.5818526
-0.19026753
-1.52899842
-1.81156207
-4.0741566
-0.61302171
-1.14384883
1.54696879
0.55243304
2.48768725
-1.6315743
-4.13894163
-0.82730562
-0.78881382
-3.86881216
3.37402604
1.94608821
-0.5645347
0.60847345
-0.82358557
1.76375362
1.30523683
0.59735875
-1.87708081
0.72423186
-0.89823404
0.49579473
2.81534895
-2.78044027
1.33640112
-3.25480218
1.10485873
-1.07517935
-3.20406318
2.44410611
-3.14808524
-1.16934364
1.36558467
-1.35837507
0.3388449
-2.72949367
1.0390147
0.14056365
-1.01540615
0.08275611
-1.4949509
-0.6263954
2.5261752
-0.25507882
0.61420224
-1.67077423
0.30681018
-2.21311234
-3.27002538
-1.11346881
0.31808845
-3.94391986
1.91901307
1.02075738
0.18704847
-3.45528229
1.35502506
-2.93304169
-1.08284598
0.17254315
-1.66624217
1.15351289
2.05079254
-0.28235829
-1.20233371
0.50047241
2.1302107
0.59401136
1.74980216
-6.50862395
2.4459556
-3.33059329
-1.08471652
-0.02587365
0.92869828
-1.26096927
-0.75483469
-3.60787998
2.84607121
0.47940415
0.78424847
0.82143009
-3.68873592
2.14473757
1.97753818
1.77637884
-3.15752686
1.52062585
0.70123975
0.72597189
-2.89439411
4.86211258
5.94577966
-0.38494713
0.56307576
-2.66477523
0.03187288
1.49714377
0.81154917
0.16986436
-1.57716075
0.38884447
0.02388604
3.55257727
-2.63898577
1.36560264
-0.27591691
3.02065298
0.56967896
1.78119593
-0.28977537
0.92858283
-1.80992579
0.3909771
-0.487464
-0.67475028
-0.13150699
1.82929661
0.33667155
-2.02740234
1.29048175
-4.13664581
0.81338987
-0.44619384
1.79149724
3.53650119
0.05110697
2.66859325
1.53856972
3.30405381
-0.06658118
1.38326362
3.30744689
-1.5930187
0.07661118
-1.3654702
0.55965544
0.61769957
-0.27478137
2.09961455
0.78514247
4.59476962
1.85262396
-0.66439591
-0.42806997
1.45881259
-0.08579874
-1.54701974
-0.81520278
3.19514159
-2.44248669
2.12735702
-0.27390328
3.34348803
2.05884996
-1.52321862
2.92073651
-3.89011017
-0.32432209
0.29660596
0.01933826
2.02283111
-4.74029869
-3.06781649
1.93782517
0.20198915
1.55138458
-1.14276325
2.54060708
1.10522867
-0.47090164
-3.03611165
-1.51390675
2.58762553
2.05916395
-4.0019875
-1.41300788
-0.02706804
-3.34005488
-1.62362842
-2.45243483
-0.60855886
1.57959475
0.51308386
2.6426937
-1.69254651
0.0796289
-3.47872902
-1.090164
2.47947258
0.68434979
0.02753381
-0.12081344
0.19006315
-3.3318067
-0.11623325
2.83608927
1.7903028
2.76662171
-0.37542802
-2.35008715
-0.22937066
1.72564954
1.19142897
-0.86312013
-1.98748206
1.51200998
-1.48200545
1.20080281
-0.90169223
4.43830605
1.0852409
1.11785787
-1.98129475
3.21510583
2.31969035
3.09770362
0.77270763
2.18034838
4.03832659
1.62883622
-0.35459667
-0.11066253
-1.33330842
-0.95650447
-1.78096289
0.23647108
-3.09819931
-2.69540852
1.2037583
0.91150697
-2.55375602
-1.95054085
4.83261019
0.2187891
-3.0542863
0.82567551
0.65219878
-2.1550388
-2.92513114
0.16468164
3.86470814
1.11957
-2.6842666
-1.66649711
0.19683629
0.55564481
-1.21065654
-0.97914969
2.04018912
2.9710197
-1.46171193
1.46771565
-1.6813465
-2.18498209
2.30457499
0.71671373
1.22824859
1.17915458
1.18005485
-0.07816858
2.14641037
-0.72947894
0.97984549
-0.70390092
1.05796271
-0.34147439
-0.5672107
-2.41066596
-0.9672131
-2.00316921
0.76067358
-0.69602452
1.63535818
-1.17000797
-0.25017755
-2.64292123
0.99706676
1.32247539
-1.56880437
0.60619725
2.20032202
-3.7296996
2.00893732
-1.54680255
2.99303092
-0.62968079
0.15768335
-0.48684277
1.00533632
1.63799598
-3.52024538
2.6649167
3.26589072
3.47774387
0.41224698
0.83226088
0.89399908
0.97269708
-0.28645084
-2.84242857
-1.94821985
-0.12428533
-1.89220512
-1.58798486
4.91144887
-1.89845073
-0.45534195
1.55048663
-3.25908246
-0.49581366
0.97905886
1.1817345
-1.05171212
3.10743789
-1.57902203
1.02780359
-0.80702324
-2.69972935
0.00608957
2.67812345
1.52484912
1.66167991
-1.69552678
-1.12528957
2.23704998
-0.24854389
1.80890988
-2.11589462
-3.80807281
-1.12847867
2.19543719
-3.274888
0.12947791
2.42686098
0.26602824
2.83197804
3.56044189
-0.43673387
-2.0693931
1.2542545
-0.97735314
-1.06265105
